Running 60m test @ http://51.140.51.49:60/wrk2-api/post/compose
  2 threads and 1000 connections
  Thread calibration: mean lat.: 4369.954ms, rate sampling interval: 15425ms
  Thread calibration: mean lat.: 4667.805ms, rate sampling interval: 15867ms
  Thread Stats   Avg      Stdev     99%   +/- Stdev
    Latency    18.18m    12.33m   43.34m    64.75%
    Req/Sec   102.15     95.31   559.00     95.41%
  Latency Distribution (HdrHistogram - Recorded Latency)
 50.000%   15.62m 
 75.000%   28.33m 
 90.000%   36.46m 
 99.000%   43.34m 
 99.900%   46.24m 
 99.990%   47.64m 
 99.999%   48.34m 
100.000%   49.14m 

  Detailed Percentile spectrum:
       Value   Percentile   TotalCount 1/(1-Percentile)

     102.847     0.000000            1         1.00
  166592.511     0.100000        73664         1.11
  465567.743     0.200000       147600         1.25
  519831.551     0.300000       221091         1.43
  684720.127     0.400000       294738         1.67
  937426.943     0.500000       368335         2.00
 1105199.103     0.550000       405179         2.22
 1275068.415     0.600000       442018         2.50
 1439694.847     0.650000       478813         2.86
 1578106.879     0.700000       515753         3.33
 1699741.695     0.750000       552536         4.00
 1765801.983     0.775000       570816         4.44
 1842348.031     0.800000       589480         5.00
 1925185.535     0.825000       607677         5.71
 2010120.191     0.850000       626051         6.67
 2097151.999     0.875000       644627         8.00
 2142240.767     0.887500       653853         8.89
 2187329.535     0.900000       663101        10.00
 2231369.727     0.912500       672173        11.43
 2277507.071     0.925000       681486        13.33
 2323644.415     0.937500       690483        16.00
 2348810.239     0.943750       695197        17.78
 2373976.063     0.950000       699787        20.00
 2401239.039     0.956250       704453        22.86
 2430599.167     0.962500       709191        26.67
 2459959.295     0.968750       713785        32.00
 2474639.359     0.971875       715976        35.56
 2491416.575     0.975000       718292        40.00
 2508193.791     0.978125       720525        45.71
 2527068.159     0.981250       722744        53.33
 2550136.831     0.984375       725140        64.00
 2562719.743     0.985938       726290        71.11
 2575302.655     0.987500       727370        80.00
 2589982.719     0.989062       728517        91.43
 2606759.935     0.990625       729745       106.67
 2623537.151     0.992188       730815       128.00
 2634022.911     0.992969       731418       142.22
 2644508.671     0.993750       731943       160.00
 2657091.583     0.994531       732564       182.86
 2669674.495     0.995313       733104       213.33
 2684354.559     0.996094       733704       256.00
 2690646.015     0.996484       733928       284.44
 2701131.775     0.996875       734263       320.00
 2711617.535     0.997266       734551       365.71
 2722103.295     0.997656       734804       426.67
 2734686.207     0.998047       735077       512.00
 2743074.815     0.998242       735248       568.89
 2749366.271     0.998437       735383       640.00
 2757754.879     0.998633       735524       731.43
 2766143.487     0.998828       735661       853.33
 2776629.247     0.999023       735801      1024.00
 2780823.551     0.999121       735886      1137.78
 2785017.855     0.999219       735949      1280.00
 2791309.311     0.999316       736036      1462.86
 2795503.615     0.999414       736090      1706.67
 2803892.223     0.999512       736168      2048.00
 2808086.527     0.999561       736191      2275.56
 2816475.135     0.999609       736232      2560.00
 2822766.591     0.999658       736265      2925.71
 2829058.047     0.999707       736299      3413.33
 2837446.655     0.999756       736334      4096.00
 2839543.807     0.999780       736353      4551.11
 2843738.111     0.999805       736373      5120.00
 2847932.415     0.999829       736400      5851.43
 2850029.567     0.999854       736406      6826.67
 2856321.023     0.999878       736430      8192.00
 2858418.175     0.999890       736439      9102.22
 2860515.327     0.999902       736444     10240.00
 2864709.631     0.999915       736455     11702.86
 2868903.935     0.999927       736461     13653.33
 2875195.391     0.999939       736473     16384.00
 2875195.391     0.999945       736473     18204.44
 2879389.695     0.999951       736478     20480.00
 2883583.999     0.999957       736483     23405.71
 2887778.303     0.999963       736489     27306.67
 2889875.455     0.999969       736496     32768.00
 2889875.455     0.999973       736496     36408.89
 2889875.455     0.999976       736496     40960.00
 2891972.607     0.999979       736498     46811.43
 2894069.759     0.999982       736500     54613.33
 2898264.063     0.999985       736505     65536.00
 2898264.063     0.999986       736505     72817.78
 2898264.063     0.999988       736505     81920.00
 2900361.215     0.999989       736506     93622.86
 2904555.519     0.999991       736509    109226.67
 2904555.519     0.999992       736509    131072.00
 2904555.519     0.999993       736509    145635.56
 2904555.519     0.999994       736509    163840.00
 2906652.671     0.999995       736510    187245.71
 2906652.671     0.999995       736510    218453.33
 2912944.127     0.999996       736511    262144.00
 2912944.127     0.999997       736511    291271.11
 2912944.127     0.999997       736511    327680.00
 2936012.799     0.999997       736512    374491.43
 2936012.799     0.999998       736512    436906.67
 2936012.799     0.999998       736512    524288.00
 2936012.799     0.999998       736512    582542.22
 2936012.799     0.999998       736512    655360.00
 2948595.711     0.999999       736513    748982.86
 2948595.711     1.000000       736513          inf
#[Mean    =  1090546.096, StdDeviation   =   739811.359]
#[Max     =  2946498.560, Total count    =       736513]
#[Buckets =           27, SubBuckets     =         2048]
----------------------------------------------------------
  737651 requests in 60.00m, 168.69MB read
  Socket errors: connect 0, read 13735, write 84906, timeout 1559071
  Non-2xx or 3xx responses: 215144
Requests/sec:    204.89
Transfer/sec:     47.98KB
