Running 60m test @ http://51.140.51.49:60/wrk2-api/home-timeline/read
  2 threads and 1000 connections
  Thread calibration: mean lat.: 3121.773ms, rate sampling interval: 12451ms
  Thread calibration: mean lat.: 3206.370ms, rate sampling interval: 12681ms
  Thread Stats   Avg      Stdev     99%   +/- Stdev
    Latency    21.40m    12.84m   47.82m    57.27%
    Req/Sec   102.94     54.13   312.00     72.46%
  Latency Distribution (HdrHistogram - Recorded Latency)
 50.000%   18.84m 
 75.000%   32.37m 
 90.000%   40.51m 
 99.000%   47.82m 
 99.900%   50.33m 
 99.990%   51.35m 
 99.999%   52.08m 
100.000%   52.50m 

  Detailed Percentile spectrum:
       Value   Percentile   TotalCount 1/(1-Percentile)

    5017.599     0.000000            1         1.00
  471597.055     0.100000        74380         1.11
  506200.063     0.200000       148611         1.25
  689963.007     0.300000       222623         1.43
  774897.663     0.400000       296695         1.67
 1130364.927     0.500000       370961         2.00
 1308622.847     0.550000       408067         2.22
 1475346.431     0.600000       445204         2.50
 1625292.799     0.650000       482141         2.86
 1782579.199     0.700000       519377         3.33
 1941962.751     0.750000       556333         4.00
 2019557.375     0.775000       574880         4.44
 2098200.575     0.800000       593488         5.00
 2178940.927     0.825000       612251         5.71
 2258632.703     0.850000       630489         6.67
 2342518.783     0.875000       649106         8.00
 2386558.975     0.887500       658450         8.89
 2430599.167     0.900000       667907        10.00
 2474639.359     0.912500       677031        11.43
 2520776.703     0.925000       686195        13.33
 2571108.351     0.937500       695611        16.00
 2596274.175     0.943750       700118        17.78
 2623537.151     0.950000       704692        20.00
 2652897.279     0.956250       709316        22.86
 2684354.559     0.962500       714102        26.67
 2715811.839     0.968750       718586        32.00
 2732589.055     0.971875       720881        35.56
 2751463.423     0.975000       723214        40.00
 2772434.943     0.978125       725596        45.71
 2793406.463     0.981250       727813        53.33
 2816475.135     0.984375       730094        64.00
 2829058.047     0.985938       731235        71.11
 2843738.111     0.987500       732417        80.00
 2860515.327     0.989062       733648        91.43
 2877292.543     0.990625       734828       106.67
 2894069.759     0.992188       735889       128.00
 2904555.519     0.992969       736498       142.22
 2915041.279     0.993750       737106       160.00
 2925527.039     0.994531       737664       182.86
 2938109.951     0.995313       738288       213.33
 2950692.863     0.996094       738801       256.00
 2956984.319     0.996484       739064       284.44
 2965372.927     0.996875       739358       320.00
 2973761.535     0.997266       739648       365.71
 2984247.295     0.997656       739973       426.67
 2994733.055     0.998047       740271       512.00
 2998927.359     0.998242       740382       568.89
 3005218.815     0.998437       740551       640.00
 3009413.119     0.998633       740665       731.43
 3015704.575     0.998828       740831       853.33
 3019898.879     0.999023       740938      1024.00
 3024093.183     0.999121       741038      1137.78
 3028287.487     0.999219       741131      1280.00
 3030384.639     0.999316       741163      1462.86
 3036676.095     0.999414       741251      1706.67
 3040870.399     0.999512       741318      2048.00
 3042967.551     0.999561       741341      2275.56
 3047161.855     0.999609       741378      2560.00
 3051356.159     0.999658       741413      2925.71
 3055550.463     0.999707       741448      3413.33
 3059744.767     0.999756       741491      4096.00
 3061841.919     0.999780       741509      4551.11
 3063939.071     0.999805       741521      5120.00
 3068133.375     0.999829       741544      5851.43
 3072327.679     0.999854       741560      6826.67
 3076521.983     0.999878       741574      8192.00
 3078619.135     0.999890       741584      9102.22
 3080716.287     0.999902       741592     10240.00
 3084910.591     0.999915       741604     11702.86
 3087007.743     0.999927       741610     13653.33
 3091202.047     0.999939       741617     16384.00
 3093299.199     0.999945       741627     18204.44
 3093299.199     0.999951       741627     20480.00
 3095396.351     0.999957       741634     23405.71
 3095396.351     0.999963       741634     27306.67
 3101687.807     0.999969       741639     32768.00
 3103784.959     0.999973       741643     36408.89
 3103784.959     0.999976       741643     40960.00
 3107979.263     0.999979       741648     46811.43
 3107979.263     0.999982       741648     54613.33
 3114270.719     0.999985       741651     65536.00
 3114270.719     0.999986       741651     72817.78
 3118465.023     0.999988       741653     81920.00
 3124756.479     0.999989       741655     93622.86
 3124756.479     0.999991       741655    109226.67
 3128950.783     0.999992       741657    131072.00
 3128950.783     0.999993       741657    145635.56
 3128950.783     0.999994       741657    163840.00
 3131047.935     0.999995       741658    187245.71
 3131047.935     0.999995       741658    218453.33
 3137339.391     0.999996       741659    262144.00
 3137339.391     0.999997       741659    291271.11
 3137339.391     0.999997       741659    327680.00
 3147825.151     0.999997       741660    374491.43
 3147825.151     0.999998       741660    436906.67
 3147825.151     0.999998       741660    524288.00
 3147825.151     0.999998       741660    582542.22
 3147825.151     0.999998       741660    655360.00
 3149922.303     0.999999       741661    748982.86
 3149922.303     1.000000       741661          inf
#[Mean    =  1284281.195, StdDeviation   =   770128.934]
#[Max     =  3147825.152, Total count    =       741661]
#[Buckets =           27, SubBuckets     =         2048]
----------------------------------------------------------
  743532 requests in 60.00m, 6.89GB read
  Socket errors: connect 0, read 21918, write 107106, timeout 257762
  Non-2xx or 3xx responses: 191397
Requests/sec:    206.53
Transfer/sec:      1.96MB
