Running 60m test @ http://51.140.137.87:60
  2 threads and 1000 connections
  Thread calibration: mean lat.: 4365.722ms, rate sampling interval: 14663ms
  Thread calibration: mean lat.: 4399.521ms, rate sampling interval: 14589ms
  Thread Stats   Avg      Stdev     99%   +/- Stdev
    Latency    23.36m    11.32m   42.99m    60.15%
    Req/Sec   292.37     58.26   375.00     78.16%
  Latency Distribution (HdrHistogram - Recorded Latency)
 50.000%   23.68m 
 75.000%   32.93m 
 90.000%   38.55m 
 99.000%   42.99m 
 99.900%   44.74m 
 99.990%   45.79m 
 99.999%   46.87m 
100.000%   47.43m 

  Detailed Percentile spectrum:
       Value   Percentile   TotalCount 1/(1-Percentile)

     833.535     0.000000            1         1.00
  470810.623     0.100000       210498         1.11
  728760.319     0.200000       420703         1.25
  964165.631     0.300000       631176         1.43
 1194328.063     0.400000       841405         1.67
 1420820.479     0.500000      1051792         2.00
 1528823.807     0.550000      1156579         2.22
 1642070.015     0.600000      1262180         2.50
 1752170.495     0.650000      1367094         2.86
 1864368.127     0.700000      1472226         3.33
 1975517.183     0.750000      1577138         4.00
 2031091.711     0.775000      1630110         4.44
 2086666.239     0.800000      1682677         5.00
 2143289.343     0.825000      1735182         5.71
 2199912.447     0.850000      1787992         6.67
 2256535.551     0.875000      1840163         8.00
 2285895.679     0.887500      1867059         8.89
 2313158.655     0.900000      1892593        10.00
 2342518.783     0.912500      1919309        11.43
 2371878.911     0.925000      1945383        13.33
 2403336.191     0.937500      1972127        16.00
 2418016.255     0.943750      1984183        17.78
 2434793.471     0.950000      1997431        20.00
 2451570.687     0.956250      2010565        22.86
 2470445.055     0.962500      2024400        26.67
 2489319.423     0.968750      2037107        32.00
 2499805.183     0.971875      2043601        35.56
 2510290.943     0.975000      2050027        40.00
 2522873.855     0.978125      2056820        45.71
 2535456.767     0.981250      2063225        53.33
 2550136.831     0.984375      2069863        64.00
 2558525.439     0.985938      2073434        71.11
 2566914.047     0.987500      2076801        80.00
 2575302.655     0.989062      2079942        91.43
 2583691.263     0.990625      2082791       106.67
 2594177.023     0.992188      2086081       128.00
 2600468.479     0.992969      2087864       142.22
 2606759.935     0.993750      2089475       160.00
 2613051.391     0.994531      2090995       182.86
 2621439.999     0.995313      2092936       213.33
 2629828.607     0.996094      2094514       256.00
 2634022.911     0.996484      2095216       284.44
 2638217.215     0.996875      2095895       320.00
 2644508.671     0.997266      2096778       365.71
 2650800.127     0.997656      2097552       426.67
 2659188.735     0.998047      2098348       512.00
 2663383.039     0.998242      2098767       568.89
 2667577.343     0.998437      2099132       640.00
 2673868.799     0.998633      2099627       731.43
 2680160.255     0.998828      2100031       853.33
 2686451.711     0.999023      2100420      1024.00
 2690646.015     0.999121      2100662      1137.78
 2692743.167     0.999219      2100773      1280.00
 2699034.623     0.999316      2101037      1462.86
 2703228.927     0.999414      2101222      1706.67
 2707423.231     0.999512      2101403      2048.00
 2709520.383     0.999561      2101480      2275.56
 2713714.687     0.999609      2101613      2560.00
 2717908.991     0.999658      2101730      2925.71
 2722103.295     0.999707      2101820      3413.33
 2726297.599     0.999756      2101919      4096.00
 2728394.751     0.999780      2101957      4551.11
 2730491.903     0.999805      2102003      5120.00
 2734686.207     0.999829      2102059      5851.43
 2736783.359     0.999854      2102092      6826.67
 2743074.815     0.999878      2102163      8192.00
 2745171.967     0.999890      2102180      9102.22
 2747269.119     0.999902      2102196     10240.00
 2751463.423     0.999915      2102221     11702.86
 2757754.879     0.999927      2102250     13653.33
 2761949.183     0.999939      2102272     16384.00
 2766143.487     0.999945      2102287     18204.44
 2770337.791     0.999951      2102300     20480.00
 2774532.095     0.999957      2102311     23405.71
 2778726.399     0.999963      2102322     27306.67
 2785017.855     0.999969      2102339     32768.00
 2787115.007     0.999973      2102344     36408.89
 2789212.159     0.999976      2102348     40960.00
 2793406.463     0.999979      2102355     46811.43
 2797600.767     0.999982      2102362     54613.33
 2801795.071     0.999985      2102367     65536.00
 2808086.527     0.999986      2102370     72817.78
 2812280.831     0.999988      2102377     81920.00
 2812280.831     0.999989      2102377     93622.86
 2816475.135     0.999991      2102380    109226.67
 2818572.287     0.999992      2102382    131072.00
 2822766.591     0.999993      2102387    145635.56
 2822766.591     0.999994      2102387    163840.00
 2822766.591     0.999995      2102387    187245.71
 2824863.743     0.999995      2102389    218453.33
 2826960.895     0.999996      2102390    262144.00
 2829058.047     0.999997      2102391    291271.11
 2831155.199     0.999997      2102392    327680.00
 2833252.351     0.999997      2102393    374491.43
 2835349.503     0.999998      2102394    436906.67
 2835349.503     0.999998      2102394    524288.00
 2837446.655     0.999998      2102395    582542.22
 2837446.655     0.999998      2102395    655360.00
 2839543.807     0.999999      2102396    748982.86
 2839543.807     0.999999      2102396    873813.33
 2839543.807     0.999999      2102396   1048576.00
 2841640.959     0.999999      2102397   1165084.44
 2841640.959     0.999999      2102397   1310720.00
 2841640.959     0.999999      2102397   1497965.71
 2841640.959     0.999999      2102397   1747626.67
 2841640.959     1.000000      2102397   2097152.00
 2845835.263     1.000000      2102398   2330168.89
 2845835.263     1.000000      2102398          inf
#[Mean    =  1401359.673, StdDeviation   =   679080.492]
#[Max     =  2843738.112, Total count    =      2102398]
#[Buckets =           27, SubBuckets     =         2048]
----------------------------------------------------------
  2105049 requests in 60.00m, 0.94GB read
  Socket errors: connect 0, read 5, write 206, timeout 32869
  Non-2xx or 3xx responses: 145492
Requests/sec:    584.74
Transfer/sec:    273.32KB
