Running 30m test @ http://20.117.74.49:60
  2 threads and 1000 connections
  Thread calibration: mean lat.: 11.088ms, rate sampling interval: 41ms
  Thread calibration: mean lat.: 11.134ms, rate sampling interval: 41ms
  Thread Stats   Avg      Stdev     99%   +/- Stdev
    Latency     2.28s     2.33s   10.30s    89.01%
    Req/Sec     1.00k   268.87     1.65k    83.28%
  Latency Distribution (HdrHistogram - Recorded Latency)
 50.000%    1.80s 
 75.000%    3.21s 
 90.000%    4.77s 
 99.000%   10.30s 
 99.900%   23.10s 
 99.990%   29.57s 
 99.999%   34.28s 
100.000%   38.57s 

  Detailed Percentile spectrum:
       Value   Percentile   TotalCount 1/(1-Percentile)

       0.140     0.000000            1         1.00
      30.047     0.100000       353584         1.11
     493.567     0.200000       707051         1.25
     928.255     0.300000      1060762         1.43
    1356.799     0.400000      1414153         1.67
    1804.287     0.500000      1768099         2.00
    2040.831     0.550000      1944859         2.22
    2293.759     0.600000      2121870         2.50
    2564.095     0.650000      2298075         2.86
    2865.151     0.700000      2475167         3.33
    3205.119     0.750000      2651759         4.00
    3395.583     0.775000      2739840         4.44
    3602.431     0.800000      2827809         5.00
    3833.855     0.825000      2916557         5.71
    4093.951     0.850000      3004699         6.67
    4399.103     0.875000      3093759         8.00
    4571.135     0.887500      3137260         8.89
    4767.743     0.900000      3181927        10.00
    4984.831     0.912500      3225847        11.43
    5234.687     0.925000      3269981        13.33
    5529.599     0.937500      3313928        16.00
    5709.823     0.943750      3336219        17.78
    5906.431     0.950000      3358149        20.00
    6135.807     0.956250      3380203        22.86
    6410.239     0.962500      3402301        26.67
    6754.303     0.968750      3424407        32.00
    6967.295     0.971875      3435524        35.56
    7213.055     0.975000      3446471        40.00
    7507.967     0.978125      3457471        45.71
    7880.703     0.981250      3468575        53.33
    8388.607     0.984375      3479562        64.00
    8724.479     0.985938      3485072        71.11
    9183.231     0.987500      3490657        80.00
    9797.631     0.989062      3496100        91.43
   10690.559     0.990625      3501650       106.67
   11960.319     0.992188      3507149       128.00
   12763.135     0.992969      3509908       142.22
   13664.255     0.993750      3512677       160.00
   14696.447     0.994531      3515450       182.86
   15745.023     0.995313      3518211       213.33
   16809.983     0.996094      3520969       256.00
   17432.575     0.996484      3522365       284.44
   18087.935     0.996875      3523751       320.00
   18759.679     0.997266      3525103       365.71
   19562.495     0.997656      3526481       426.67
   20414.463     0.998047      3527868       512.00
   20856.831     0.998242      3528572       568.89
   21348.351     0.998437      3529243       640.00
   21872.639     0.998633      3529930       731.43
   22495.231     0.998828      3530629       853.33
   23183.359     0.999023      3531324      1024.00
   23543.807     0.999121      3531664      1137.78
   23969.791     0.999219      3532010      1280.00
   24428.543     0.999316      3532355      1462.86
   24920.063     0.999414      3532694      1706.67
   25411.583     0.999512      3533038      2048.00
   25706.495     0.999561      3533213      2275.56
   26017.791     0.999609      3533382      2560.00
   26427.391     0.999658      3533560      2925.71
   26836.991     0.999707      3533729      3413.33
   27377.663     0.999756      3533900      4096.00
   27688.959     0.999780      3533988      4551.11
   28000.255     0.999805      3534072      5120.00
   28344.319     0.999829      3534160      5851.43
   28590.079     0.999854      3534243      6826.67
   28999.679     0.999878      3534329      8192.00
   29294.591     0.999890      3534374      9102.22
   29655.039     0.999902      3534415     10240.00
   29917.183     0.999915      3534458     11702.86
   30310.399     0.999927      3534504     13653.33
   30638.079     0.999939      3534547     16384.00
   30883.839     0.999945      3534567     18204.44
   31145.983     0.999951      3534588     20480.00
   31375.359     0.999957      3534609     23405.71
   31637.503     0.999963      3534632     27306.67
   31932.415     0.999969      3534653     32768.00
   32079.871     0.999973      3534664     36408.89
   32358.399     0.999976      3534674     40960.00
   32620.543     0.999979      3534685     46811.43
   33046.527     0.999982      3534696     54613.33
   33439.743     0.999985      3534707     65536.00
   33619.967     0.999986      3534712     72817.78
   33751.039     0.999988      3534717     81920.00
   34177.023     0.999989      3534723     93622.86
   34471.935     0.999991      3534728    109226.67
   34668.543     0.999992      3534734    131072.00
   34734.079     0.999993      3534736    145635.56
   34996.223     0.999994      3534739    163840.00
   35160.063     0.999995      3534742    187245.71
   35422.207     0.999995      3534744    218453.33
   35651.583     0.999996      3534747    262144.00
   35684.351     0.999997      3534748    291271.11
   36077.567     0.999997      3534750    327680.00
   36175.871     0.999997      3534751    374491.43
   36438.015     0.999998      3534752    436906.67
   36470.783     0.999998      3534754    524288.00
   36470.783     0.999998      3534754    582542.22
   36569.087     0.999998      3534755    655360.00
   36831.231     0.999999      3534756    748982.86
   36831.231     0.999999      3534756    873813.33
   36896.767     0.999999      3534758   1048576.00
   36896.767     0.999999      3534758   1165084.44
   36896.767     0.999999      3534758   1310720.00
   36896.767     0.999999      3534758   1497965.71
   36896.767     0.999999      3534758   1747626.67
   36929.535     1.000000      3534759   2097152.00
   36929.535     1.000000      3534759   2330168.89
   36929.535     1.000000      3534759   2621440.00
   36929.535     1.000000      3534759   2995931.43
   36929.535     1.000000      3534759   3495253.33
   38567.935     1.000000      3534760   4194304.00
   38567.935     1.000000      3534760          inf
#[Mean    =     2276.297, StdDeviation   =     2329.826]
#[Max     =    38535.168, Total count    =      3534760]
#[Buckets =           27, SubBuckets     =         2048]
----------------------------------------------------------
  3553595 requests in 30.00m, 1.62GB read
  Socket errors: connect 0, read 735, write 7970, timeout 16263
Requests/sec:   1974.22
Transfer/sec:      0.92MB
