Running 60m test @ http://20.117.149.14:60/wrk2-api/post/compose
  2 threads and 1000 connections
  Thread calibration: mean lat.: 1269.038ms, rate sampling interval: 6426ms
  Thread calibration: mean lat.: 1377.954ms, rate sampling interval: 7847ms
  Thread Stats   Avg      Stdev     99%   +/- Stdev
    Latency    18.69m     9.68m   35.76m    58.38%
    Req/Sec   211.98     35.85   294.00     74.98%
  Latency Distribution (HdrHistogram - Recorded Latency)
 50.000%   18.61m 
 75.000%   27.12m 
 90.000%   31.81m 
 99.000%   35.76m 
 99.900%   37.71m 
 99.990%   39.46m 
 99.999%   40.20m 
100.000%   40.37m 

  Detailed Percentile spectrum:
       Value   Percentile   TotalCount 1/(1-Percentile)

     225.023     0.000000            1         1.00
  358088.703     0.100000       152613         1.11
  530317.311     0.200000       305183         1.25
  722993.151     0.300000       457885         1.43
  918028.287     0.400000       610350         1.67
 1116733.439     0.500000       763251         2.00
 1221591.039     0.550000       839801         2.22
 1326448.639     0.600000       915444         2.50
 1428160.511     0.650000       991980         2.86
 1528823.807     0.700000      1068042         3.33
 1627389.951     0.750000      1144422         4.00
 1676673.023     0.775000      1182928         4.44
 1723858.943     0.800000      1221407         5.00
 1769996.287     0.825000      1258725         5.71
 1816133.631     0.850000      1297218         6.67
 1862270.975     0.875000      1335401         8.00
 1885339.647     0.887500      1354834         8.89
 1908408.319     0.900000      1373940        10.00
 1931476.991     0.912500      1392504        11.43
 1956642.815     0.925000      1411859        13.33
 1982857.215     0.937500      1430611        16.00
 1996488.703     0.943750      1440149        17.78
 2011168.767     0.950000      1449781        20.00
 2025848.831     0.956250      1459252        22.86
 2041577.471     0.962500      1468612        26.67
 2060451.839     0.968750      1478506        32.00
 2069889.023     0.971875      1483220        35.56
 2079326.207     0.975000      1487776        40.00
 2090860.543     0.978125      1492626        45.71
 2102394.879     0.981250      1497284        53.33
 2116026.367     0.984375      1502094        64.00
 2123366.399     0.985938      1504483        71.11
 2130706.431     0.987500      1506667        80.00
 2140143.615     0.989062      1509187        91.43
 2149580.799     0.990625      1511424       106.67
 2162163.711     0.992188      1513888       128.00
 2168455.167     0.992969      1515046       142.22
 2176843.775     0.993750      1516323       160.00
 2185232.383     0.994531      1517589       182.86
 2193620.991     0.995313      1518687       213.33
 2204106.751     0.996094      1519922       256.00
 2208301.055     0.996484      1520418       284.44
 2214592.511     0.996875      1521122       320.00
 2220883.967     0.997266      1521743       365.71
 2225078.271     0.997656      1522121       426.67
 2233466.879     0.998047      1522733       512.00
 2239758.335     0.998242      1523119       568.89
 2243952.639     0.998437      1523330       640.00
 2250244.095     0.998633      1523623       731.43
 2256535.551     0.998828      1523940       853.33
 2264924.159     0.999023      1524255      1024.00
 2269118.463     0.999121      1524376      1137.78
 2275409.919     0.999219      1524533      1280.00
 2279604.223     0.999316      1524664      1462.86
 2285895.679     0.999414      1524841      1706.67
 2292187.135     0.999512      1524962      2048.00
 2296381.439     0.999561      1525036      2275.56
 2302672.895     0.999609      1525126      2560.00
 2308964.351     0.999658      1525182      2925.71
 2317352.959     0.999707      1525257      3413.33
 2325741.567     0.999756      1525332      4096.00
 2332033.023     0.999780      1525371      4551.11
 2336227.327     0.999805      1525406      5120.00
 2340421.631     0.999829      1525432      5851.43
 2353004.543     0.999854      1525477      6826.67
 2359295.999     0.999878      1525507      8192.00
 2363490.303     0.999890      1525529      9102.22
 2367684.607     0.999902      1525545     10240.00
 2371878.911     0.999915      1525565     11702.86
 2378170.367     0.999927      1525590     13653.33
 2382364.671     0.999939      1525602     16384.00
 2384461.823     0.999945      1525613     18204.44
 2386558.975     0.999951      1525620     20480.00
 2390753.279     0.999957      1525634     23405.71
 2392850.431     0.999963      1525641     27306.67
 2397044.735     0.999969      1525651     32768.00
 2397044.735     0.999973      1525651     36408.89
 2399141.887     0.999976      1525658     40960.00
 2401239.039     0.999979      1525663     46811.43
 2403336.191     0.999982      1525668     54613.33
 2405433.343     0.999985      1525671     65536.00
 2407530.495     0.999986      1525675     72817.78
 2407530.495     0.999988      1525675     81920.00
 2409627.647     0.999989      1525676     93622.86
 2411724.799     0.999991      1525679    109226.67
 2413821.951     0.999992      1525681    131072.00
 2415919.103     0.999993      1525683    145635.56
 2415919.103     0.999994      1525683    163840.00
 2418016.255     0.999995      1525684    187245.71
 2420113.407     0.999995      1525686    218453.33
 2422210.559     0.999996      1525692    262144.00
 2422210.559     1.000000      1525692          inf
#[Mean    =  1121395.259, StdDeviation   =   580936.826]
#[Max     =  2420113.408, Total count    =      1525692]
#[Buckets =           27, SubBuckets     =         2048]
----------------------------------------------------------
  1528821 requests in 60.00m, 306.71MB read
  Socket errors: connect 0, read 86, write 2121, timeout 389114
  Non-2xx or 3xx responses: 152299
Requests/sec:    424.67
Transfer/sec:     87.24KB
