Running 60m test @ http://20.117.103.102:60/wrk2-api/post/compose
  2 threads and 1000 connections
  Thread calibration: mean lat.: 3127.136ms, rate sampling interval: 13828ms
  Thread calibration: mean lat.: 3028.933ms, rate sampling interval: 14393ms
  Thread Stats   Avg      Stdev     99%   +/- Stdev
    Latency    19.73m     9.73m   37.50m    61.12%
    Req/Sec   184.04     47.07   311.00     73.82%
  Latency Distribution (HdrHistogram - Recorded Latency)
 50.000%   19.85m 
 75.000%   27.68m 
 90.000%   33.14m 
 99.000%   37.50m 
 99.900%   39.60m 
 99.990%   41.10m 
 99.999%   41.98m 
100.000%   42.08m 

  Detailed Percentile spectrum:
       Value   Percentile   TotalCount 1/(1-Percentile)

     173.439     0.000000            1         1.00
  393215.999     0.100000       132631         1.11
  619184.127     0.200000       265164         1.25
  812646.399     0.300000       397784         1.43
  999292.927     0.400000       530380         1.67
 1191182.335     0.500000       662779         2.00
 1278214.143     0.550000       728999         2.22
 1366294.527     0.600000       795544         2.50
 1459617.791     0.650000       861946         2.86
 1560281.087     0.700000       928202         3.33
 1660944.383     0.750000       993886         4.00
 1713373.183     0.775000      1027373         4.44
 1765801.983     0.800000      1060093         5.00
 1820327.935     0.825000      1093196         5.71
 1875902.463     0.850000      1126573         6.67
 1931476.991     0.875000      1159579         8.00
 1959788.543     0.887500      1176387         8.89
 1988100.095     0.900000      1193015        10.00
 2016411.647     0.912500      1209406        11.43
 2044723.199     0.925000      1226092        13.33
 2074083.327     0.937500      1242412        16.00
 2089811.967     0.943750      1250645        17.78
 2106589.183     0.950000      1259111        20.00
 2123366.399     0.956250      1267243        22.86
 2141192.191     0.962500      1275594        26.67
 2162163.711     0.968750      1284410        32.00
 2172649.471     0.971875      1288616        35.56
 2183135.231     0.975000      1292383        40.00
 2195718.143     0.978125      1296801        45.71
 2208301.055     0.981250      1300900        53.33
 2220883.967     0.984375      1304706        64.00
 2227175.423     0.985938      1306463        71.11
 2235564.031     0.987500      1308658        80.00
 2243952.639     0.989062      1310654        91.43
 2254438.399     0.990625      1312901       106.67
 2264924.159     0.992188      1314860       128.00
 2271215.615     0.992969      1315896       142.22
 2277507.071     0.993750      1316822       160.00
 2285895.679     0.994531      1317944       182.86
 2294284.287     0.995313      1318954       213.33
 2304770.047     0.996094      1320019       256.00
 2308964.351     0.996484      1320416       284.44
 2317352.959     0.996875      1321069       320.00
 2323644.415     0.997266      1321501       365.71
 2332033.023     0.997656      1322060       426.67
 2340421.631     0.998047      1322494       512.00
 2348810.239     0.998242      1322844       568.89
 2353004.543     0.998437      1323034       640.00
 2359295.999     0.998633      1323265       731.43
 2367684.607     0.998828      1323530       853.33
 2376073.215     0.999023      1323812      1024.00
 2380267.519     0.999121      1323934      1137.78
 2384461.823     0.999219      1324039      1280.00
 2390753.279     0.999316      1324177      1462.86
 2399141.887     0.999414      1324323      1706.67
 2405433.343     0.999512      1324452      2048.00
 2407530.495     0.999561      1324500      2275.56
 2413821.951     0.999609      1324577      2560.00
 2420113.407     0.999658      1324628      2925.71
 2428502.015     0.999707      1324704      3413.33
 2434793.471     0.999756      1324763      4096.00
 2438987.775     0.999780      1324800      4551.11
 2443182.079     0.999805      1324829      5120.00
 2447376.383     0.999829      1324866      5851.43
 2449473.535     0.999854      1324881      6826.67
 2459959.295     0.999878      1324921      8192.00
 2464153.599     0.999890      1324933      9102.22
 2468347.903     0.999902      1324950     10240.00
 2472542.207     0.999915      1324962     11702.86
 2480930.815     0.999927      1324980     13653.33
 2485125.119     0.999939      1324998     16384.00
 2487222.271     0.999945      1325005     18204.44
 2489319.423     0.999951      1325012     20480.00
 2497708.031     0.999957      1325021     23405.71
 2501902.335     0.999963      1325026     27306.67
 2508193.791     0.999969      1325035     32768.00
 2510290.943     0.999973      1325038     36408.89
 2514485.247     0.999976      1325054     40960.00
 2514485.247     0.999979      1325054     46811.43
 2514485.247     0.999982      1325054     54613.33
 2514485.247     0.999985      1325054     65536.00
 2516582.399     0.999986      1325058     72817.78
 2516582.399     0.999988      1325058     81920.00
 2518679.551     0.999989      1325061     93622.86
 2520776.703     0.999991      1325071    109226.67
 2520776.703     0.999992      1325071    131072.00
 2520776.703     0.999993      1325071    145635.56
 2520776.703     0.999994      1325071    163840.00
 2520776.703     0.999995      1325071    187245.71
 2520776.703     0.999995      1325071    218453.33
 2520776.703     0.999996      1325071    262144.00
 2520776.703     0.999997      1325071    291271.11
 2520776.703     0.999997      1325071    327680.00
 2520776.703     0.999997      1325071    374491.43
 2520776.703     0.999998      1325071    436906.67
 2524971.007     0.999998      1325074    524288.00
 2524971.007     1.000000      1325074          inf
#[Mean    =  1184067.154, StdDeviation   =   583983.636]
#[Max     =  2522873.856, Total count    =      1325074]
#[Buckets =           27, SubBuckets     =         2048]
----------------------------------------------------------
  1327121 requests in 60.00m, 262.06MB read
  Socket errors: connect 0, read 153, write 3525, timeout 707354
  Non-2xx or 3xx responses: 100792
Requests/sec:    368.64
Transfer/sec:     74.54KB
