Running 60m test @ http://20.117.103.102:60/wrk2-api/home-timeline/read
  2 threads and 1000 connections
  Thread calibration: mean lat.: 832.309ms, rate sampling interval: 4743ms
  Thread calibration: mean lat.: 873.340ms, rate sampling interval: 5017ms
  Thread Stats   Avg      Stdev     99%   +/- Stdev
    Latency    21.43m     9.73m   38.31m    62.85%
    Req/Sec   187.46     44.89   246.00     73.76%
  Latency Distribution (HdrHistogram - Recorded Latency)
 50.000%   21.78m 
 75.000%   29.52m 
 90.000%   34.25m 
 99.000%   38.31m 
 99.900%   39.99m 
 99.990%   41.03m 
 99.999%   41.73m 
100.000%   42.01m 

  Detailed Percentile spectrum:
       Value   Percentile   TotalCount 1/(1-Percentile)

    1266.687     0.000000            1         1.00
  475267.071     0.100000       134914         1.11
  748158.975     0.200000       269811         1.25
  935329.791     0.300000       404728         1.43
 1125122.047     0.400000       539669         1.67
 1306525.695     0.500000       675113         2.00
 1397751.807     0.550000       742521         2.22
 1490026.495     0.600000       809562         2.50
 1584398.335     0.650000       876880         2.86
 1677721.599     0.700000       944866         3.33
 1771044.863     0.750000      1012499         4.00
 1817182.207     0.775000      1045876         4.44
 1863319.551     0.800000      1079243         5.00
 1911554.047     0.825000      1113664         5.71
 1958739.967     0.850000      1147318         6.67
 2006974.463     0.875000      1180928         8.00
 2031091.711     0.887500      1197784         8.89
 2055208.959     0.900000      1214569        10.00
 2080374.783     0.912500      1231308        11.43
 2106589.183     0.925000      1248190        13.33
 2133852.159     0.937500      1265116        16.00
 2149580.799     0.943750      1274163        17.78
 2164260.863     0.950000      1282222        20.00
 2178940.927     0.956250      1290175        22.86
 2195718.143     0.962500      1298869        26.67
 2214592.511     0.968750      1307828        32.00
 2222981.119     0.971875      1311330        35.56
 2233466.879     0.975000      1315682        40.00
 2243952.639     0.978125      1319718        45.71
 2256535.551     0.981250      1324155        53.33
 2269118.463     0.984375      1328122        64.00
 2277507.071     0.985938      1330582        71.11
 2283798.527     0.987500      1332203        80.00
 2292187.135     0.989062      1334274        91.43
 2302672.895     0.990625      1336544       106.67
 2313158.655     0.992188      1338607       128.00
 2319450.111     0.992969      1339707       142.22
 2325741.567     0.993750      1340728       160.00
 2332033.023     0.994531      1341675       182.86
 2340421.631     0.995313      1342879       213.33
 2348810.239     0.996094      1343949       256.00
 2353004.543     0.996484      1344400       284.44
 2357198.847     0.996875      1344824       320.00
 2363490.303     0.997266      1345441       365.71
 2369781.759     0.997656      1345919       426.67
 2376073.215     0.998047      1346427       512.00
 2380267.519     0.998242      1346721       568.89
 2384461.823     0.998437      1346963       640.00
 2388656.127     0.998633      1347207       731.43
 2394947.583     0.998828      1347504       853.33
 2401239.039     0.999023      1347795      1024.00
 2403336.191     0.999121      1347857      1137.78
 2407530.495     0.999219      1348008      1280.00
 2411724.799     0.999316      1348175      1462.86
 2415919.103     0.999414      1348272      1706.67
 2420113.407     0.999512      1348386      2048.00
 2422210.559     0.999561      1348444      2275.56
 2426404.863     0.999609      1348539      2560.00
 2428502.015     0.999658      1348588      2925.71
 2430599.167     0.999707      1348630      3413.33
 2436890.623     0.999756      1348717      4096.00
 2438987.775     0.999780      1348736      4551.11
 2443182.079     0.999805      1348772      5120.00
 2447376.383     0.999829      1348797      5851.43
 2451570.687     0.999854      1348841      6826.67
 2455764.991     0.999878      1348864      8192.00
 2457862.143     0.999890      1348876      9102.22
 2464153.599     0.999902      1348898     10240.00
 2468347.903     0.999915      1348913     11702.86
 2474639.359     0.999927      1348926     13653.33
 2480930.815     0.999939      1348948     16384.00
 2483027.967     0.999945      1348955     18204.44
 2485125.119     0.999951      1348960     20480.00
 2489319.423     0.999957      1348970     23405.71
 2491416.575     0.999963      1348981     27306.67
 2493513.727     0.999969      1348986     32768.00
 2493513.727     0.999973      1348986     36408.89
 2495610.879     0.999976      1348995     40960.00
 2495610.879     0.999979      1348995     46811.43
 2497708.031     0.999982      1348999     54613.33
 2499805.183     0.999985      1349006     65536.00
 2499805.183     0.999986      1349006     72817.78
 2501902.335     0.999988      1349009     81920.00
 2501902.335     0.999989      1349009     93622.86
 2503999.487     0.999991      1349011    109226.67
 2510290.943     0.999992      1349013    131072.00
 2512388.095     0.999993      1349015    145635.56
 2512388.095     0.999994      1349015    163840.00
 2514485.247     0.999995      1349016    187245.71
 2516582.399     0.999995      1349018    218453.33
 2516582.399     0.999996      1349018    262144.00
 2518679.551     0.999997      1349021    291271.11
 2518679.551     0.999997      1349021    327680.00
 2518679.551     0.999997      1349021    374491.43
 2518679.551     0.999998      1349021    436906.67
 2518679.551     0.999998      1349021    524288.00
 2518679.551     0.999998      1349021    582542.22
 2518679.551     0.999998      1349021    655360.00
 2520776.703     0.999999      1349023    748982.86
 2520776.703     1.000000      1349023          inf
#[Mean    =  1285645.712, StdDeviation   =   583965.688]
#[Max     =  2518679.552, Total count    =      1349023]
#[Buckets =           27, SubBuckets     =         2048]
----------------------------------------------------------
  1354868 requests in 60.00m, 17.03GB read
  Socket errors: connect 0, read 585, write 3927, timeout 243893
  Non-2xx or 3xx responses: 56439
Requests/sec:    376.35
Transfer/sec:      4.84MB
