Running 30m test @ http://13.87.74.222:60
  2 threads and 1000 connections
  Thread calibration: mean lat.: 19.990ms, rate sampling interval: 95ms
  Thread calibration: mean lat.: 25.360ms, rate sampling interval: 116ms
  Thread Stats   Avg      Stdev     99%   +/- Stdev
    Latency     4.90m     4.43m   18.73m    69.74%
    Req/Sec     2.70      5.06    21.00     84.95%
  Latency Distribution (HdrHistogram - Recorded Latency)
 50.000%    4.03m 
 75.000%    7.38m 
 90.000%   10.72m 
 99.000%   18.73m 
 99.900%   24.80m 
 99.990%   26.30m 
 99.999%   27.37m 
100.000%   27.37m 

  Detailed Percentile spectrum:
       Value   Percentile   TotalCount 1/(1-Percentile)

       2.983     0.000000            1         1.00
    6803.455     0.100000         1002         1.11
   45055.999     0.200000         2004         1.25
  103219.199     0.300000         3007         1.43
  176160.767     0.400000         4010         1.67
  241958.911     0.500000         5010         2.00
  277086.207     0.550000         5512         2.22
  312213.503     0.600000         6016         2.50
  353107.967     0.650000         6513         2.86
  395575.295     0.700000         7015         3.33
  442761.215     0.750000         7519         4.00
  465305.599     0.775000         7767         4.44
  492830.719     0.800000         8020         5.00
  522452.991     0.825000         8267         5.71
  555745.279     0.850000         8521         6.67
  594018.303     0.875000         8769         8.00
  618135.551     0.887500         8893         8.89
  643301.375     0.900000         9018        10.00
  674234.367     0.912500         9147        11.43
  705167.359     0.925000         9269        13.33
  746586.111     0.937500         9394        16.00
  774373.375     0.943750         9457        17.78
  806879.231     0.950000         9521        20.00
  843579.391     0.956250         9582        22.86
  875560.959     0.962500         9645        26.67
  941096.959     0.968750         9709        32.00
  957874.175     0.971875         9739        35.56
  974651.391     0.975000         9770        40.00
  998244.351     0.978125         9802        45.71
 1021837.311     0.981250         9833        53.33
 1052246.015     0.984375         9864        64.00
 1069547.519     0.985938         9880        71.11
 1093664.767     0.987500         9896        80.00
 1112539.135     0.989062         9912        91.43
 1143996.415     0.990625         9927       106.67
 1173356.543     0.992188         9942       128.00
 1191182.335     0.992969         9950       142.22
 1255145.471     0.993750         9958       160.00
 1298137.087     0.994531         9966       182.86
 1323302.911     0.995313         9974       213.33
 1345323.007     0.996094         9982       256.00
 1356857.343     0.996484         9985       284.44
 1374683.135     0.996875         9989       320.00
 1405091.839     0.997266         9993       365.71
 1423966.207     0.997656         9998       426.67
 1444937.727     0.998047        10001       512.00
 1448083.455     0.998242        10003       568.89
 1468006.399     0.998437        10005       640.00
 1472200.703     0.998633        10007       731.43
 1487929.343     0.998828        10010       853.33
 1494220.799     0.999023        10011      1024.00
 1495269.375     0.999121        10012      1137.78
 1496317.951     0.999219        10013      1280.00
 1508900.863     0.999316        10014      1462.86
 1521483.775     0.999414        10015      1706.67
 1530920.959     0.999512        10016      2048.00
 1530920.959     0.999561        10016      2275.56
 1540358.143     0.999609        10017      2560.00
 1540358.143     0.999658        10017      2925.71
 1570766.847     0.999707        10018      3413.33
 1570766.847     0.999756        10018      4096.00
 1570766.847     0.999780        10018      4551.11
 1578106.879     0.999805        10019      5120.00
 1578106.879     0.999829        10019      5851.43
 1578106.879     0.999854        10019      6826.67
 1578106.879     0.999878        10019      8192.00
 1578106.879     0.999890        10019      9102.22
 1642070.015     0.999902        10020     10240.00
 1642070.015     1.000000        10020          inf
#[Mean    =   294172.689, StdDeviation   =   265636.717]
#[Max     =  1641021.440, Total count    =        10020]
#[Buckets =           27, SubBuckets     =         2048]
----------------------------------------------------------
  10109 requests in 30.01m, 4.75MB read
  Socket errors: connect 0, read 0, write 4984, timeout 881378
Requests/sec:      5.61
Transfer/sec:      2.70KB
