Running 60m test @ http://20.108.177.25:60/wrk2-api/home-timeline/read
  2 threads and 1000 connections
  Thread calibration: mean lat.: 791.685ms, rate sampling interval: 4268ms
  Thread calibration: mean lat.: 757.773ms, rate sampling interval: 4009ms
  Thread Stats   Avg      Stdev     99%   +/- Stdev
    Latency    20.46m    10.14m   39.25m    59.26%
    Req/Sec   187.04     37.12   234.00     80.68%
  Latency Distribution (HdrHistogram - Recorded Latency)
 50.000%   20.60m 
 75.000%   28.89m 
 90.000%   34.13m 
 99.000%   39.25m 
 99.900%   41.63m 
 99.990%   42.99m 
 99.999%   43.66m 
100.000%   43.69m 

  Detailed Percentile spectrum:
       Value   Percentile   TotalCount 1/(1-Percentile)

    1544.191     0.000000            1         1.00
  441188.351     0.100000       134665         1.11
  599785.471     0.200000       269265         1.25
  830996.479     0.300000       404063         1.43
 1038090.239     0.400000       538801         1.67
 1236271.103     0.500000       673644         2.00
 1333788.671     0.550000       740451         2.22
 1433403.391     0.600000       808402         2.50
 1533018.111     0.650000       875046         2.86
 1633681.407     0.700000       942724         3.33
 1733296.127     0.750000      1010187         4.00
 1782579.199     0.775000      1043704         4.44
 1832910.847     0.800000      1077038         5.00
 1885339.647     0.825000      1110888         5.71
 1937768.447     0.850000      1144395         6.67
 1991245.823     0.875000      1178079         8.00
 2018508.799     0.887500      1194759         8.89
 2047868.927     0.900000      1212113        10.00
 2077229.055     0.912500      1228489        11.43
 2108686.335     0.925000      1245345        13.33
 2142240.767     0.937500      1262098        16.00
 2162163.711     0.943750      1271446        17.78
 2178940.927     0.950000      1279290        20.00
 2197815.295     0.956250      1287433        22.86
 2220883.967     0.962500      1296228        26.67
 2243952.639     0.968750      1304618        32.00
 2256535.551     0.971875      1309058        35.56
 2269118.463     0.975000      1312955        40.00
 2283798.527     0.978125      1317105        45.71
 2300575.743     0.981250      1321186        53.33
 2317352.959     0.984375      1325252        64.00
 2327838.719     0.985938      1327513        71.11
 2338324.479     0.987500      1329626        80.00
 2348810.239     0.989062      1331679        91.43
 2361393.151     0.990625      1333794       106.67
 2373976.063     0.992188      1335707       128.00
 2382364.671     0.992969      1336841       142.22
 2390753.279     0.993750      1337830       160.00
 2401239.039     0.994531      1338943       182.86
 2411724.799     0.995313      1339973       213.33
 2424307.711     0.996094      1341006       256.00
 2430599.167     0.996484      1341498       284.44
 2438987.775     0.996875      1342090       320.00
 2447376.383     0.997266      1342590       365.71
 2455764.991     0.997656      1343113       426.67
 2466250.751     0.998047      1343627       512.00
 2470445.055     0.998242      1343836       568.89
 2476736.511     0.998437      1344141       640.00
 2483027.967     0.998633      1344393       731.43
 2491416.575     0.998828      1344670       853.33
 2497708.031     0.999023      1344894      1024.00
 2501902.335     0.999121      1345034      1137.78
 2508193.791     0.999219      1345166      1280.00
 2514485.247     0.999316      1345320      1462.86
 2518679.551     0.999414      1345412      1706.67
 2527068.159     0.999512      1345557      2048.00
 2531262.463     0.999561      1345630      2275.56
 2533359.615     0.999609      1345688      2560.00
 2535456.767     0.999658      1345744      2925.71
 2541748.223     0.999707      1345805      3413.33
 2550136.831     0.999756      1345879      4096.00
 2552233.983     0.999780      1345905      4551.11
 2558525.439     0.999805      1345943      5120.00
 2562719.743     0.999829      1345980      5851.43
 2564816.895     0.999854      1345998      6826.67
 2571108.351     0.999878      1346032      8192.00
 2575302.655     0.999890      1346050      9102.22
 2579496.959     0.999902      1346065     10240.00
 2585788.415     0.999915      1346087     11702.86
 2587885.567     0.999927      1346096     13653.33
 2596274.175     0.999939      1346116     16384.00
 2598371.327     0.999945      1346121     18204.44
 2600468.479     0.999951      1346132     20480.00
 2602565.631     0.999957      1346143     23405.71
 2604662.783     0.999963      1346149     27306.67
 2606759.935     0.999969      1346153     32768.00
 2608857.087     0.999973      1346160     36408.89
 2610954.239     0.999976      1346166     40960.00
 2610954.239     0.999979      1346166     46811.43
 2613051.391     0.999982      1346173     54613.33
 2617245.695     0.999985      1346180     65536.00
 2617245.695     0.999986      1346180     72817.78
 2617245.695     0.999988      1346180     81920.00
 2617245.695     0.999989      1346180     93622.86
 2619342.847     0.999991      1346191    109226.67
 2619342.847     0.999992      1346191    131072.00
 2619342.847     0.999993      1346191    145635.56
 2619342.847     0.999994      1346191    163840.00
 2619342.847     0.999995      1346191    187245.71
 2619342.847     0.999995      1346191    218453.33
 2619342.847     0.999996      1346191    262144.00
 2619342.847     0.999997      1346191    291271.11
 2619342.847     0.999997      1346191    327680.00
 2619342.847     0.999997      1346191    374491.43
 2619342.847     0.999998      1346191    436906.67
 2621439.999     0.999998      1346194    524288.00
 2621439.999     1.000000      1346194          inf
#[Mean    =  1227650.940, StdDeviation   =   608632.237]
#[Max     =  2619342.848, Total count    =      1346194]
#[Buckets =           27, SubBuckets     =         2048]
----------------------------------------------------------
  1351857 requests in 60.00m, 16.38GB read
  Socket errors: connect 0, read 839, write 4165, timeout 243778
  Non-2xx or 3xx responses: 104487
Requests/sec:    375.51
Transfer/sec:      4.66MB
