Running 60m test @ http://20.108.177.25:60/wrk2-api/post/compose
  2 threads and 1000 connections
  Thread calibration: mean lat.: 3403.321ms, rate sampling interval: 14737ms
  Thread calibration: mean lat.: 3549.613ms, rate sampling interval: 14221ms
  Thread Stats   Avg      Stdev     99%   +/- Stdev
    Latency    19.36m    10.15m   38.13m    58.83%
    Req/Sec   181.04     38.40   268.00     78.38%
  Latency Distribution (HdrHistogram - Recorded Latency)
 50.000%   19.45m 
 75.000%   27.75m 
 90.000%   33.20m 
 99.000%   38.13m 
 99.900%   40.48m 
 99.990%   41.98m 
 99.999%   43.20m 
100.000%   43.38m 

  Detailed Percentile spectrum:
       Value   Percentile   TotalCount 1/(1-Percentile)

     254.719     0.000000            1         1.00
  362283.007     0.100000       130445         1.11
  531628.031     0.200000       260707         1.25
  736100.351     0.300000       391033         1.43
  963641.343     0.400000       521388         1.67
 1167065.087     0.500000       651725         2.00
 1269825.535     0.550000       716835         2.22
 1370488.831     0.600000       782365         2.50
 1466957.823     0.650000       847352         2.86
 1566572.543     0.700000       912746         3.33
 1665138.687     0.750000       977336         4.00
 1717567.487     0.775000      1010148         4.44
 1768947.711     0.800000      1042483         5.00
 1822425.087     0.825000      1075286         5.71
 1876951.039     0.850000      1107633         6.67
 1934622.719     0.875000      1140803         8.00
 1962934.271     0.887500      1156756         8.89
 1992294.399     0.900000      1172920        10.00
 2023751.679     0.912500      1189588        11.43
 2055208.959     0.925000      1205796        13.33
 2087714.815     0.937500      1221960        16.00
 2104492.031     0.943750      1229930        17.78
 2122317.823     0.950000      1238237        20.00
 2142240.767     0.956250      1246328        22.86
 2164260.863     0.962500      1254942        26.67
 2185232.383     0.968750      1262637        32.00
 2197815.295     0.971875      1266809        35.56
 2210398.207     0.975000      1270810        40.00
 2225078.271     0.978125      1275113        45.71
 2239758.335     0.981250      1279222        53.33
 2254438.399     0.984375      1283110        64.00
 2262827.007     0.985938      1285157        71.11
 2271215.615     0.987500      1287130        80.00
 2279604.223     0.989062      1288912        91.43
 2292187.135     0.990625      1291009       106.67
 2306867.199     0.992188      1293142       128.00
 2313158.655     0.992969      1293959       142.22
 2323644.415     0.993750      1295194       160.00
 2332033.023     0.994531      1296019       182.86
 2342518.783     0.995313      1296988       213.33
 2355101.695     0.996094      1298023       256.00
 2361393.151     0.996484      1298509       284.44
 2369781.759     0.996875      1299107       320.00
 2378170.367     0.997266      1299626       365.71
 2386558.975     0.997656      1300064       426.67
 2397044.735     0.998047      1300566       512.00
 2403336.191     0.998242      1300880       568.89
 2409627.647     0.998437      1301153       640.00
 2415919.103     0.998633      1301393       731.43
 2422210.559     0.998828      1301628       853.33
 2428502.015     0.999023      1301836      1024.00
 2432696.319     0.999121      1301968      1137.78
 2436890.623     0.999219      1302095      1280.00
 2441084.927     0.999316      1302209      1462.86
 2447376.383     0.999414      1302344      1706.67
 2453667.839     0.999512      1302466      2048.00
 2457862.143     0.999561      1302542      2275.56
 2459959.295     0.999609      1302582      2560.00
 2466250.751     0.999658      1302659      2925.71
 2472542.207     0.999707      1302708      3413.33
 2483027.967     0.999756      1302778      4096.00
 2487222.271     0.999780      1302814      4551.11
 2493513.727     0.999805      1302841      5120.00
 2497708.031     0.999829      1302870      5851.43
 2506096.639     0.999854      1302900      6826.67
 2514485.247     0.999878      1302941      8192.00
 2516582.399     0.999890      1302955      9102.22
 2518679.551     0.999902      1302963     10240.00
 2527068.159     0.999915      1302982     11702.86
 2539651.071     0.999927      1302995     13653.33
 2550136.831     0.999939      1303015     16384.00
 2552233.983     0.999945      1303020     18204.44
 2556428.287     0.999951      1303027     20480.00
 2560622.591     0.999957      1303037     23405.71
 2562719.743     0.999963      1303046     27306.67
 2566914.047     0.999969      1303054     32768.00
 2566914.047     0.999973      1303054     36408.89
 2571108.351     0.999976      1303061     40960.00
 2573205.503     0.999979      1303062     46811.43
 2579496.959     0.999982      1303069     54613.33
 2581594.111     0.999985      1303070     65536.00
 2585788.415     0.999986      1303072     72817.78
 2587885.567     0.999988      1303074     81920.00
 2592079.871     0.999989      1303076     93622.86
 2594177.023     0.999991      1303079    109226.67
 2596274.175     0.999992      1303085    131072.00
 2596274.175     0.999993      1303085    145635.56
 2596274.175     0.999994      1303085    163840.00
 2596274.175     0.999995      1303085    187245.71
 2596274.175     0.999995      1303085    218453.33
 2596274.175     0.999996      1303085    262144.00
 2596274.175     0.999997      1303085    291271.11
 2598371.327     0.999997      1303087    327680.00
 2598371.327     0.999997      1303087    374491.43
 2598371.327     0.999998      1303087    436906.67
 2598371.327     0.999998      1303087    524288.00
 2598371.327     0.999998      1303087    582542.22
 2600468.479     0.999998      1303088    655360.00
 2600468.479     0.999999      1303088    748982.86
 2600468.479     0.999999      1303088    873813.33
 2600468.479     0.999999      1303088   1048576.00
 2600468.479     0.999999      1303088   1165084.44
 2602565.631     0.999999      1303089   1310720.00
 2602565.631     1.000000      1303089          inf
#[Mean    =  1161302.133, StdDeviation   =   609177.721]
#[Max     =  2600468.480, Total count    =      1303089]
#[Buckets =           27, SubBuckets     =         2048]
----------------------------------------------------------
  1305011 requests in 60.00m, 260.77MB read
  Socket errors: connect 0, read 247, write 4120, timeout 719978
  Non-2xx or 3xx responses: 121347
Requests/sec:    362.50
Transfer/sec:     74.18KB
