Running 60m test @ http://20.90.152.234:60/wrk2-api/home-timeline/read
  2 threads and 1000 connections
  Thread calibration: mean lat.: 7.019ms, rate sampling interval: 24ms
  Thread calibration: mean lat.: 7.278ms, rate sampling interval: 25ms
  Thread Stats   Avg      Stdev     99%   +/- Stdev
    Latency    12.00s     9.14s   35.88s    63.59%
    Req/Sec   508.16    168.17     0.96k    71.07%
  Latency Distribution (HdrHistogram - Recorded Latency)
 50.000%   10.67s 
 75.000%   18.24s 
 90.000%   24.89s 
 99.000%   35.88s 
 99.900%   44.20s 
 99.990%   50.33s 
 99.999%    0.94m 
100.000%    1.05m 

  Detailed Percentile spectrum:
       Value   Percentile   TotalCount 1/(1-Percentile)

       0.100     0.000000            1         1.00
     809.983     0.100000       356410         1.11
    3090.431     0.200000       712958         1.25
    5525.503     0.300000      1069437         1.43
    8028.159     0.400000      1425847         1.67
   10674.175     0.500000      1782420         2.00
   12058.623     0.550000      1960877         2.22
   13492.223     0.600000      2138927         2.50
   14983.167     0.650000      2316704         2.86
   16539.647     0.700000      2494704         3.33
   18235.391     0.750000      2674267         4.00
   19136.511     0.775000      2763443         4.44
   20086.783     0.800000      2851622         5.00
   21102.591     0.825000      2940234         5.71
   22216.703     0.850000      3029482         6.67
   23461.887     0.875000      3118448         8.00
   24150.015     0.887500      3163648         8.89
   24887.295     0.900000      3207688        10.00
   25706.495     0.912500      3252625        11.43
   26591.231     0.925000      3296408        13.33
   27607.039     0.937500      3341041        16.00
   28164.095     0.943750      3363212        17.78
   28786.687     0.950000      3386001        20.00
   29458.431     0.956250      3408130        22.86
   30212.095     0.962500      3430476        26.67
   31047.679     0.968750      3452400        32.00
   31539.199     0.971875      3463800        35.56
   32063.487     0.975000      3474899        40.00
   32636.927     0.978125      3485807        45.71
   33308.671     0.981250      3496982        53.33
   34078.719     0.984375      3508207        64.00
   34537.471     0.985938      3513949        71.11
   34996.223     0.987500      3519187        80.00
   35520.511     0.989062      3524700        91.43
   36143.103     0.990625      3530286       106.67
   36863.999     0.992188      3535856       128.00
   37289.983     0.992969      3538743       142.22
   37748.735     0.993750      3541541       160.00
   38273.023     0.994531      3544358       182.86
   38797.311     0.995313      3546975       213.33
   39452.671     0.996094      3549789       256.00
   39845.887     0.996484      3551221       284.44
   40271.871     0.996875      3552546       320.00
   40763.391     0.997266      3553985       365.71
   41287.679     0.997656      3555317       426.67
   41943.039     0.998047      3556774       512.00
   42303.487     0.998242      3557412       568.89
   42729.471     0.998437      3558113       640.00
   43188.223     0.998633      3558799       731.43
   43712.511     0.998828      3559506       853.33
   44302.335     0.999023      3560196      1024.00
   44630.015     0.999121      3560537      1137.78
   45023.231     0.999219      3560904      1280.00
   45449.215     0.999316      3561253      1462.86
   45875.199     0.999414      3561585      1706.67
   46366.719     0.999512      3561925      2048.00
   46628.863     0.999561      3562102      2275.56
   46989.311     0.999609      3562280      2560.00
   47316.991     0.999658      3562460      2925.71
   47677.439     0.999707      3562619      3413.33
   48136.191     0.999756      3562800      4096.00
   48398.335     0.999780      3562891      4551.11
   48693.247     0.999805      3562976      5120.00
   48988.159     0.999829      3563061      5851.43
   49348.607     0.999854      3563141      6826.67
   49872.895     0.999878      3563231      8192.00
   50135.039     0.999890      3563272      9102.22
   50397.183     0.999902      3563315     10240.00
   50724.863     0.999915      3563359     11702.86
   51085.311     0.999927      3563402     13653.33
   51642.367     0.999939      3563447     16384.00
   51904.511     0.999945      3563467     18204.44
   52396.031     0.999951      3563489     20480.00
   52756.479     0.999957      3563513     23405.71
   53084.159     0.999963      3563534     27306.67
   53542.911     0.999969      3563554     32768.00
   53772.287     0.999973      3563565     36408.89
   54263.807     0.999976      3563575     40960.00
   54657.023     0.999979      3563587     46811.43
   54951.935     0.999982      3563597     54613.33
   55607.295     0.999985      3563609     65536.00
   55967.743     0.999986      3563614     72817.78
   56262.655     0.999988      3563619     81920.00
   56492.031     0.999989      3563625     93622.86
   56721.407     0.999991      3563630    109226.67
   56918.015     0.999992      3563635    131072.00
   57016.319     0.999993      3563639    145635.56
   57245.695     0.999994      3563641    163840.00
   57507.839     0.999995      3563643    187245.71
   57868.287     0.999995      3563646    218453.33
   59015.167     0.999996      3563649    262144.00
   59113.471     0.999997      3563650    291271.11
   59637.759     0.999997      3563652    327680.00
   60293.119     0.999997      3563653    374491.43
   60489.727     0.999998      3563654    436906.67
   61014.015     0.999998      3563656    524288.00
   61014.015     0.999998      3563656    582542.22
   61505.535     0.999998      3563657    655360.00
   61571.071     0.999999      3563658    748982.86
   61571.071     0.999999      3563658    873813.33
   61636.607     0.999999      3563659   1048576.00
   61636.607     0.999999      3563659   1165084.44
   62291.967     0.999999      3563660   1310720.00
   62291.967     0.999999      3563660   1497965.71
   62291.967     0.999999      3563660   1747626.67
   62357.503     1.000000      3563661   2097152.00
   62357.503     1.000000      3563661   2330168.89
   62357.503     1.000000      3563661   2621440.00
   62357.503     1.000000      3563661   2995931.43
   62357.503     1.000000      3563661   3495253.33
   62914.559     1.000000      3563662   4194304.00
   62914.559     1.000000      3563662          inf
#[Mean    =    12000.043, StdDeviation   =     9140.295]
#[Max     =    62881.792, Total count    =      3563662]
#[Buckets =           27, SubBuckets     =         2048]
----------------------------------------------------------
  3573150 requests in 60.00m, 48.31GB read
  Socket errors: connect 0, read 165, write 25767, timeout 244115
  Non-2xx or 3xx responses: 56
Requests/sec:    992.54
Transfer/sec:     13.74MB
