Running 60m test @ http://20.117.150.136:60/wrk2-api/post/compose
  2 threads and 1000 connections
  Thread calibration: mean lat.: 1026.183ms, rate sampling interval: 4968ms
  Thread calibration: mean lat.: 1184.512ms, rate sampling interval: 6688ms
  Thread Stats   Avg      Stdev     99%   +/- Stdev
    Latency    17.95m     9.98m   35.90m    55.91%
    Req/Sec   212.34     38.13   321.00     76.61%
  Latency Distribution (HdrHistogram - Recorded Latency)
 50.000%   17.58m 
 75.000%   26.86m 
 90.000%   31.67m 
 99.000%   35.90m 
 99.900%   37.89m 
 99.990%   39.43m 
 99.999%   40.23m 
100.000%   40.51m 

  Detailed Percentile spectrum:
       Value   Percentile   TotalCount 1/(1-Percentile)

     240.127     0.000000            1         1.00
  314310.655     0.100000       153186         1.11
  433586.175     0.200000       305966         1.25
  637009.919     0.300000       459014         1.43
  841482.239     0.400000       611721         1.67
 1054867.455     0.500000       764774         2.00
 1167065.087     0.550000       841254         2.22
 1280311.295     0.600000       917783         2.50
 1393557.503     0.650000       994461         2.86
 1502609.407     0.700000      1070372         3.33
 1611661.311     0.750000      1146945         4.00
 1665138.687     0.775000      1185461         4.44
 1712324.607     0.800000      1223266         5.00
 1759510.527     0.825000      1261826         5.71
 1806696.447     0.850000      1300273         6.67
 1850736.639     0.875000      1337888         8.00
 1874853.887     0.887500      1357210         8.89
 1900019.711     0.900000      1376536        10.00
 1925185.535     0.912500      1395257        11.43
 1951399.935     0.925000      1414900        13.33
 1977614.335     0.937500      1433423        16.00
 1992294.399     0.943750      1443214        17.78
 2009071.615     0.950000      1452927        20.00
 2023751.679     0.956250      1462043        22.86
 2041577.471     0.962500      1471640        26.67
 2060451.839     0.968750      1481262        32.00
 2070937.599     0.971875      1485975        35.56
 2083520.511     0.975000      1491019        40.00
 2096103.423     0.978125      1495694        45.71
 2109734.911     0.981250      1500489        53.33
 2124414.975     0.984375      1505083        64.00
 2132803.583     0.985938      1507720        71.11
 2140143.615     0.987500      1509902        80.00
 2149580.799     0.989062      1512588        91.43
 2160066.559     0.990625      1514987       106.67
 2170552.319     0.992188      1517329       128.00
 2174746.623     0.992969      1518289       142.22
 2181038.079     0.993750      1519553       160.00
 2189426.687     0.994531      1520732       182.86
 2197815.295     0.995313      1521890       213.33
 2208301.055     0.996094      1523161       256.00
 2212495.359     0.996484      1523651       284.44
 2218786.815     0.996875      1524287       320.00
 2225078.271     0.997266      1524837       365.71
 2231369.727     0.997656      1525336       426.67
 2239758.335     0.998047      1526001       512.00
 2243952.639     0.998242      1526291       568.89
 2248146.943     0.998437      1526527       640.00
 2254438.399     0.998633      1526832       731.43
 2264924.159     0.998828      1527178       853.33
 2275409.919     0.999023      1527451      1024.00
 2281701.375     0.999121      1527621      1137.78
 2285895.679     0.999219      1527722      1280.00
 2294284.287     0.999316      1527900      1462.86
 2300575.743     0.999414      1528029      1706.67
 2306867.199     0.999512      1528174      2048.00
 2311061.503     0.999561      1528259      2275.56
 2315255.807     0.999609      1528335      2560.00
 2319450.111     0.999658      1528394      2925.71
 2325741.567     0.999707      1528482      3413.33
 2332033.023     0.999756      1528542      4096.00
 2336227.327     0.999780      1528579      4551.11
 2340421.631     0.999805      1528623      5120.00
 2344615.935     0.999829      1528656      5851.43
 2355101.695     0.999854      1528704      6826.67
 2359295.999     0.999878      1528735      8192.00
 2363490.303     0.999890      1528753      9102.22
 2365587.455     0.999902      1528771     10240.00
 2367684.607     0.999915      1528786     11702.86
 2371878.911     0.999927      1528808     13653.33
 2373976.063     0.999939      1528823     16384.00
 2376073.215     0.999945      1528833     18204.44
 2378170.367     0.999951      1528840     20480.00
 2380267.519     0.999957      1528851     23405.71
 2386558.975     0.999963      1528861     27306.67
 2388656.127     0.999969      1528870     32768.00
 2390753.279     0.999973      1528875     36408.89
 2392850.431     0.999976      1528878     40960.00
 2403336.191     0.999979      1528885     46811.43
 2407530.495     0.999982      1528889     54613.33
 2409627.647     0.999985      1528895     65536.00
 2409627.647     0.999986      1528895     72817.78
 2411724.799     0.999988      1528897     81920.00
 2413821.951     0.999989      1528899     93622.86
 2424307.711     0.999991      1528901    109226.67
 2426404.863     0.999992      1528908    131072.00
 2426404.863     0.999993      1528908    145635.56
 2426404.863     0.999994      1528908    163840.00
 2426404.863     0.999995      1528908    187245.71
 2426404.863     0.999995      1528908    218453.33
 2428502.015     0.999996      1528913    262144.00
 2428502.015     0.999997      1528913    291271.11
 2428502.015     0.999997      1528913    327680.00
 2428502.015     0.999997      1528913    374491.43
 2428502.015     0.999998      1528913    436906.67
 2428502.015     0.999998      1528913    524288.00
 2428502.015     0.999998      1528913    582542.22
 2428502.015     0.999998      1528913    655360.00
 2428502.015     0.999999      1528913    748982.86
 2428502.015     0.999999      1528913    873813.33
 2428502.015     0.999999      1528913   1048576.00
 2428502.015     0.999999      1528913   1165084.44
 2428502.015     0.999999      1528913   1310720.00
 2428502.015     0.999999      1528913   1497965.71
 2430599.167     0.999999      1528914   1747626.67
 2430599.167     1.000000      1528914          inf
#[Mean    =  1077195.610, StdDeviation   =   599014.144]
#[Max     =  2428502.016, Total count    =      1528914]
#[Buckets =           27, SubBuckets     =         2048]
----------------------------------------------------------
  1532191 requests in 60.00m, 309.99MB read
  Socket errors: connect 0, read 135, write 3158, timeout 382873
  Non-2xx or 3xx responses: 186609
Requests/sec:    425.60
Transfer/sec:     88.17KB
