Running 60m test @ http://20.117.150.136:60/wrk2-api/home-timeline/read
  2 threads and 1000 connections
  Thread calibration: mean lat.: 119.980ms, rate sampling interval: 666ms
  Thread calibration: mean lat.: 122.240ms, rate sampling interval: 649ms
  Thread Stats   Avg      Stdev     99%   +/- Stdev
    Latency     8.10m     3.91m   16.80m    67.05%
    Req/Sec   377.34     64.11   497.00     70.72%
  Latency Distribution (HdrHistogram - Recorded Latency)
 50.000%    8.10m 
 75.000%   10.84m 
 90.000%   13.22m 
 99.000%   16.80m 
 99.900%   19.03m 
 99.990%   20.74m 
 99.999%   21.85m 
100.000%   22.16m 

  Detailed Percentile spectrum:
       Value   Percentile   TotalCount 1/(1-Percentile)

       3.123     0.000000            1         1.00
  161349.631     0.100000       271086         1.11
  290193.407     0.200000       542425         1.25
  365166.591     0.300000       813672         1.43
  425459.711     0.400000      1084766         1.67
  485752.831     0.500000      1355390         2.00
  516423.679     0.550000      1491022         2.22
  547880.959     0.600000      1628419         2.50
  580911.103     0.650000      1762259         2.86
  613941.247     0.700000      1898174         3.33
  650641.407     0.750000      2033243         4.00
  671088.639     0.775000      2101989         4.44
  691535.871     0.800000      2169656         5.00
  713031.679     0.825000      2236207         5.71
  736624.639     0.850000      2304684         6.67
  762839.039     0.875000      2372598         8.00
  778043.391     0.887500      2406029         8.89
  793247.743     0.900000      2439513        10.00
  810549.247     0.912500      2474068        11.43
  828899.327     0.925000      2507611        13.33
  849870.847     0.937500      2541213        16.00
  860356.607     0.943750      2558376        17.78
  871890.943     0.950000      2574942        20.00
  885522.431     0.956250      2592284        22.86
  899153.919     0.962500      2608871        26.67
  915406.847     0.968750      2625927        32.00
  924844.031     0.971875      2634473        35.56
  934281.215     0.975000      2642861        40.00
  946339.839     0.978125      2651378        45.71
  959447.039     0.981250      2659823        53.33
  974127.103     0.984375      2668079        64.00
  983039.999     0.985938      2672376        71.11
  992477.183     0.987500      2676681        80.00
 1001914.367     0.989062      2680870        91.43
 1011875.839     0.990625      2685013       106.67
 1023410.175     0.992188      2689322       128.00
 1029701.631     0.992969      2691454       142.22
 1037565.951     0.993750      2693514       160.00
 1047527.423     0.994531      2695636       182.86
 1057488.895     0.995313      2697798       213.33
 1067974.655     0.996094      2699845       256.00
 1073741.823     0.996484      2700962       284.44
 1080033.279     0.996875      2701961       320.00
 1088421.887     0.997266      2703084       365.71
 1096810.495     0.997656      2704100       426.67
 1107296.255     0.998047      2705198       512.00
 1111490.559     0.998242      2705670       568.89
 1116733.439     0.998437      2706267       640.00
 1121976.319     0.998633      2706712       731.43
 1132462.079     0.998828      2707262       853.33
 1143996.415     0.999023      2707794      1024.00
 1148190.719     0.999121      2708036      1137.78
 1153433.599     0.999219      2708314      1280.00
 1159725.055     0.999316      2708560      1462.86
 1166016.511     0.999414      2708828      1706.67
 1174405.119     0.999512      2709104      2048.00
 1180696.575     0.999561      2709230      2275.56
 1185939.455     0.999609      2709378      2560.00
 1192230.911     0.999658      2709493      2925.71
 1203765.247     0.999707      2709628      3413.33
 1218445.311     0.999756      2709764      4096.00
 1223688.191     0.999780      2709829      4551.11
 1226833.919     0.999805      2709892      5120.00
 1231028.223     0.999829      2709963      5851.43
 1235222.527     0.999854      2710036      6826.67
 1238368.255     0.999878      2710086      8192.00
 1242562.559     0.999890      2710123      9102.22
 1244659.711     0.999902      2710147     10240.00
 1247805.439     0.999915      2710192     11702.86
 1250951.167     0.999927      2710214     13653.33
 1256194.047     0.999939      2710255     16384.00
 1257242.623     0.999945      2710264     18204.44
 1260388.351     0.999951      2710280     20480.00
 1263534.079     0.999957      2710305     23405.71
 1264582.655     0.999963      2710312     27306.67
 1268776.959     0.999969      2710332     32768.00
 1269825.535     0.999973      2710337     36408.89
 1276116.991     0.999976      2710347     40960.00
 1280311.295     0.999979      2710354     46811.43
 1297088.511     0.999982      2710362     54613.33
 1302331.391     0.999985      2710370     65536.00
 1306525.695     0.999986      2710375     72817.78
 1308622.847     0.999988      2710379     81920.00
 1310719.999     0.999989      2710386     93622.86
 1311768.575     0.999991      2710388    109226.67
 1313865.727     0.999992      2710391    131072.00
 1314914.303     0.999993      2710394    145635.56
 1315962.879     0.999994      2710396    163840.00
 1317011.455     0.999995      2710397    187245.71
 1319108.607     0.999995      2710399    218453.33
 1320157.183     0.999996      2710401    262144.00
 1322254.335     0.999997      2710403    291271.11
 1322254.335     0.999997      2710403    327680.00
 1325400.063     0.999997      2710405    374491.43
 1325400.063     0.999998      2710405    436906.67
 1326448.639     0.999998      2710406    524288.00
 1327497.215     0.999998      2710410    582542.22
 1327497.215     0.999998      2710410    655360.00
 1327497.215     0.999999      2710410    748982.86
 1327497.215     0.999999      2710410    873813.33
 1327497.215     0.999999      2710410   1048576.00
 1327497.215     0.999999      2710410   1165084.44
 1327497.215     0.999999      2710410   1310720.00
 1327497.215     0.999999      2710410   1497965.71
 1327497.215     0.999999      2710410   1747626.67
 1327497.215     1.000000      2710410   2097152.00
 1327497.215     1.000000      2710410   2330168.89
 1327497.215     1.000000      2710410   2621440.00
 1329594.367     1.000000      2710411   2995931.43
 1329594.367     1.000000      2710411          inf
#[Mean    =   486067.032, StdDeviation   =   234552.583]
#[Max     =  1328545.792, Total count    =      2710411]
#[Buckets =           27, SubBuckets     =         2048]
----------------------------------------------------------
  2719480 requests in 60.00m, 35.27GB read
  Socket errors: connect 0, read 746, write 17306, timeout 243705
  Non-2xx or 3xx responses: 68289
Requests/sec:    755.41
Transfer/sec:     10.03MB
