Running 30m test @ http://20.90.107.54:60/wrk2-api/post/compose
  2 threads and 1000 connections
  Thread calibration: mean lat.: 709.022ms, rate sampling interval: 4022ms
  Thread calibration: mean lat.: 573.001ms, rate sampling interval: 2809ms
  Thread Stats   Avg      Stdev     99%   +/- Stdev
    Latency     2.11m     1.45m    5.57m    61.74%
    Req/Sec   421.86     32.56   487.00     75.07%
  Latency Distribution (HdrHistogram - Recorded Latency)
 50.000%    1.93m 
 75.000%    3.20m 
 90.000%    4.16m 
 99.000%    5.57m 
 99.900%    6.54m 
 99.990%    7.33m 
 99.999%    7.52m 
100.000%    7.61m 

  Detailed Percentile spectrum:
       Value   Percentile   TotalCount 1/(1-Percentile)

       9.431     0.000000            1         1.00
   19218.431     0.100000       151178         1.11
   41123.839     0.200000       302414         1.25
   64225.279     0.300000       453470         1.43
   89128.959     0.400000       604585         1.67
  115802.111     0.500000       755768         2.00
  129892.351     0.550000       831105         2.22
  144572.415     0.600000       907113         2.50
  159776.767     0.650000       982536         2.86
  175505.407     0.700000      1057800         3.33
  191889.407     0.750000      1133329         4.00
  200278.015     0.775000      1171525         4.44
  209059.839     0.800000      1209180         5.00
  218365.951     0.825000      1246893         5.71
  227672.063     0.850000      1284614         6.67
  238026.751     0.875000      1322468         8.00
  243531.775     0.887500      1341161         8.89
  249692.159     0.900000      1360178        10.00
  256376.831     0.912500      1378957        11.43
  263585.791     0.925000      1398044        13.33
  271581.183     0.937500      1416876        16.00
  276037.631     0.943750      1426507        17.78
  280494.079     0.950000      1435810        20.00
  285474.815     0.956250      1445296        22.86
  291241.983     0.962500      1454584        26.67
  298057.727     0.968750      1463837        32.00
  301989.887     0.971875      1468721        35.56
  305922.047     0.975000      1473292        40.00
  310116.351     0.978125      1478013        45.71
  315097.087     0.981250      1482885        53.33
  320602.111     0.984375      1487615        64.00
  323485.695     0.985938      1489814        71.11
  327155.711     0.987500      1492173        80.00
  331350.015     0.989062      1494577        91.43
  336068.607     0.990625      1496910       106.67
  341311.487     0.992188      1499263       128.00
  344457.215     0.992969      1500469       142.22
  347602.943     0.993750      1501617       160.00
  351272.959     0.994531      1502822       182.86
  354942.975     0.995313      1503966       213.33
  359661.567     0.996094      1505168       256.00
  362545.151     0.996484      1505759       284.44
  365166.591     0.996875      1506325       320.00
  368312.319     0.997266      1506912       365.71
  372506.623     0.997656      1507500       426.67
  376700.927     0.998047      1508090       512.00
  379846.655     0.998242      1508388       568.89
  382730.239     0.998437      1508691       640.00
  385351.679     0.998633      1508978       731.43
  389283.839     0.998828      1509284       853.33
  392691.711     0.999023      1509571      1024.00
  394788.863     0.999121      1509732      1137.78
  396886.015     0.999219      1509873      1280.00
  399507.455     0.999316      1510021      1462.86
  401342.463     0.999414      1510156      1706.67
  404750.335     0.999512      1510311      2048.00
  406847.487     0.999561      1510386      2275.56
  408420.351     0.999609      1510452      2560.00
  410779.647     0.999658      1510528      2925.71
  413663.231     0.999707      1510598      3413.33
  417071.103     0.999756      1510673      4096.00
  418643.967     0.999780      1510711      4551.11
  420216.831     0.999805      1510749      5120.00
  422313.983     0.999829      1510785      5851.43
  424673.279     0.999854      1510820      6826.67
  435159.039     0.999878      1510857      8192.00
  437780.479     0.999890      1510877      9102.22
  439877.631     0.999902      1510894     10240.00
  441712.639     0.999915      1510911     11702.86
  442761.215     0.999927      1510938     13653.33
  443547.647     0.999939      1510951     16384.00
  444334.079     0.999945      1510957     18204.44
  445382.655     0.999951      1510967     20480.00
  446693.375     0.999957      1510977     23405.71
  447479.807     0.999963      1510986     27306.67
  448004.095     0.999969      1511000     32768.00
  448004.095     0.999973      1511000     36408.89
  448528.383     0.999976      1511007     40960.00
  448790.527     0.999979      1511008     46811.43
  449839.103     0.999982      1511013     54613.33
  450363.391     0.999985      1511018     65536.00
  450625.535     0.999986      1511020     72817.78
  450887.679     0.999988      1511023     81920.00
  451149.823     0.999989      1511026     93622.86
  451936.255     0.999991      1511028    109226.67
  452460.543     0.999992      1511030    131072.00
  452460.543     0.999993      1511030    145635.56
  452984.831     0.999994      1511033    163840.00
  452984.831     0.999995      1511033    187245.71
  453771.263     0.999995      1511034    218453.33
  454295.551     0.999996      1511035    262144.00
  454295.551     0.999997      1511035    291271.11
  454557.695     0.999997      1511036    327680.00
  454557.695     0.999997      1511036    374491.43
  455606.271     0.999998      1511037    436906.67
  456130.559     0.999998      1511038    524288.00
  456130.559     0.999998      1511038    582542.22
  456130.559     0.999998      1511038    655360.00
  456130.559     0.999999      1511038    748982.86
  456392.703     0.999999      1511040    873813.33
  456392.703     1.000000      1511040          inf
#[Mean    =   126864.702, StdDeviation   =    86844.101]
#[Max     =   456130.560, Total count    =      1511040]
#[Buckets =           27, SubBuckets     =         2048]
----------------------------------------------------------
  1518779 requests in 30.00m, 294.26MB read
  Socket errors: connect 0, read 72, write 104082, timeout 121879
  Non-2xx or 3xx responses: 74724
Requests/sec:    843.76
Transfer/sec:    167.40KB
