Running 30m test @ http://20.90.107.54:60/wrk2-api/home-timeline/read
  2 threads and 1000 connections
  Thread calibration: mean lat.: 156.759ms, rate sampling interval: 894ms
  Thread calibration: mean lat.: 180.849ms, rate sampling interval: 1205ms
  Thread Stats   Avg      Stdev     99%   +/- Stdev
    Latency     1.68m     1.17m    4.40m    61.07%
    Req/Sec   439.93     26.94   510.00     74.77%
  Latency Distribution (HdrHistogram - Recorded Latency)
 50.000%    1.58m 
 75.000%    2.57m 
 90.000%    3.32m 
 99.000%    4.40m 
 99.900%    5.24m 
 99.990%    5.83m 
 99.999%    6.09m 
100.000%    6.18m 

  Detailed Percentile spectrum:
       Value   Percentile   TotalCount 1/(1-Percentile)

       0.225     0.000000            1         1.00
   10780.671     0.100000       157547         1.11
   30081.023     0.200000       315075         1.25
   50331.647     0.300000       472574         1.43
   71958.527     0.400000       630231         1.67
   94765.055     0.500000       787836         2.00
  106102.783     0.550000       866611         2.22
  117702.655     0.600000       945582         2.50
  129761.279     0.650000      1024117         2.86
  141819.903     0.700000      1103350         3.33
  154402.815     0.750000      1181894         4.00
  160563.199     0.775000      1220935         4.44
  167378.943     0.800000      1260731         5.00
  174587.903     0.825000      1300139         5.71
  182190.079     0.850000      1339119         6.67
  190447.615     0.875000      1378388         8.00
  194772.991     0.887500      1398105         8.89
  199360.511     0.900000      1417904        10.00
  204472.319     0.912500      1437721        11.43
  209846.271     0.925000      1457470        13.33
  215744.511     0.937500      1477061        16.00
  219021.311     0.943750      1486921        17.78
  222429.183     0.950000      1496687        20.00
  225968.127     0.956250      1506373        22.86
  230293.503     0.962500      1516278        26.67
  235405.311     0.968750      1526075        32.00
  238288.895     0.971875      1531100        35.56
  241303.551     0.975000      1535985        40.00
  244580.351     0.978125      1540910        45.71
  248119.295     0.981250      1545775        53.33
  252968.959     0.984375      1550710        64.00
  255852.543     0.985938      1553204        71.11
  258867.199     0.987500      1555645        80.00
  261750.783     0.989062      1558040        91.43
  265289.727     0.990625      1560508       106.67
  269484.031     0.992188      1563030       128.00
  271581.183     0.992969      1564210       142.22
  274464.767     0.993750      1565480       160.00
  277348.351     0.994531      1566703       182.86
  281542.655     0.995313      1567925       213.33
  286523.391     0.996094      1569118       256.00
  289669.119     0.996484      1569730       284.44
  292814.847     0.996875      1570348       320.00
  296484.863     0.997266      1570983       365.71
  299368.447     0.997656      1571595       426.67
  303300.607     0.998047      1572183       512.00
  305135.615     0.998242      1572516       568.89
  307232.767     0.998437      1572795       640.00
  309329.919     0.998633      1573108       731.43
  311951.359     0.998828      1573434       853.33
  315097.087     0.999023      1573721      1024.00
  316932.095     0.999121      1573871      1137.78
  319029.247     0.999219      1574019      1280.00
  321126.399     0.999316      1574169      1462.86
  324796.415     0.999414      1574327      1706.67
  328990.719     0.999512      1574476      2048.00
  331350.015     0.999561      1574555      2275.56
  333709.311     0.999609      1574633      2560.00
  335806.463     0.999658      1574714      2925.71
  337379.327     0.999707      1574783      3413.33
  340000.767     0.999756      1574862      4096.00
  341049.343     0.999780      1574901      4551.11
  342360.063     0.999805      1574938      5120.00
  343932.927     0.999829      1574975      5851.43
  345505.791     0.999854      1575019      6826.67
  347078.655     0.999878      1575053      8192.00
  348389.375     0.999890      1575071      9102.22
  349962.239     0.999902      1575090     10240.00
  351272.959     0.999915      1575112     11702.86
  352321.535     0.999927      1575128     13653.33
  353107.967     0.999939      1575149     16384.00
  354156.543     0.999945      1575158     18204.44
  355205.119     0.999951      1575169     20480.00
  356253.695     0.999957      1575178     23405.71
  359399.423     0.999963      1575186     27306.67
  360710.143     0.999969      1575195     32768.00
  361496.575     0.999973      1575202     36408.89
  362020.863     0.999976      1575205     40960.00
  363593.727     0.999979      1575211     46811.43
  364118.015     0.999982      1575216     54613.33
  364642.303     0.999985      1575219     65536.00
  365428.735     0.999986      1575223     72817.78
  365690.879     0.999988      1575228     81920.00
  365690.879     0.999989      1575228     93622.86
  366215.167     0.999991      1575230    109226.67
  366477.311     0.999992      1575233    131072.00
  366477.311     0.999993      1575233    145635.56
  366739.455     0.999994      1575234    163840.00
  367001.599     0.999995      1575237    187245.71
  367001.599     0.999995      1575237    218453.33
  367001.599     0.999996      1575237    262144.00
  367263.743     0.999997      1575238    291271.11
  367788.031     0.999997      1575239    327680.00
  367788.031     0.999997      1575239    374491.43
  368312.319     0.999998      1575240    436906.67
  368312.319     0.999998      1575240    524288.00
  369098.751     0.999998      1575241    582542.22
  369098.751     0.999998      1575241    655360.00
  369098.751     0.999999      1575241    748982.86
  369885.183     0.999999      1575242    873813.33
  369885.183     0.999999      1575242   1048576.00
  369885.183     0.999999      1575242   1165084.44
  369885.183     0.999999      1575242   1310720.00
  369885.183     0.999999      1575242   1497965.71
  370671.615     0.999999      1575243   1747626.67
  370671.615     1.000000      1575243          inf
#[Mean    =   100999.344, StdDeviation   =    70272.710]
#[Max     =   370409.472, Total count    =      1575243]
#[Buckets =           27, SubBuckets     =         2048]
----------------------------------------------------------
  1584339 requests in 30.00m, 21.40GB read
  Socket errors: connect 0, read 386, write 213777, timeout 122013
  Non-2xx or 3xx responses: 166
Requests/sec:    880.19
Transfer/sec:     12.18MB
