Running 60m test @ http://20.90.154.146:60/wrk2-api/home-timeline/read
  2 threads and 1000 connections
  Thread calibration: mean lat.: 8.186ms, rate sampling interval: 26ms
  Thread calibration: mean lat.: 8.175ms, rate sampling interval: 27ms
  Thread Stats   Avg      Stdev     99%   +/- Stdev
    Latency    11.53s     9.03s   35.72s    64.22%
    Req/Sec   507.04    166.11     0.96k    70.71%
  Latency Distribution (HdrHistogram - Recorded Latency)
 50.000%   10.05s 
 75.000%   17.56s 
 90.000%   24.28s 
 99.000%   35.72s 
 99.900%   44.73s 
 99.990%    0.87m 
 99.999%    0.99m 
100.000%    1.08m 

  Detailed Percentile spectrum:
       Value   Percentile   TotalCount 1/(1-Percentile)

       0.086     0.000000            1         1.00
     665.087     0.100000       356382         1.11
    2822.143     0.200000       712940         1.25
    5083.135     0.300000      1069413         1.43
    7487.487     0.400000      1425780         1.67
   10051.583     0.500000      1782400         2.00
   11395.071     0.550000      1960492         2.22
   12804.095     0.600000      2138727         2.50
   14286.847     0.650000      2316786         2.86
   15859.711     0.700000      2495234         3.33
   17563.647     0.750000      2673935         4.00
   18464.767     0.775000      2762218         4.44
   19431.423     0.800000      2851354         5.00
   20463.615     0.825000      2940078         5.71
   21610.495     0.850000      3030094         6.67
   22855.679     0.875000      3118932         8.00
   23543.807     0.887500      3163668         8.89
   24281.087     0.900000      3207965        10.00
   25100.287     0.912500      3252212        11.43
   26017.791     0.925000      3296782        13.33
   27049.983     0.937500      3341210        16.00
   27639.807     0.943750      3363653        17.78
   28262.399     0.950000      3385626        20.00
   28966.911     0.956250      3407855        22.86
   29753.343     0.962500      3430124        26.67
   30638.079     0.968750      3452382        32.00
   31129.599     0.971875      3463434        35.56
   31686.655     0.975000      3474703        40.00
   32292.863     0.978125      3485743        45.71
   32997.375     0.981250      3497031        53.33
   33816.575     0.984375      3508224        64.00
   34275.327     0.985938      3513686        71.11
   34799.615     0.987500      3519355        80.00
   35356.671     0.989062      3524872        91.43
   35979.263     0.990625      3530288       106.67
   36732.927     0.992188      3535802       128.00
   37191.679     0.992969      3538769       142.22
   37650.431     0.993750      3541444       160.00
   38207.487     0.994531      3544152       182.86
   38862.847     0.995313      3547023       213.33
   39583.743     0.996094      3549762       256.00
   40009.727     0.996484      3551134       284.44
   40468.479     0.996875      3552558       320.00
   40959.999     0.997266      3553916       365.71
   41549.823     0.997656      3555354       426.67
   42205.183     0.998047      3556700       512.00
   42631.167     0.998242      3557420       568.89
   43057.151     0.998437      3558089       640.00
   43548.671     0.998633      3558799       731.43
   44138.495     0.998828      3559491       853.33
   44793.855     0.999023      3560179      1024.00
   45154.303     0.999121      3560503      1137.78
   45613.055     0.999219      3560857      1280.00
   46039.039     0.999316      3561200      1462.86
   46530.559     0.999414      3561561      1706.67
   47087.615     0.999512      3561895      2048.00
   47415.295     0.999561      3562086      2275.56
   47775.743     0.999609      3562250      2560.00
   48234.495     0.999658      3562425      2925.71
   48726.015     0.999707      3562606      3413.33
   49381.375     0.999756      3562765      4096.00
   49741.823     0.999780      3562854      4551.11
   50167.807     0.999805      3562947      5120.00
   50593.791     0.999829      3563029      5851.43
   51052.543     0.999854      3563118      6826.67
   51576.831     0.999878      3563205      8192.00
   51970.047     0.999890      3563246      9102.22
   52297.727     0.999902      3563288     10240.00
   52756.479     0.999915      3563334     11702.86
   53280.767     0.999927      3563376     13653.33
   53968.895     0.999939      3563418     16384.00
   54263.807     0.999945      3563441     18204.44
   54558.719     0.999951      3563461     20480.00
   55050.239     0.999957      3563485     23405.71
   55541.759     0.999963      3563505     27306.67
   56426.495     0.999969      3563527     32768.00
   56786.943     0.999973      3563538     36408.89
   57081.855     0.999976      3563548     40960.00
   57343.999     0.999979      3563559     46811.43
   57606.143     0.999982      3563570     54613.33
   57999.359     0.999985      3563581     65536.00
   58195.967     0.999986      3563587     72817.78
   58556.415     0.999988      3563592     81920.00
   59080.703     0.999989      3563597     93622.86
   59342.847     0.999991      3563603    109226.67
   59572.223     0.999992      3563609    131072.00
   59801.599     0.999993      3563612    145635.56
   59998.207     0.999994      3563614    163840.00
   60162.047     0.999995      3563616    187245.71
   60227.583     0.999995      3563619    218453.33
   60620.799     0.999996      3563623    262144.00
   60620.799     0.999997      3563623    291271.11
   60817.407     0.999997      3563625    327680.00
   61145.087     0.999997      3563626    374491.43
   61472.767     0.999998      3563627    436906.67
   61669.375     0.999998      3563629    524288.00
   61669.375     0.999998      3563629    582542.22
   61964.287     0.999998      3563630    655360.00
   62259.199     0.999999      3563631    748982.86
   62259.199     0.999999      3563631    873813.33
   62914.559     0.999999      3563632   1048576.00
   62914.559     0.999999      3563632   1165084.44
   63635.455     0.999999      3563633   1310720.00
   63635.455     0.999999      3563633   1497965.71
   63635.455     0.999999      3563633   1747626.67
   64290.815     1.000000      3563634   2097152.00
   64290.815     1.000000      3563634   2330168.89
   64290.815     1.000000      3563634   2621440.00
   64290.815     1.000000      3563634   2995931.43
   64290.815     1.000000      3563634   3495253.33
   64847.871     1.000000      3563635   4194304.00
   64847.871     1.000000      3563635          inf
#[Mean    =    11525.118, StdDeviation   =     9031.666]
#[Max     =    64815.104, Total count    =      3563635]
#[Buckets =           27, SubBuckets     =         2048]
----------------------------------------------------------
  3573117 requests in 60.00m, 48.29GB read
  Socket errors: connect 0, read 210, write 25683, timeout 243943
  Non-2xx or 3xx responses: 67
Requests/sec:    992.53
Transfer/sec:     13.74MB
