Running 30m test @ http://20.108.9.218:60
  2 threads and 1000 connections
  Thread calibration: mean lat.: 4103.285ms, rate sampling interval: 14016ms
  Thread calibration: mean lat.: 4181.058ms, rate sampling interval: 14573ms
  Thread Stats   Avg      Stdev     99%   +/- Stdev
    Latency    12.42m     7.11m   24.66m    57.94%
    Req/Sec   169.52      7.33   183.00     79.52%
  Latency Distribution (HdrHistogram - Recorded Latency)
 50.000%   12.39m 
 75.000%   18.54m 
 90.000%   22.28m 
 99.000%   24.66m 
 99.900%   25.17m 
 99.990%   25.43m 
 99.999%   25.66m 
100.000%   25.85m 

  Detailed Percentile spectrum:
       Value   Percentile   TotalCount 1/(1-Percentile)

    1441.791     0.000000            1         1.00
  156762.111     0.100000        60861         1.11
  303300.607     0.200000       121703         1.25
  449839.103     0.300000       182526         1.43
  596639.743     0.400000       243325         1.67
  743440.383     0.500000       304178         2.00
  818413.567     0.550000       334631         2.22
  890765.311     0.600000       365167         2.50
  963641.343     0.650000       395372         2.86
 1039138.815     0.700000       425880         3.33
 1112539.135     0.750000       456192         4.00
 1150287.871     0.775000       471480         4.44
 1186988.031     0.800000       486746         5.00
 1224736.767     0.825000       501836         5.71
 1263534.079     0.850000       517321         6.67
 1300234.239     0.875000       532627         8.00
 1318060.031     0.887500       540164         8.89
 1336934.399     0.900000       547760        10.00
 1355808.767     0.912500       555216        11.43
 1374683.135     0.925000       562800        13.33
 1393557.503     0.937500       570494        16.00
 1402994.687     0.943750       574375        17.78
 1412431.871     0.950000       578053        20.00
 1421869.055     0.956250       581671        22.86
 1432354.815     0.962500       585738        26.67
 1441791.999     0.968750       589269        32.00
 1447034.879     0.971875       591303        35.56
 1452277.759     0.975000       593265        40.00
 1457520.639     0.978125       595101        45.71
 1462763.519     0.981250       596937        53.33
 1469054.975     0.984375       599026        64.00
 1472200.703     0.985938       600035        71.11
 1474297.855     0.987500       600722        80.00
 1477443.583     0.989062       601675        91.43
 1480589.311     0.990625       602630       106.67
 1484783.615     0.992188       603760       128.00
 1485832.191     0.992969       604020       142.22
 1487929.343     0.993750       604514       160.00
 1490026.495     0.994531       604976       182.86
 1493172.223     0.995313       605587       213.33
 1495269.375     0.996094       605968       256.00
 1496317.951     0.996484       606146       284.44
 1498415.103     0.996875       606463       320.00
 1499463.679     0.997266       606618       365.71
 1501560.831     0.997656       606904       426.67
 1503657.983     0.998047       607135       512.00
 1504706.559     0.998242       607250       568.89
 1505755.135     0.998437       607356       640.00
 1506803.711     0.998633       607451       731.43
 1508900.863     0.998828       607601       853.33
 1509949.439     0.999023       607667      1024.00
 1510998.015     0.999121       607736      1137.78
 1512046.591     0.999219       607782      1280.00
 1514143.743     0.999316       607871      1462.86
 1515192.319     0.999414       607924      1706.67
 1516240.895     0.999512       607975      2048.00
 1517289.471     0.999561       608018      2275.56
 1518338.047     0.999609       608044      2560.00
 1519386.623     0.999658       608076      2925.71
 1520435.199     0.999707       608100      3413.33
 1521483.775     0.999756       608126      4096.00
 1521483.775     0.999780       608126      4551.11
 1522532.351     0.999805       608146      5120.00
 1523580.927     0.999829       608162      5851.43
 1524629.503     0.999854       608186      6826.67
 1524629.503     0.999878       608186      8192.00
 1525678.079     0.999890       608197      9102.22
 1525678.079     0.999902       608197     10240.00
 1527775.231     0.999915       608211     11702.86
 1528823.807     0.999927       608221     13653.33
 1528823.807     0.999939       608221     16384.00
 1529872.383     0.999945       608228     18204.44
 1529872.383     0.999951       608228     20480.00
 1530920.959     0.999957       608234     23405.71
 1530920.959     0.999963       608234     27306.67
 1533018.111     0.999969       608238     32768.00
 1535115.263     0.999973       608240     36408.89
 1536163.839     0.999976       608243     40960.00
 1537212.415     0.999979       608245     46811.43
 1537212.415     0.999982       608245     54613.33
 1538260.991     0.999985       608249     65536.00
 1538260.991     0.999986       608249     72817.78
 1538260.991     0.999988       608249     81920.00
 1539309.567     0.999989       608251     93622.86
 1539309.567     0.999991       608251    109226.67
 1541406.719     0.999992       608252    131072.00
 1541406.719     0.999993       608252    145635.56
 1544552.447     0.999994       608253    163840.00
 1544552.447     0.999995       608253    187245.71
 1545601.023     0.999995       608254    218453.33
 1545601.023     0.999996       608254    262144.00
 1545601.023     0.999997       608254    291271.11
 1546649.599     0.999997       608255    327680.00
 1546649.599     0.999997       608255    374491.43
 1546649.599     0.999998       608255    436906.67
 1546649.599     0.999998       608255    524288.00
 1546649.599     0.999998       608255    582542.22
 1550843.903     0.999998       608256    655360.00
 1550843.903     1.000000       608256          inf
#[Mean    =   745111.924, StdDeviation   =   426333.210]
#[Max     =  1549795.328, Total count    =       608256]
#[Buckets =           27, SubBuckets     =         2048]
----------------------------------------------------------
  611100 requests in 30.00m, 284.90MB read
  Socket errors: connect 0, read 193, write 783, timeout 16286
  Non-2xx or 3xx responses: 3
Requests/sec:    339.50
Transfer/sec:    162.08KB
