Running 60m test @ http://20.117.67.105:60/wrk2-api/post/compose
  2 threads and 1000 connections
  Thread calibration: mean lat.: 3465.907ms, rate sampling interval: 13819ms
  Thread calibration: mean lat.: 3224.867ms, rate sampling interval: 13574ms
  Thread Stats   Avg      Stdev     99%   +/- Stdev
    Latency    20.30m     9.55m   37.99m    62.65%
    Req/Sec   178.29     50.67   322.00     70.75%
  Latency Distribution (HdrHistogram - Recorded Latency)
 50.000%   20.43m 
 75.000%   27.98m 
 90.000%   33.33m 
 99.000%   37.99m 
 99.900%   40.54m 
 99.990%   42.15m 
 99.999%   42.92m 
100.000%   43.20m 

  Detailed Percentile spectrum:
       Value   Percentile   TotalCount 1/(1-Percentile)

     488.191     0.000000            1         1.00
  452722.687     0.100000       128477         1.11
  689438.719     0.200000       256972         1.25
  865599.487     0.300000       385427         1.43
 1034944.511     0.400000       513428         1.67
 1225785.343     0.500000       642532         2.00
 1310719.999     0.550000       705982         2.22
 1394606.079     0.600000       770338         2.50
 1486880.767     0.650000       834647         2.86
 1580204.031     0.700000       898751         3.33
 1678770.175     0.750000       962878         4.00
 1729101.823     0.775000       994854         4.44
 1781530.623     0.800000      1027239         5.00
 1832910.847     0.825000      1059245         5.71
 1887436.799     0.850000      1091527         6.67
 1943011.327     0.875000      1123331         8.00
 1971322.879     0.887500      1139658         8.89
 1999634.431     0.900000      1155743        10.00
 2028994.559     0.912500      1171801        11.43
 2059403.263     0.925000      1187637        13.33
 2090860.543     0.937500      1203687        16.00
 2107637.759     0.943750      1211751        17.78
 2125463.551     0.950000      1219477        20.00
 2143289.343     0.956250      1227417        22.86
 2164260.863     0.962500      1236222        26.67
 2183135.231     0.968750      1243600        32.00
 2195718.143     0.971875      1247959        35.56
 2206203.903     0.975000      1251531        40.00
 2220883.967     0.978125      1256042        45.71
 2233466.879     0.981250      1259616        53.33
 2248146.943     0.984375      1263485        64.00
 2256535.551     0.985938      1265747        71.11
 2264924.159     0.987500      1267863        80.00
 2273312.767     0.989062      1269626        91.43
 2283798.527     0.990625      1271689       106.67
 2296381.439     0.992188      1273731       128.00
 2302672.895     0.992969      1274664       142.22
 2308964.351     0.993750      1275534       160.00
 2317352.959     0.994531      1276529       182.86
 2329935.871     0.995313      1277630       213.33
 2344615.935     0.996094      1278621       256.00
 2353004.543     0.996484      1279088       284.44
 2361393.151     0.996875      1279542       320.00
 2369781.759     0.997266      1280050       365.71
 2380267.519     0.997656      1280585       426.67
 2390753.279     0.998047      1281096       512.00
 2397044.735     0.998242      1281329       568.89
 2405433.343     0.998437      1281572       640.00
 2413821.951     0.998633      1281820       731.43
 2422210.559     0.998828      1282047       853.33
 2434793.471     0.999023      1282320      1024.00
 2441084.927     0.999121      1282435      1137.78
 2447376.383     0.999219      1282550      1280.00
 2455764.991     0.999316      1282672      1462.86
 2464153.599     0.999414      1282795      1706.67
 2474639.359     0.999512      1282910      2048.00
 2480930.815     0.999561      1282983      2275.56
 2487222.271     0.999609      1283052      2560.00
 2491416.575     0.999658      1283139      2925.71
 2493513.727     0.999707      1283165      3413.33
 2499805.183     0.999756      1283226      4096.00
 2503999.487     0.999780      1283256      4551.11
 2508193.791     0.999805      1283287      5120.00
 2512388.095     0.999829      1283316      5851.43
 2518679.551     0.999854      1283360      6826.67
 2522873.855     0.999878      1283381      8192.00
 2527068.159     0.999890      1283405      9102.22
 2529165.311     0.999902      1283413     10240.00
 2533359.615     0.999915      1283436     11702.86
 2535456.767     0.999927      1283447     13653.33
 2539651.071     0.999939      1283458     16384.00
 2543845.375     0.999945      1283467     18204.44
 2548039.679     0.999951      1283476     20480.00
 2550136.831     0.999957      1283481     23405.71
 2556428.287     0.999963      1283489     27306.67
 2562719.743     0.999969      1283501     32768.00
 2562719.743     0.999973      1283501     36408.89
 2564816.895     0.999976      1283508     40960.00
 2564816.895     0.999979      1283508     46811.43
 2566914.047     0.999982      1283513     54613.33
 2571108.351     0.999985      1283518     65536.00
 2571108.351     0.999986      1283518     72817.78
 2573205.503     0.999988      1283520     81920.00
 2575302.655     0.999989      1283522     93622.86
 2579496.959     0.999991      1283526    109226.67
 2579496.959     0.999992      1283526    131072.00
 2581594.111     0.999993      1283532    145635.56
 2581594.111     0.999994      1283532    163840.00
 2581594.111     0.999995      1283532    187245.71
 2581594.111     0.999995      1283532    218453.33
 2581594.111     0.999996      1283532    262144.00
 2581594.111     0.999997      1283532    291271.11
 2581594.111     0.999997      1283532    327680.00
 2581594.111     0.999997      1283532    374491.43
 2589982.719     0.999998      1283533    436906.67
 2589982.719     0.999998      1283533    524288.00
 2589982.719     0.999998      1283533    582542.22
 2592079.871     0.999998      1283535    655360.00
 2592079.871     1.000000      1283535          inf
#[Mean    =  1218076.254, StdDeviation   =   572789.979]
#[Max     =  2589982.720, Total count    =      1283535]
#[Buckets =           27, SubBuckets     =         2048]
----------------------------------------------------------
  1285470 requests in 60.00m, 249.49MB read
  Socket errors: connect 0, read 163, write 3334, timeout 894042
  Non-2xx or 3xx responses: 67860
Requests/sec:    357.07
Transfer/sec:     70.97KB
