Running 60m test @ http://20.117.145.208:60
  2 threads and 1000 connections
  Thread calibration: mean lat.: 3180.645ms, rate sampling interval: 11673ms
  Thread calibration: mean lat.: 3197.614ms, rate sampling interval: 12009ms
  Thread Stats   Avg      Stdev     99%   +/- Stdev
    Latency    15.26m     6.54m   27.75m    64.65%
    Req/Sec   571.96    112.77   668.00     83.14%
  Latency Distribution (HdrHistogram - Recorded Latency)
 50.000%   15.46m 
 75.000%   20.45m 
 90.000%   23.75m 
 99.000%   27.75m 
 99.900%   30.20m 
 99.990%   32.91m 
 99.999%   33.40m 
100.000%   33.45m 

  Detailed Percentile spectrum:
       Value   Percentile   TotalCount 1/(1-Percentile)

     444.671     0.000000            1         1.00
  390332.415     0.100000       411207         1.11
  568328.191     0.200000       822528         1.25
  692584.447     0.300000      1233510         1.43
  810549.247     0.400000      1644897         1.67
  927465.471     0.500000      2055395         2.00
  985137.151     0.550000      2262476         2.22
 1043333.119     0.600000      2466417         2.50
 1103101.951     0.650000      2673075         2.86
 1163919.359     0.700000      2879282         3.33
 1226833.919     0.750000      3085845         4.00
 1256194.047     0.775000      3187101         4.44
 1288699.903     0.800000      3288520         5.00
 1321205.759     0.825000      3393017         5.71
 1355808.767     0.850000      3496181         6.67
 1389363.199     0.875000      3599381         8.00
 1406140.415     0.887500      3650117         8.89
 1425014.783     0.900000      3702026        10.00
 1443889.151     0.912500      3751083        11.43
 1465909.247     0.925000      3803735        13.33
 1488977.919     0.937500      3854078        16.00
 1502609.407     0.943750      3880165        17.78
 1518338.047     0.950000      3906299        20.00
 1533018.111     0.956250      3931092        22.86
 1548746.751     0.962500      3956595        26.67
 1567621.119     0.968750      3983281        32.00
 1577058.303     0.971875      3994962        35.56
 1588592.639     0.975000      4008353        40.00
 1601175.551     0.978125      4021347        45.71
 1615855.615     0.981250      4033650        53.33
 1632632.831     0.984375      4046292        64.00
 1641021.439     0.985938      4052764        71.11
 1650458.623     0.987500      4059332        80.00
 1659895.807     0.989062      4065759        91.43
 1670381.567     0.990625      4072461       106.67
 1681915.903     0.992188      4078466       128.00
 1689255.935     0.992969      4081839       142.22
 1695547.391     0.993750      4085148       160.00
 1702887.423     0.994531      4088060       182.86
 1712324.607     0.995313      4091391       213.33
 1725956.095     0.996094      4094699       256.00
 1731198.975     0.996484      4096150       284.44
 1738539.007     0.996875      4097734       320.00
 1746927.615     0.997266      4099367       365.71
 1756364.799     0.997656      4101017       426.67
 1766850.559     0.998047      4102496       512.00
 1774190.591     0.998242      4103304       568.89
 1782579.199     0.998437      4104089       640.00
 1793064.959     0.998633      4104978       731.43
 1802502.143     0.998828      4105692       853.33
 1814036.479     0.999023      4106509      1024.00
 1820327.935     0.999121      4106941      1137.78
 1828716.543     0.999219      4107337      1280.00
 1836056.575     0.999316      4107693      1462.86
 1845493.759     0.999414      4108106      1706.67
 1854930.943     0.999512      4108501      2048.00
 1859125.247     0.999561      4108717      2275.56
 1863319.551     0.999609      4108932      2560.00
 1866465.279     0.999658      4109164      2925.71
 1869611.007     0.999707      4109326      3413.33
 1874853.887     0.999756      4109529      4096.00
 1877999.615     0.999780      4109640      4551.11
 1880096.767     0.999805      4109714      5120.00
 1885339.647     0.999829      4109799      5851.43
 1900019.711     0.999854      4109905      6826.67
 1931476.991     0.999878      4110001      8192.00
 1952448.511     0.999890      4110050      9102.22
 1974468.607     0.999902      4110103     10240.00
 1979711.487     0.999915      4110156     11702.86
 1982857.215     0.999927      4110224     13653.33
 1983905.791     0.999939      4110254     16384.00
 1987051.519     0.999945      4110279     18204.44
 1996488.703     0.999951      4110302     20480.00
 1999634.431     0.999957      4110327     23405.71
 2000683.007     0.999963      4110373     27306.67
 2001731.583     0.999969      4110405     32768.00
 2001731.583     0.999973      4110405     36408.89
 2001731.583     0.999976      4110405     40960.00
 2002780.159     0.999979      4110441     46811.43
 2002780.159     0.999982      4110441     54613.33
 2002780.159     0.999985      4110441     65536.00
 2003828.735     0.999986      4110465     72817.78
 2003828.735     0.999988      4110465     81920.00
 2003828.735     0.999989      4110465     93622.86
 2003828.735     0.999991      4110465    109226.67
 2004877.311     0.999992      4110491    131072.00
 2004877.311     0.999993      4110491    145635.56
 2004877.311     0.999994      4110491    163840.00
 2004877.311     0.999995      4110491    187245.71
 2004877.311     0.999995      4110491    218453.33
 2004877.311     0.999996      4110491    262144.00
 2004877.311     0.999997      4110491    291271.11
 2004877.311     0.999997      4110491    327680.00
 2004877.311     0.999997      4110491    374491.43
 2005925.887     0.999998      4110499    436906.67
 2005925.887     0.999998      4110499    524288.00
 2005925.887     0.999998      4110499    582542.22
 2005925.887     0.999998      4110499    655360.00
 2005925.887     0.999999      4110499    748982.86
 2005925.887     0.999999      4110499    873813.33
 2005925.887     0.999999      4110499   1048576.00
 2005925.887     0.999999      4110499   1165084.44
 2005925.887     0.999999      4110499   1310720.00
 2005925.887     0.999999      4110499   1497965.71
 2005925.887     0.999999      4110499   1747626.67
 2006974.463     1.000000      4110501   2097152.00
 2006974.463     1.000000      4110501          inf
#[Mean    =   915567.686, StdDeviation   =   392213.409]
#[Max     =  2005925.888, Total count    =      4110501]
#[Buckets =           27, SubBuckets     =         2048]
----------------------------------------------------------
  4116246 requests in 60.00m, 1.84GB read
  Socket errors: connect 0, read 26, write 382, timeout 32890
  Non-2xx or 3xx responses: 248219
Requests/sec:   1143.40
Transfer/sec:    535.99KB
