Running 60m test @ http://20.108.4.64:60
  2 threads and 1000 connections
  Thread calibration: mean lat.: 3158.315ms, rate sampling interval: 12058ms
  Thread calibration: mean lat.: 3120.663ms, rate sampling interval: 11657ms
  Thread Stats   Avg      Stdev     99%   +/- Stdev
    Latency    14.50m     6.03m   25.22m    64.34%
    Req/Sec   596.04    115.29   694.00     83.77%
  Latency Distribution (HdrHistogram - Recorded Latency)
 50.000%   14.81m 
 75.000%   19.38m 
 90.000%   22.30m 
 99.000%   25.22m 
 99.900%   26.62m 
 99.990%   27.66m 
 99.999%   28.21m 
100.000%   28.49m 

  Detailed Percentile spectrum:
       Value   Percentile   TotalCount 1/(1-Percentile)

     856.575     0.000000            1         1.00
  376176.639     0.100000       428670         1.11
  555220.991     0.200000       857691         1.25
  670040.063     0.300000      1285249         1.43
  782237.695     0.400000      1715113         1.67
  888668.159     0.500000      2142000         2.00
  941096.959     0.550000      2356329         2.22
  994574.335     0.600000      2572075         2.50
 1049100.287     0.650000      2785268         2.86
 1105199.103     0.700000      3002338         3.33
 1162870.783     0.750000      3216078         4.00
 1190133.759     0.775000      3322390         4.44
 1218445.311     0.800000      3429756         5.00
 1246756.863     0.825000      3534382         5.71
 1277165.567     0.850000      3643737         6.67
 1306525.695     0.875000      3748521         8.00
 1322254.335     0.887500      3803143         8.89
 1337982.975     0.900000      3857039        10.00
 1354760.191     0.912500      3911110        11.43
 1372585.983     0.925000      3963646        13.33
 1390411.775     0.937500      4017976        16.00
 1399848.959     0.943750      4043847        17.78
 1410334.719     0.950000      4070377        20.00
 1420820.479     0.956250      4097301        22.86
 1432354.815     0.962500      4123616        26.67
 1445986.303     0.968750      4150468        32.00
 1453326.335     0.971875      4163686        35.56
 1461714.943     0.975000      4177414        40.00
 1470103.551     0.978125      4189903        45.71
 1480589.311     0.981250      4204346        53.33
 1490026.495     0.984375      4217494        64.00
 1495269.375     0.985938      4223756        71.11
 1501560.831     0.987500      4230377        80.00
 1508900.863     0.989062      4236954        91.43
 1516240.895     0.990625      4243672       106.67
 1524629.503     0.992188      4250701       128.00
 1528823.807     0.992969      4254090       142.22
 1531969.535     0.993750      4256883       160.00
 1537212.415     0.994531      4260564       182.86
 1542455.295     0.995313      4263546       213.33
 1549795.327     0.996094      4266907       256.00
 1553989.631     0.996484      4268505       284.44
 1559232.511     0.996875      4270192       320.00
 1564475.391     0.997266      4272244       365.71
 1567621.119     0.997656      4273525       426.67
 1573912.575     0.998047      4275210       512.00
 1578106.879     0.998242      4276020       568.89
 1582301.183     0.998437      4276863       640.00
 1587544.063     0.998633      4277774       731.43
 1592786.943     0.998828      4278678       853.33
 1598029.823     0.999023      4279390      1024.00
 1601175.551     0.999121      4279795      1137.78
 1605369.855     0.999219      4280154      1280.00
 1609564.159     0.999316      4280595      1462.86
 1616904.191     0.999414      4281025      1706.67
 1624244.223     0.999512      4281447      2048.00
 1627389.951     0.999561      4281673      2275.56
 1630535.679     0.999609      4281826      2560.00
 1634729.983     0.999658      4282051      2925.71
 1636827.135     0.999707      4282250      3413.33
 1639972.863     0.999756      4282517      4096.00
 1641021.439     0.999780      4282598      4551.11
 1643118.591     0.999805      4282700      5120.00
 1645215.743     0.999829      4282788      5851.43
 1648361.471     0.999854      4282877      6826.67
 1654652.927     0.999878      4282980      8192.00
 1657798.655     0.999890      4283029      9102.22
 1660944.383     0.999902      4283095     10240.00
 1664090.111     0.999915      4283140     11702.86
 1670381.567     0.999927      4283193     13653.33
 1674575.871     0.999939      4283244     16384.00
 1675624.447     0.999945      4283263     18204.44
 1677721.599     0.999951      4283330     20480.00
 1677721.599     0.999957      4283330     23405.71
 1678770.175     0.999963      4283357     27306.67
 1679818.751     0.999969      4283393     32768.00
 1679818.751     0.999973      4283393     36408.89
 1680867.327     0.999976      4283410     40960.00
 1680867.327     0.999979      4283410     46811.43
 1682964.479     0.999982      4283426     54613.33
 1684013.055     0.999985      4283435     65536.00
 1686110.207     0.999986      4283441     72817.78
 1688207.359     0.999988      4283448     81920.00
 1691353.087     0.999989      4283453     93622.86
 1692401.663     0.999991      4283464    109226.67
 1694498.815     0.999992      4283466    131072.00
 1696595.967     0.999993      4283471    145635.56
 1697644.543     0.999994      4283478    163840.00
 1697644.543     0.999995      4283478    187245.71
 1698693.119     0.999995      4283486    218453.33
 1698693.119     0.999996      4283486    262144.00
 1698693.119     0.999997      4283486    291271.11
 1698693.119     0.999997      4283486    327680.00
 1700790.271     0.999997      4283488    374491.43
 1701838.847     0.999998      4283489    436906.67
 1702887.423     0.999998      4283491    524288.00
 1702887.423     0.999998      4283491    582542.22
 1703935.999     0.999998      4283492    655360.00
 1707081.727     0.999999      4283493    748982.86
 1708130.303     0.999999      4283495    873813.33
 1708130.303     0.999999      4283495   1048576.00
 1708130.303     0.999999      4283495   1165084.44
 1708130.303     0.999999      4283495   1310720.00
 1709178.879     0.999999      4283498   1497965.71
 1709178.879     1.000000      4283498          inf
#[Mean    =   869977.545, StdDeviation   =   361885.250]
#[Max     =  1708130.304, Total count    =      4283498]
#[Buckets =           27, SubBuckets     =         2048]
----------------------------------------------------------
  4289426 requests in 60.00m, 1.92GB read
  Socket errors: connect 0, read 3, write 402, timeout 32841
  Non-2xx or 3xx responses: 241429
Requests/sec:   1191.51
Transfer/sec:    559.36KB
