Running 60m test @ http://20.108.159.229:60/wrk2-api/home-timeline/read
  2 threads and 1000 connections
  Thread calibration: mean lat.: 1176.245ms, rate sampling interval: 5279ms
  Thread calibration: mean lat.: 1119.981ms, rate sampling interval: 5050ms
  Thread Stats   Avg      Stdev     99%   +/- Stdev
    Latency    20.23m     9.40m   37.22m    62.22%
    Req/Sec   201.02     45.68   269.00     73.51%
  Latency Distribution (HdrHistogram - Recorded Latency)
 50.000%   20.46m 
 75.000%   27.96m 
 90.000%   32.70m 
 99.000%   37.22m 
 99.900%   39.32m 
 99.990%   40.48m 
 99.999%   42.19m 
100.000%   42.68m 

  Detailed Percentile spectrum:
       Value   Percentile   TotalCount 1/(1-Percentile)

     466.175     0.000000            1         1.00
  466092.031     0.100000       144783         1.11
  682622.975     0.200000       289568         1.25
  863502.335     0.300000       434238         1.43
 1043857.407     0.400000       578853         1.67
 1227882.495     0.500000       723627         2.00
 1318060.031     0.550000       795837         2.22
 1409286.143     0.600000       868115         2.50
 1499463.679     0.650000       940852         2.86
 1588592.639     0.700000      1013620         3.33
 1677721.599     0.750000      1085424         4.00
 1723858.943     0.775000      1121474         4.44
 1771044.863     0.800000      1158164         5.00
 1816133.631     0.825000      1194078         5.71
 1863319.551     0.850000      1230257         6.67
 1911554.047     0.875000      1266289         8.00
 1936719.871     0.887500      1284697         8.89
 1961885.695     0.900000      1302879        10.00
 1989148.671     0.912500      1320874        11.43
 2017460.223     0.925000      1338713        13.33
 2046820.351     0.937500      1356717        16.00
 2062548.991     0.943750      1365756        17.78
 2079326.207     0.950000      1374644        20.00
 2096103.423     0.956250      1383658        22.86
 2114977.791     0.962500      1392903        26.67
 2133852.159     0.968750      1401749        32.00
 2144337.919     0.971875      1406211        35.56
 2157969.407     0.975000      1411233        40.00
 2170552.319     0.978125      1415608        45.71
 2185232.383     0.981250      1420187        53.33
 2199912.447     0.984375      1424265        64.00
 2208301.055     0.985938      1426516        71.11
 2218786.815     0.987500      1429070        80.00
 2227175.423     0.989062      1431054        91.43
 2237661.183     0.990625      1433318       106.67
 2250244.095     0.992188      1435553       128.00
 2258632.703     0.992969      1436835       142.22
 2264924.159     0.993750      1437823       160.00
 2273312.767     0.994531      1438987       182.86
 2283798.527     0.995313      1440287       213.33
 2294284.287     0.996094      1441356       256.00
 2298478.591     0.996484      1441805       284.44
 2306867.199     0.996875      1442445       320.00
 2313158.655     0.997266      1442965       365.71
 2321547.263     0.997656      1443490       426.67
 2332033.023     0.998047      1444138       512.00
 2336227.327     0.998242      1444361       568.89
 2342518.783     0.998437      1444707       640.00
 2346713.087     0.998633      1444907       731.43
 2353004.543     0.998828      1445185       853.33
 2361393.151     0.999023      1445505      1024.00
 2363490.303     0.999121      1445585      1137.78
 2369781.759     0.999219      1445767      1280.00
 2373976.063     0.999316      1445902      1462.86
 2380267.519     0.999414      1446064      1706.67
 2384461.823     0.999512      1446159      2048.00
 2388656.127     0.999561      1446249      2275.56
 2392850.431     0.999609      1446317      2560.00
 2397044.735     0.999658      1446370      2925.71
 2401239.039     0.999707      1446431      3413.33
 2407530.495     0.999756      1446511      4096.00
 2411724.799     0.999780      1446549      4551.11
 2415919.103     0.999805      1446587      5120.00
 2420113.407     0.999829      1446611      5851.43
 2424307.711     0.999854      1446658      6826.67
 2426404.863     0.999878      1446700      8192.00
 2426404.863     0.999890      1446700      9102.22
 2428502.015     0.999902      1446717     10240.00
 2432696.319     0.999915      1446733     11702.86
 2436890.623     0.999927      1446754     13653.33
 2441084.927     0.999939      1446767     16384.00
 2445279.231     0.999945      1446776     18204.44
 2453667.839     0.999951      1446789     20480.00
 2455764.991     0.999957      1446795     23405.71
 2459959.295     0.999963      1446805     27306.67
 2468347.903     0.999969      1446811     32768.00
 2476736.511     0.999973      1446815     36408.89
 2483027.967     0.999976      1446819     40960.00
 2487222.271     0.999979      1446824     46811.43
 2495610.879     0.999982      1446828     54613.33
 2510290.943     0.999985      1446832     65536.00
 2516582.399     0.999986      1446835     72817.78
 2522873.855     0.999988      1446837     81920.00
 2527068.159     0.999989      1446839     93622.86
 2531262.463     0.999991      1446841    109226.67
 2539651.071     0.999992      1446844    131072.00
 2541748.223     0.999993      1446845    145635.56
 2545942.527     0.999994      1446847    163840.00
 2545942.527     0.999995      1446847    187245.71
 2548039.679     0.999995      1446850    218453.33
 2548039.679     0.999996      1446850    262144.00
 2548039.679     0.999997      1446850    291271.11
 2548039.679     0.999997      1446850    327680.00
 2554331.135     0.999997      1446852    374491.43
 2554331.135     0.999998      1446852    436906.67
 2554331.135     0.999998      1446852    524288.00
 2554331.135     0.999998      1446852    582542.22
 2554331.135     0.999998      1446852    655360.00
 2560622.591     0.999999      1446854    748982.86
 2560622.591     1.000000      1446854          inf
#[Mean    =  1213651.529, StdDeviation   =   564184.740]
#[Max     =  2558525.440, Total count    =      1446854]
#[Buckets =           27, SubBuckets     =         2048]
----------------------------------------------------------
  1452775 requests in 60.00m, 18.02GB read
  Socket errors: connect 0, read 791, write 4553, timeout 243636
  Non-2xx or 3xx responses: 78197
Requests/sec:    403.55
Transfer/sec:      5.13MB
