Running 60m test @ http://20.108.159.229:60/wrk2-api/post/compose
  2 threads and 1000 connections
  Thread calibration: mean lat.: 3234.503ms, rate sampling interval: 14540ms
  Thread calibration: mean lat.: 3391.666ms, rate sampling interval: 14393ms
  Thread Stats   Avg      Stdev     99%   +/- Stdev
    Latency    19.34m     9.62m   37.29m    60.01%
    Req/Sec   196.25     49.85   364.00     74.75%
  Latency Distribution (HdrHistogram - Recorded Latency)
 50.000%   19.35m 
 75.000%   27.35m 
 90.000%   32.54m 
 99.000%   37.29m 
 99.900%   39.25m 
 99.990%   40.89m 
 99.999%   41.73m 
100.000%   41.94m 

  Detailed Percentile spectrum:
       Value   Percentile   TotalCount 1/(1-Percentile)

    1894.399     0.000000            1         1.00
  412090.367     0.100000       141388         1.11
  585105.407     0.200000       282605         1.25
  766509.055     0.300000       424066         1.43
  959971.327     0.400000       565280         1.67
 1160773.631     0.500000       706744         2.00
 1249902.591     0.550000       777215         2.22
 1343225.855     0.600000       847875         2.50
 1441791.999     0.650000       918277         2.86
 1540358.143     0.700000       988946         3.33
 1641021.439     0.750000      1059936         4.00
 1689255.935     0.775000      1095129         4.44
 1740636.159     0.800000      1130160         5.00
 1794113.535     0.825000      1166004         5.71
 1845493.759     0.850000      1200921         6.67
 1897922.559     0.875000      1236684         8.00
 1925185.535     0.887500      1254395         8.89
 1952448.511     0.900000      1271812        10.00
 1980760.063     0.912500      1289323        11.43
 2011168.767     0.925000      1307107        13.33
 2042626.047     0.937500      1324656        16.00
 2059403.263     0.943750      1333374        17.78
 2077229.055     0.950000      1342399        20.00
 2096103.423     0.956250      1351128        22.86
 2117074.943     0.962500      1359842        26.67
 2139095.039     0.968750      1368899        32.00
 2149580.799     0.971875      1373126        35.56
 2162163.711     0.975000      1377848        40.00
 2174746.623     0.978125      1382033        45.71
 2189426.687     0.981250      1386619        53.33
 2204106.751     0.984375      1390709        64.00
 2212495.359     0.985938      1392829        71.11
 2222981.119     0.987500      1395261        80.00
 2233466.879     0.989062      1397645        91.43
 2241855.487     0.990625      1399470       106.67
 2254438.399     0.992188      1401804       128.00
 2260729.855     0.992969      1402838       142.22
 2269118.463     0.993750      1404087       160.00
 2275409.919     0.994531      1404993       182.86
 2283798.527     0.995313      1406152       213.33
 2292187.135     0.996094      1407172       256.00
 2298478.591     0.996484      1407832       284.44
 2304770.047     0.996875      1408443       320.00
 2311061.503     0.997266      1408951       365.71
 2317352.959     0.997656      1409430       426.67
 2325741.567     0.998047      1410029       512.00
 2329935.871     0.998242      1410297       568.89
 2334130.175     0.998437      1410516       640.00
 2340421.631     0.998633      1410798       731.43
 2346713.087     0.998828      1411055       853.33
 2355101.695     0.999023      1411356      1024.00
 2359295.999     0.999121      1411475      1137.78
 2363490.303     0.999219      1411591      1280.00
 2369781.759     0.999316      1411733      1462.86
 2376073.215     0.999414      1411878      1706.67
 2382364.671     0.999512      1412016      2048.00
 2386558.975     0.999561      1412086      2275.56
 2390753.279     0.999609      1412160      2560.00
 2394947.583     0.999658      1412235      2925.71
 2399141.887     0.999707      1412284      3413.33
 2407530.495     0.999756      1412359      4096.00
 2411724.799     0.999780      1412378      4551.11
 2415919.103     0.999805      1412416      5120.00
 2424307.711     0.999829      1412448      5851.43
 2432696.319     0.999854      1412482      6826.67
 2443182.079     0.999878      1412520      8192.00
 2451570.687     0.999890      1412539      9102.22
 2455764.991     0.999902      1412552     10240.00
 2459959.295     0.999915      1412571     11702.86
 2468347.903     0.999927      1412593     13653.33
 2472542.207     0.999939      1412601     16384.00
 2478833.663     0.999945      1412609     18204.44
 2485125.119     0.999951      1412619     20480.00
 2487222.271     0.999957      1412626     23405.71
 2493513.727     0.999963      1412636     27306.67
 2495610.879     0.999969      1412645     32768.00
 2497708.031     0.999973      1412656     36408.89
 2497708.031     0.999976      1412656     40960.00
 2497708.031     0.999979      1412656     46811.43
 2499805.183     0.999982      1412662     54613.33
 2501902.335     0.999985      1412665     65536.00
 2503999.487     0.999986      1412671     72817.78
 2503999.487     0.999988      1412671     81920.00
 2503999.487     0.999989      1412671     93622.86
 2506096.639     0.999991      1412676    109226.67
 2506096.639     0.999992      1412676    131072.00
 2506096.639     0.999993      1412676    145635.56
 2508193.791     0.999994      1412679    163840.00
 2508193.791     0.999995      1412679    187245.71
 2508193.791     0.999995      1412679    218453.33
 2510290.943     0.999996      1412681    262144.00
 2510290.943     0.999997      1412681    291271.11
 2510290.943     0.999997      1412681    327680.00
 2514485.247     0.999997      1412683    374491.43
 2514485.247     0.999998      1412683    436906.67
 2514485.247     0.999998      1412683    524288.00
 2514485.247     0.999998      1412683    582542.22
 2514485.247     0.999998      1412683    655360.00
 2516582.399     0.999999      1412685    748982.86
 2516582.399     1.000000      1412685          inf
#[Mean    =  1160423.623, StdDeviation   =   577146.463]
#[Max     =  2514485.248, Total count    =      1412685]
#[Buckets =           27, SubBuckets     =         2048]
----------------------------------------------------------
  1414799 requests in 60.00m, 278.78MB read
  Socket errors: connect 0, read 214, write 4748, timeout 609983
  Non-2xx or 3xx responses: 105206
Requests/sec:    393.00
Transfer/sec:     79.30KB
