Running 30m test @ http://20.108.183.150:60
  2 threads and 1000 connections
  Thread calibration: mean lat.: 2900.087ms, rate sampling interval: 10878ms
  Thread calibration: mean lat.: 2943.418ms, rate sampling interval: 11223ms
  Thread Stats   Avg      Stdev     99%   +/- Stdev
    Latency     8.91m     5.10m   17.76m    58.02%
    Req/Sec   405.57     19.82   429.00     87.62%
  Latency Distribution (HdrHistogram - Recorded Latency)
 50.000%    8.87m 
 75.000%   13.30m 
 90.000%   16.01m 
 99.000%   17.76m 
 99.900%   18.33m 
 99.990%   18.68m 
 99.999%   19.29m 
100.000%   19.45m 

  Detailed Percentile spectrum:
       Value   Percentile   TotalCount 1/(1-Percentile)

     342.527     0.000000            1         1.00
  112656.383     0.100000       145378         1.11
  218103.807     0.200000       290772         1.25
  323485.695     0.300000       436421         1.43
  427032.575     0.400000       581488         1.67
  532152.319     0.500000       727070         2.00
  585105.407     0.550000       799557         2.22
  638058.495     0.600000       872532         2.50
  691011.583     0.650000       944827         2.86
  745013.247     0.700000      1017501         3.33
  797966.335     0.750000      1090611         4.00
  825229.311     0.775000      1127036         4.44
  851967.999     0.800000      1163025         5.00
  879230.975     0.825000      1199107         5.71
  906493.951     0.850000      1235498         6.67
  933232.639     0.875000      1272120         8.00
  946864.127     0.887500      1290473         8.89
  960495.615     0.900000      1308591        10.00
  974127.103     0.912500      1326944        11.43
  987234.303     0.925000      1344810        13.33
 1000341.503     0.937500      1362707        16.00
 1007157.247     0.943750      1372113        17.78
 1013972.991     0.950000      1381289        20.00
 1020788.735     0.956250      1390287        22.86
 1027604.479     0.962500      1399188        26.67
 1034944.511     0.968750      1408348        32.00
 1038614.527     0.971875      1412822        35.56
 1042808.831     0.975000      1417654        40.00
 1046478.847     0.978125      1421780        45.71
 1051197.439     0.981250      1426693        53.33
 1055916.031     0.984375      1431084        64.00
 1058537.471     0.985938      1433351        71.11
 1061158.911     0.987500      1435410        80.00
 1064304.639     0.989062      1437948        91.43
 1067450.367     0.990625      1440129       106.67
 1070596.095     0.992188      1442157       128.00
 1072693.247     0.992969      1443347       142.22
 1074790.399     0.993750      1444549       160.00
 1076887.551     0.994531      1445572       182.86
 1080033.279     0.995313      1446906       213.33
 1083179.007     0.996094      1448039       256.00
 1084227.583     0.996484      1448393       284.44
 1086324.735     0.996875      1449040       320.00
 1088421.887     0.997266      1449680       365.71
 1090519.039     0.997656      1450240       426.67
 1092616.191     0.998047      1450717       512.00
 1093664.767     0.998242      1450969       568.89
 1095761.919     0.998437      1451363       640.00
 1096810.495     0.998633      1451540       731.43
 1098907.647     0.998828      1451861       853.33
 1101004.799     0.999023      1452166      1024.00
 1102053.375     0.999121      1452290      1137.78
 1103101.951     0.999219      1452398      1280.00
 1104150.527     0.999316      1452515      1462.86
 1106247.679     0.999414      1452687      1706.67
 1107296.255     0.999512      1452755      2048.00
 1108344.831     0.999561      1452835      2275.56
 1109393.407     0.999609      1452923      2560.00
 1110441.983     0.999658      1452991      2925.71
 1111490.559     0.999707      1453044      3413.33
 1113587.711     0.999756      1453156      4096.00
 1113587.711     0.999780      1453156      4551.11
 1114636.287     0.999805      1453191      5120.00
 1115684.863     0.999829      1453220      5851.43
 1117782.015     0.999854      1453269      6826.67
 1119879.167     0.999878      1453296      8192.00
 1120927.743     0.999890      1453318      9102.22
 1121976.319     0.999902      1453336     10240.00
 1123024.895     0.999915      1453353     11702.86
 1124073.471     0.999927      1453359     13653.33
 1126170.623     0.999939      1453377     16384.00
 1127219.199     0.999945      1453388     18204.44
 1128267.775     0.999951      1453401     20480.00
 1128267.775     0.999957      1453401     23405.71
 1129316.351     0.999963      1453410     27306.67
 1132462.079     0.999969      1453421     32768.00
 1134559.231     0.999973      1453425     36408.89
 1137704.959     0.999976      1453427     40960.00
 1141899.263     0.999979      1453431     46811.43
 1150287.871     0.999982      1453438     54613.33
 1151336.447     0.999985      1453440     65536.00
 1155530.751     0.999986      1453444     72817.78
 1156579.327     0.999988      1453446     81920.00
 1157627.903     0.999989      1453447     93622.86
 1158676.479     0.999991      1453449    109226.67
 1159725.055     0.999992      1453453    131072.00
 1159725.055     0.999993      1453453    145635.56
 1160773.631     0.999994      1453455    163840.00
 1160773.631     0.999995      1453455    187245.71
 1161822.207     0.999995      1453457    218453.33
 1161822.207     0.999996      1453457    262144.00
 1162870.783     0.999997      1453459    291271.11
 1162870.783     0.999997      1453459    327680.00
 1162870.783     0.999997      1453459    374491.43
 1162870.783     0.999998      1453459    436906.67
 1164967.935     0.999998      1453460    524288.00
 1164967.935     0.999998      1453460    582542.22
 1164967.935     0.999998      1453460    655360.00
 1167065.087     0.999999      1453462    748982.86
 1167065.087     1.000000      1453462          inf
#[Mean    =   534605.584, StdDeviation   =   306138.565]
#[Max     =  1166016.512, Total count    =      1453462]
#[Buckets =           27, SubBuckets     =         2048]
----------------------------------------------------------
  1460660 requests in 30.00m, 680.30MB read
  Socket errors: connect 0, read 47, write 365, timeout 16307
  Non-2xx or 3xx responses: 4
Requests/sec:    811.47
Transfer/sec:    387.01KB
