Running 30m test @ http://20.108.165.179:60/wrk2-api/post/compose
  2 threads and 1000 connections
  Thread calibration: mean lat.: 2467.611ms, rate sampling interval: 12222ms
  Thread calibration: mean lat.: 2430.348ms, rate sampling interval: 12017ms
  Thread Stats   Avg      Stdev     99%   +/- Stdev
    Latency    12.47m     7.11m   24.76m    57.89%
    Req/Sec    74.58      4.58    85.00     82.31%
  Latency Distribution (HdrHistogram - Recorded Latency)
 50.000%   12.59m 
 75.000%   18.47m 
 90.000%   22.30m 
 99.000%   24.76m 
 99.900%   25.62m 
 99.990%   26.04m 
 99.999%   26.32m 
100.000%   26.44m 

  Detailed Percentile spectrum:
       Value   Percentile   TotalCount 1/(1-Percentile)

    1062.911     0.000000            1         1.00
  155189.247     0.100000        26874         1.11
  304087.039     0.200000        53750         1.25
  451149.823     0.300000        80631         1.43
  603455.487     0.400000       107473         1.67
  755499.007     0.500000       134421         2.00
  832045.055     0.550000       147851         2.22
  902823.935     0.600000       161299         2.50
  967311.359     0.650000       174734         2.86
 1031798.783     0.700000       188109         3.33
 1108344.831     0.750000       201574         4.00
 1149239.295     0.775000       208224         4.44
 1191182.335     0.800000       215060         5.00
 1231028.223     0.825000       221666         5.71
 1269825.535     0.850000       228410         6.67
 1305477.119     0.875000       235255         8.00
 1322254.335     0.887500       238637         8.89
 1337982.975     0.900000       241898        10.00
 1354760.191     0.912500       245331        11.43
 1371537.407     0.925000       248700        13.33
 1388314.623     0.937500       252035        16.00
 1396703.231     0.943750       253622        17.78
 1406140.415     0.950000       255396        20.00
 1415577.599     0.956250       257052        22.86
 1426063.359     0.962500       258735        26.67
 1436549.119     0.968750       260365        32.00
 1441791.999     0.971875       261149        35.56
 1448083.455     0.975000       262055        40.00
 1454374.911     0.978125       262863        45.71
 1461714.943     0.981250       263740        53.33
 1469054.975     0.984375       264551        64.00
 1473249.279     0.985938       264951        71.11
 1477443.583     0.987500       265348        80.00
 1482686.463     0.989062       265768        91.43
 1487929.343     0.990625       266187       106.67
 1494220.799     0.992188       266590       128.00
 1497366.527     0.992969       266802       142.22
 1501560.831     0.993750       267049       160.00
 1504706.559     0.994531       267221       182.86
 1508900.863     0.995313       267440       213.33
 1513095.167     0.996094       267627       256.00
 1516240.895     0.996484       267753       284.44
 1519386.623     0.996875       267870       320.00
 1521483.775     0.997266       267960       365.71
 1524629.503     0.997656       268061       426.67
 1527775.231     0.998047       268161       512.00
 1529872.383     0.998242       268219       568.89
 1531969.535     0.998437       268267       640.00
 1533018.111     0.998633       268304       731.43
 1535115.263     0.998828       268356       853.33
 1538260.991     0.999023       268417      1024.00
 1539309.567     0.999121       268438      1137.78
 1540358.143     0.999219       268466      1280.00
 1542455.295     0.999316       268500      1462.86
 1543503.871     0.999414       268516      1706.67
 1545601.023     0.999512       268546      2048.00
 1546649.599     0.999561       268557      2275.56
 1547698.175     0.999609       268565      2560.00
 1549795.327     0.999658       268584      2925.71
 1550843.903     0.999707       268591      3413.33
 1553989.631     0.999756       268611      4096.00
 1553989.631     0.999780       268611      4551.11
 1556086.783     0.999805       268620      5120.00
 1558183.935     0.999829       268627      5851.43
 1559232.511     0.999854       268632      6826.67
 1560281.087     0.999878       268637      8192.00
 1562378.239     0.999890       268642      9102.22
 1563426.815     0.999902       268644     10240.00
 1565523.967     0.999915       268647     11702.86
 1566572.543     0.999927       268652     13653.33
 1567621.119     0.999939       268653     16384.00
 1569718.271     0.999945       268655     18204.44
 1570766.847     0.999951       268656     20480.00
 1571815.423     0.999957       268659     23405.71
 1572863.999     0.999963       268661     27306.67
 1572863.999     0.999969       268661     32768.00
 1574961.151     0.999973       268663     36408.89
 1574961.151     0.999976       268663     40960.00
 1576009.727     0.999979       268665     46811.43
 1576009.727     0.999982       268665     54613.33
 1576009.727     0.999985       268665     65536.00
 1579155.455     0.999986       268666     72817.78
 1579155.455     0.999988       268666     81920.00
 1581252.607     0.999989       268667     93622.86
 1581252.607     0.999991       268667    109226.67
 1581252.607     0.999992       268667    131072.00
 1585446.911     0.999993       268668    145635.56
 1585446.911     0.999994       268668    163840.00
 1585446.911     0.999995       268668    187245.71
 1585446.911     0.999995       268668    218453.33
 1585446.911     0.999996       268668    262144.00
 1586495.487     0.999997       268669    291271.11
 1586495.487     1.000000       268669          inf
#[Mean    =   748056.203, StdDeviation   =   426733.058]
#[Max     =  1585446.912, Total count    =       268669]
#[Buckets =           27, SubBuckets     =         2048]
----------------------------------------------------------
  269758 requests in 30.00m, 57.30MB read
  Socket errors: connect 0, read 521, write 9416, timeout 772948
  Non-2xx or 3xx responses: 50630
Requests/sec:    149.86
Transfer/sec:     32.60KB
