Running 30m test @ http://20.108.165.179:60/wrk2-api/home-timeline/read
  2 threads and 1000 connections
  Thread calibration: mean lat.: 575.912ms, rate sampling interval: 2947ms
  Thread calibration: mean lat.: 563.558ms, rate sampling interval: 2942ms
  Thread Stats   Avg      Stdev     99%   +/- Stdev
    Latency    10.94m     6.52m   22.25m    57.54%
    Req/Sec   125.79     12.87   162.00     80.46%
  Latency Distribution (HdrHistogram - Recorded Latency)
 50.000%   10.86m 
 75.000%   16.56m 
 90.000%   20.05m 
 99.000%   22.25m 
 99.900%   22.95m 
 99.990%   23.42m 
 99.999%   23.70m 
100.000%   24.10m 

  Detailed Percentile spectrum:
       Value   Percentile   TotalCount 1/(1-Percentile)

     292.095     0.000000            1         1.00
  118226.943     0.100000        45189         1.11
  247988.223     0.200000        90392         1.25
  382468.095     0.300000       135587         1.43
  517996.543     0.400000       180793         1.67
  651689.983     0.500000       225976         2.00
  719847.423     0.550000       248641         2.22
  788529.151     0.600000       271283         2.50
  856162.303     0.650000       293877         2.86
  924319.743     0.700000       316453         3.33
  993525.759     0.750000       338996         4.00
 1028653.055     0.775000       350245         4.44
 1063780.351     0.800000       361624         5.00
 1097859.071     0.825000       372831         5.71
 1133510.655     0.850000       384150         6.67
 1168113.663     0.875000       395579         8.00
 1184890.879     0.887500       401217         8.89
 1202716.671     0.900000       406995        10.00
 1219493.887     0.912500       412522        11.43
 1236271.103     0.925000       418177        13.33
 1253048.319     0.937500       423862        16.00
 1261436.927     0.943750       426669        17.78
 1269825.535     0.950000       429431        20.00
 1279262.719     0.956250       432468        22.86
 1287651.327     0.962500       435215        26.67
 1296039.935     0.968750       437809        32.00
 1301282.815     0.971875       439398        35.56
 1306525.695     0.975000       440841        40.00
 1311768.575     0.978125       442235        45.71
 1317011.455     0.981250       443582        53.33
 1322254.335     0.984375       444886        64.00
 1325400.063     0.985938       445617        71.11
 1328545.791     0.987500       446283        80.00
 1332740.095     0.989062       447149        91.43
 1335885.823     0.990625       447678       106.67
 1341128.703     0.992188       448493       128.00
 1343225.855     0.992969       448791       142.22
 1345323.007     0.993750       449075       160.00
 1348468.735     0.994531       449502       182.86
 1351614.463     0.995313       449850       213.33
 1354760.191     0.996094       450173       256.00
 1356857.343     0.996484       450349       284.44
 1358954.495     0.996875       450492       320.00
 1362100.223     0.997266       450722       365.71
 1364197.375     0.997656       450855       426.67
 1367343.103     0.998047       451005       512.00
 1369440.255     0.998242       451097       568.89
 1371537.407     0.998437       451184       640.00
 1373634.559     0.998633       451299       731.43
 1375731.711     0.998828       451386       853.33
 1377828.863     0.999023       451461      1024.00
 1378877.439     0.999121       451500      1137.78
 1380974.591     0.999219       451557      1280.00
 1382023.167     0.999316       451586      1462.86
 1384120.319     0.999414       451637      1706.67
 1387266.047     0.999512       451679      2048.00
 1388314.623     0.999561       451688      2275.56
 1389363.199     0.999609       451709      2560.00
 1391460.351     0.999658       451740      2925.71
 1392508.927     0.999707       451758      3413.33
 1394606.079     0.999756       451783      4096.00
 1395654.655     0.999780       451799      4551.11
 1395654.655     0.999805       451799      5120.00
 1396703.231     0.999829       451809      5851.43
 1398800.383     0.999854       451824      6826.67
 1399848.959     0.999878       451830      8192.00
 1402994.687     0.999890       451837      9102.22
 1405091.839     0.999902       451841     10240.00
 1408237.567     0.999915       451850     11702.86
 1409286.143     0.999927       451855     13653.33
 1410334.719     0.999939       451859     16384.00
 1411383.295     0.999945       451863     18204.44
 1411383.295     0.999951       451863     20480.00
 1413480.447     0.999957       451866     23405.71
 1414529.023     0.999963       451870     27306.67
 1415577.599     0.999969       451874     32768.00
 1415577.599     0.999973       451874     36408.89
 1415577.599     0.999976       451874     40960.00
 1417674.751     0.999979       451876     46811.43
 1418723.327     0.999982       451878     54613.33
 1420820.479     0.999985       451879     65536.00
 1420820.479     0.999986       451879     72817.78
 1421869.055     0.999988       451880     81920.00
 1425014.783     0.999989       451882     93622.86
 1425014.783     0.999991       451882    109226.67
 1425014.783     0.999992       451882    131072.00
 1425014.783     0.999993       451882    145635.56
 1430257.663     0.999994       451883    163840.00
 1430257.663     0.999995       451883    187245.71
 1430257.663     0.999995       451883    218453.33
 1438646.271     0.999996       451884    262144.00
 1438646.271     0.999997       451884    291271.11
 1438646.271     0.999997       451884    327680.00
 1438646.271     0.999997       451884    374491.43
 1438646.271     0.999998       451884    436906.67
 1445986.303     0.999998       451885    524288.00
 1445986.303     1.000000       451885          inf
#[Mean    =   656346.777, StdDeviation   =   390946.134]
#[Max     =  1444937.728, Total count    =       451885]
#[Buckets =           27, SubBuckets     =         2048]
----------------------------------------------------------
  459118 requests in 30.00m, 6.07GB read
  Socket errors: connect 0, read 8131, write 14094, timeout 121673
  Non-2xx or 3xx responses: 117
Requests/sec:    255.06
Transfer/sec:      3.45MB
