Running 30m test @ http://20.108.163.124:60/wrk2-api/post/compose
  2 threads and 1000 connections
  Thread calibration: mean lat.: 2719.062ms, rate sampling interval: 14647ms
  Thread calibration: mean lat.: 2621.043ms, rate sampling interval: 12574ms
  Thread Stats   Avg      Stdev     99%   +/- Stdev
    Latency    12.37m     7.17m   24.85m    57.79%
    Req/Sec    73.99      4.74    85.00     76.89%
  Latency Distribution (HdrHistogram - Recorded Latency)
 50.000%   12.43m 
 75.000%   18.40m 
 90.000%   22.39m 
 99.000%   24.85m 
 99.900%   25.69m 
 99.990%   26.02m 
 99.999%   26.23m 
100.000%   26.41m 

  Detailed Percentile spectrum:
       Value   Percentile   TotalCount 1/(1-Percentile)

    2025.471     0.000000            1         1.00
  149946.367     0.100000        26678         1.11
  294387.711     0.200000        53334         1.25
  438566.911     0.300000        80002         1.43
  589823.999     0.400000       106733         1.67
  746061.823     0.500000       133376         2.00
  822607.871     0.550000       146702         2.22
  893911.039     0.600000       160008         2.50
  959971.327     0.650000       173323         2.86
 1027080.191     0.700000       186662         3.33
 1104150.527     0.750000       200176         4.00
 1147142.143     0.775000       206771         4.44
 1189085.183     0.800000       213472         5.00
 1229979.647     0.825000       220008         5.71
 1270874.111     0.850000       226763         6.67
 1307574.271     0.875000       233416         8.00
 1325400.063     0.887500       236740         8.89
 1343225.855     0.900000       240207        10.00
 1360003.071     0.912500       243373        11.43
 1377828.863     0.925000       246853        13.33
 1394606.079     0.937500       250175        16.00
 1402994.687     0.943750       251756        17.78
 1412431.871     0.950000       253524        20.00
 1421869.055     0.956250       255132        22.86
 1431306.239     0.962500       256709        26.67
 1441791.999     0.968750       258352        32.00
 1448083.455     0.971875       259278        35.56
 1453326.335     0.975000       260016        40.00
 1459617.791     0.978125       260818        45.71
 1466957.823     0.981250       261669        53.33
 1475346.431     0.984375       262588        64.00
 1479540.735     0.985938       262991        71.11
 1483735.039     0.987500       263397        80.00
 1487929.343     0.989062       263766        91.43
 1494220.799     0.990625       264230       106.67
 1499463.679     0.992188       264582       128.00
 1502609.407     0.992969       264778       142.22
 1506803.711     0.993750       265025       160.00
 1509949.439     0.994531       265202       182.86
 1514143.743     0.995313       265435       213.33
 1518338.047     0.996094       265641       256.00
 1520435.199     0.996484       265753       284.44
 1522532.351     0.996875       265855       320.00
 1524629.503     0.997266       265946       365.71
 1527775.231     0.997656       266056       426.67
 1530920.959     0.998047       266143       512.00
 1533018.111     0.998242       266187       568.89
 1535115.263     0.998437       266262       640.00
 1536163.839     0.998633       266288       731.43
 1539309.567     0.998828       266347       853.33
 1542455.295     0.999023       266405      1024.00
 1543503.871     0.999121       266421      1137.78
 1545601.023     0.999219       266453      1280.00
 1546649.599     0.999316       266470      1462.86
 1548746.751     0.999414       266508      1706.67
 1549795.327     0.999512       266523      2048.00
 1551892.479     0.999561       266540      2275.56
 1552941.055     0.999609       266556      2560.00
 1553989.631     0.999658       266563      2925.71
 1555038.207     0.999707       266571      3413.33
 1557135.359     0.999756       266590      4096.00
 1558183.935     0.999780       266598      4551.11
 1558183.935     0.999805       266598      5120.00
 1559232.511     0.999829       266608      5851.43
 1560281.087     0.999854       266618      6826.67
 1560281.087     0.999878       266618      8192.00
 1561329.663     0.999890       266622      9102.22
 1562378.239     0.999902       266623     10240.00
 1563426.815     0.999915       266627     11702.86
 1564475.391     0.999927       266631     13653.33
 1565523.967     0.999939       266635     16384.00
 1565523.967     0.999945       266635     18204.44
 1566572.543     0.999951       266638     20480.00
 1566572.543     0.999957       266638     23405.71
 1568669.695     0.999963       266640     27306.67
 1569718.271     0.999969       266642     32768.00
 1569718.271     0.999973       266642     36408.89
 1571815.423     0.999976       266643     40960.00
 1572863.999     0.999979       266645     46811.43
 1572863.999     0.999982       266645     54613.33
 1572863.999     0.999985       266645     65536.00
 1573912.575     0.999986       266646     72817.78
 1573912.575     0.999988       266646     81920.00
 1577058.303     0.999989       266647     93622.86
 1577058.303     0.999991       266647    109226.67
 1577058.303     0.999992       266647    131072.00
 1579155.455     0.999993       266648    145635.56
 1579155.455     0.999994       266648    163840.00
 1579155.455     0.999995       266648    187245.71
 1579155.455     0.999995       266648    218453.33
 1579155.455     0.999996       266648    262144.00
 1584398.335     0.999997       266649    291271.11
 1584398.335     1.000000       266649          inf
#[Mean    =   742038.727, StdDeviation   =   429996.005]
#[Max     =  1583349.760, Total count    =       266649]
#[Buckets =           27, SubBuckets     =         2048]
----------------------------------------------------------
  267816 requests in 30.00m, 56.36MB read
  Socket errors: connect 0, read 563, write 10209, timeout 772616
  Non-2xx or 3xx responses: 50909
Requests/sec:    148.78
Transfer/sec:     32.06KB
