Running 30m test @ http://20.108.10.44:60
  2 threads and 1000 connections
  Thread calibration: mean lat.: 4710.800ms, rate sampling interval: 14589ms
  Thread calibration: mean lat.: 4808.019ms, rate sampling interval: 14778ms
  Thread Stats   Avg      Stdev     99%   +/- Stdev
    Latency    12.48m     7.15m   24.73m    57.99%
    Req/Sec   168.34      7.85   180.00     83.95%
  Latency Distribution (HdrHistogram - Recorded Latency)
 50.000%   12.45m 
 75.000%   18.65m 
 90.000%   22.44m 
 99.000%   24.73m 
 99.900%   25.24m 
 99.990%   25.53m 
 99.999%   25.71m 
100.000%   25.74m 

  Detailed Percentile spectrum:
       Value   Percentile   TotalCount 1/(1-Percentile)

    3741.695     0.000000            1         1.00
  158334.975     0.100000        60455         1.11
  304349.183     0.200000       120913         1.25
  452198.399     0.300000       181299         1.43
  597164.031     0.400000       241790         1.67
  747110.399     0.500000       302233         2.00
  820510.719     0.550000       332311         2.22
  895483.903     0.600000       362635         2.50
  969408.511     0.650000       392727         2.86
 1042808.831     0.700000       423009         3.33
 1118830.591     0.750000       453199         4.00
 1156579.327     0.775000       468605         4.44
 1194328.063     0.800000       483436         5.00
 1232076.799     0.825000       498598         5.71
 1269825.535     0.850000       513848         6.67
 1308622.847     0.875000       528632         8.00
 1328545.791     0.887500       536565         8.89
 1346371.583     0.900000       543916        10.00
 1365245.951     0.912500       551406        11.43
 1384120.319     0.925000       559175        13.33
 1402994.687     0.937500       566460        16.00
 1413480.447     0.943750       570473        17.78
 1422917.631     0.950000       574220        20.00
 1432354.815     0.956250       577976        22.86
 1441791.999     0.962500       581801        26.67
 1451229.183     0.968750       585680        32.00
 1455423.487     0.971875       587367        35.56
 1459617.791     0.975000       589128        40.00
 1464860.671     0.978125       591222        45.71
 1469054.975     0.981250       592848        53.33
 1474297.855     0.984375       594845        64.00
 1477443.583     0.985938       595967        71.11
 1479540.735     0.987500       596719        80.00
 1482686.463     0.989062       597769        91.43
 1485832.191     0.990625       598739       106.67
 1488977.919     0.992188       599588       128.00
 1491075.071     0.992969       600138       142.22
 1492123.647     0.993750       600406       160.00
 1494220.799     0.994531       600896       182.86
 1496317.951     0.995313       601367       213.33
 1499463.679     0.996094       601978       256.00
 1500512.255     0.996484       602158       284.44
 1501560.831     0.996875       602324       320.00
 1503657.983     0.997266       602630       365.71
 1504706.559     0.997656       602758       426.67
 1506803.711     0.998047       602981       512.00
 1507852.287     0.998242       603079       568.89
 1509949.439     0.998437       603278       640.00
 1510998.015     0.998633       603358       731.43
 1513095.167     0.998828       603510       853.33
 1514143.743     0.999023       603587      1024.00
 1515192.319     0.999121       603638      1137.78
 1516240.895     0.999219       603690      1280.00
 1517289.471     0.999316       603750      1462.86
 1518338.047     0.999414       603800      1706.67
 1520435.199     0.999512       603864      2048.00
 1521483.775     0.999561       603893      2275.56
 1522532.351     0.999609       603924      2560.00
 1523580.927     0.999658       603948      2925.71
 1524629.503     0.999707       603965      3413.33
 1526726.655     0.999756       604007      4096.00
 1527775.231     0.999780       604018      4551.11
 1528823.807     0.999805       604039      5120.00
 1528823.807     0.999829       604039      5851.43
 1529872.383     0.999854       604054      6826.67
 1530920.959     0.999878       604074      8192.00
 1530920.959     0.999890       604074      9102.22
 1531969.535     0.999902       604093     10240.00
 1531969.535     0.999915       604093     11702.86
 1533018.111     0.999927       604099     13653.33
 1534066.687     0.999939       604105     16384.00
 1535115.263     0.999945       604117     18204.44
 1535115.263     0.999951       604117     20480.00
 1535115.263     0.999957       604117     23405.71
 1536163.839     0.999963       604123     27306.67
 1536163.839     0.999969       604123     32768.00
 1537212.415     0.999973       604125     36408.89
 1538260.991     0.999976       604126     40960.00
 1539309.567     0.999979       604128     46811.43
 1540358.143     0.999982       604129     54613.33
 1541406.719     0.999985       604133     65536.00
 1541406.719     0.999986       604133     72817.78
 1541406.719     0.999988       604133     81920.00
 1542455.295     0.999989       604135     93622.86
 1542455.295     0.999991       604135    109226.67
 1543503.871     0.999992       604137    131072.00
 1543503.871     0.999993       604137    145635.56
 1543503.871     0.999994       604137    163840.00
 1543503.871     0.999995       604137    187245.71
 1544552.447     0.999995       604140    218453.33
 1544552.447     1.000000       604140          inf
#[Mean    =   748894.837, StdDeviation   =   428895.425]
#[Max     =  1543503.872, Total count    =       604140]
#[Buckets =           27, SubBuckets     =         2048]
----------------------------------------------------------
  606757 requests in 30.00m, 282.84MB read
  Socket errors: connect 0, read 142, write 654, timeout 16285
  Non-2xx or 3xx responses: 1
Requests/sec:    337.09
Transfer/sec:    160.90KB
