Running 60m test @ http://20.117.151.29:60
  2 threads and 1000 connections
  Thread calibration: mean lat.: 3183.702ms, rate sampling interval: 11567ms
  Thread calibration: mean lat.: 3191.204ms, rate sampling interval: 11763ms
  Thread Stats   Avg      Stdev     99%   +/- Stdev
    Latency    14.66m     6.07m   25.45m    64.38%
    Req/Sec   592.91    117.10   693.00     83.90%
  Latency Distribution (HdrHistogram - Recorded Latency)
 50.000%   14.94m 
 75.000%   19.57m 
 90.000%   22.47m 
 99.000%   25.45m 
 99.900%   27.05m 
 99.990%   28.24m 
 99.999%   28.61m 
100.000%   28.85m 

  Detailed Percentile spectrum:
       Value   Percentile   TotalCount 1/(1-Percentile)

     383.999     0.000000            1         1.00
  385613.823     0.100000       426124         1.11
  560988.159     0.200000       852796         1.25
  677904.383     0.300000      1278638         1.43
  789577.727     0.400000      1704152         1.67
  896532.479     0.500000      2130871         2.00
  950534.143     0.550000      2343882         2.22
 1005584.383     0.600000      2557492         2.50
 1063256.063     0.650000      2770863         2.86
 1119879.167     0.700000      2984707         3.33
 1174405.119     0.750000      3196894         4.00
 1202716.671     0.775000      3303836         4.44
 1231028.223     0.800000      3411788         5.00
 1259339.775     0.825000      3515549         5.71
 1287651.327     0.850000      3621762         6.67
 1318060.031     0.875000      3731074         8.00
 1332740.095     0.887500      3782243         8.89
 1348468.735     0.900000      3834598        10.00
 1365245.951     0.912500      3887704        11.43
 1383071.743     0.925000      3941259        13.33
 1402994.687     0.937500      3996167        16.00
 1413480.447     0.943750      4023170        17.78
 1423966.207     0.950000      4049549        20.00
 1434451.967     0.956250      4076426        22.86
 1445986.303     0.962500      4100959        26.67
 1460666.367     0.968750      4128821        32.00
 1466957.823     0.971875      4140842        35.56
 1475346.431     0.975000      4155299        40.00
 1483735.039     0.978125      4168292        45.71
 1493172.223     0.981250      4181131        53.33
 1503657.983     0.984375      4194767        64.00
 1508900.863     0.985938      4200890        71.11
 1515192.319     0.987500      4207747        80.00
 1522532.351     0.989062      4214154        91.43
 1529872.383     0.990625      4220534       106.67
 1538260.991     0.992188      4226940       128.00
 1544552.447     0.992969      4230766       142.22
 1549795.327     0.993750      4233687       160.00
 1556086.783     0.994531      4237354       182.86
 1563426.815     0.995313      4240705       213.33
 1570766.847     0.996094      4243805       256.00
 1574961.151     0.996484      4245593       284.44
 1579155.455     0.996875      4247113       320.00
 1584398.335     0.997266      4248618       365.71
 1591738.367     0.997656      4250405       426.67
 1599078.399     0.998047      4251916       512.00
 1604321.279     0.998242      4252917       568.89
 1607467.007     0.998437      4253671       640.00
 1611661.311     0.998633      4254560       731.43
 1615855.615     0.998828      4255323       853.33
 1624244.223     0.999023      4256093      1024.00
 1629487.103     0.999121      4256534      1137.78
 1633681.407     0.999219      4256899      1280.00
 1639972.863     0.999316      4257390      1462.86
 1644167.167     0.999414      4257753      1706.67
 1651507.199     0.999512      4258181      2048.00
 1655701.503     0.999561      4258358      2275.56
 1660944.383     0.999609      4258568      2560.00
 1665138.687     0.999658      4258784      2925.71
 1670381.567     0.999707      4258991      3413.33
 1678770.175     0.999756      4259219      4096.00
 1680867.327     0.999780      4259303      4551.11
 1682964.479     0.999805      4259398      5120.00
 1685061.631     0.999829      4259496      5851.43
 1688207.359     0.999854      4259630      6826.67
 1690304.511     0.999878      4259728      8192.00
 1691353.087     0.999890      4259753      9102.22
 1694498.815     0.999902      4259808     10240.00
 1696595.967     0.999915      4259858     11702.86
 1698693.119     0.999927      4259915     13653.33
 1700790.271     0.999939      4259984     16384.00
 1701838.847     0.999945      4259999     18204.44
 1702887.423     0.999951      4260015     20480.00
 1704984.575     0.999957      4260046     23405.71
 1706033.151     0.999963      4260066     27306.67
 1708130.303     0.999969      4260111     32768.00
 1708130.303     0.999973      4260111     36408.89
 1709178.879     0.999976      4260144     40960.00
 1709178.879     0.999979      4260144     46811.43
 1709178.879     0.999982      4260144     54613.33
 1710227.455     0.999985      4260156     65536.00
 1711276.031     0.999986      4260163     72817.78
 1713373.183     0.999988      4260168     81920.00
 1716518.911     0.999989      4260186     93622.86
 1716518.911     0.999991      4260186    109226.67
 1717567.487     0.999992      4260199    131072.00
 1717567.487     0.999993      4260199    145635.56
 1717567.487     0.999994      4260199    163840.00
 1717567.487     0.999995      4260199    187245.71
 1718616.063     0.999995      4260205    218453.33
 1718616.063     0.999996      4260205    262144.00
 1719664.639     0.999997      4260206    291271.11
 1720713.215     0.999997      4260208    327680.00
 1721761.791     0.999997      4260209    374491.43
 1724907.519     0.999998      4260212    436906.67
 1724907.519     0.999998      4260212    524288.00
 1725956.095     0.999998      4260214    582542.22
 1725956.095     0.999998      4260214    655360.00
 1727004.671     0.999999      4260216    748982.86
 1727004.671     0.999999      4260216    873813.33
 1727004.671     0.999999      4260216   1048576.00
 1729101.823     0.999999      4260217   1165084.44
 1729101.823     0.999999      4260217   1310720.00
 1730150.399     0.999999      4260218   1497965.71
 1730150.399     0.999999      4260218   1747626.67
 1730150.399     1.000000      4260218   2097152.00
 1731198.975     1.000000      4260220   2330168.89
 1731198.975     1.000000      4260220          inf
#[Mean    =   879592.137, StdDeviation   =   364287.385]
#[Max     =  1730150.400, Total count    =      4260220]
#[Buckets =           27, SubBuckets     =         2048]
----------------------------------------------------------
  4266003 requests in 60.00m, 1.91GB read
  Socket errors: connect 0, read 20, write 400, timeout 32922
  Non-2xx or 3xx responses: 228126
Requests/sec:   1185.00
Transfer/sec:    556.55KB
