Running 30m test @ http://20.117.167.59:60
  2 threads and 1000 connections
  Thread calibration: mean lat.: 4268.870ms, rate sampling interval: 15187ms
  Thread calibration: mean lat.: 4138.092ms, rate sampling interval: 15114ms
  Thread Stats   Avg      Stdev     99%   +/- Stdev
    Latency    13.94m     8.02m   27.80m    58.16%
    Req/Sec    65.95      4.95    78.00     71.49%
  Latency Distribution (HdrHistogram - Recorded Latency)
 50.000%   13.88m 
 75.000%   20.80m 
 90.000%   25.13m 
 99.000%   27.80m 
 99.900%   28.47m 
 99.990%   28.89m 
 99.999%   29.01m 
100.000%   29.12m 

  Detailed Percentile spectrum:
       Value   Percentile   TotalCount 1/(1-Percentile)

    6762.495     0.000000            1         1.00
  168165.375     0.100000        23792         1.11
  337379.327     0.200000        47566         1.25
  507772.927     0.300000        71364         1.43
  667942.911     0.400000        95123         1.67
  832569.343     0.500000       118949         2.00
  912785.407     0.550000       130792         2.22
  998768.639     0.600000       142687         2.50
 1085276.159     0.650000       154574         2.86
 1167065.087     0.700000       166556         3.33
 1247805.439     0.750000       178374         4.00
 1289748.479     0.775000       184357         4.44
 1331691.519     0.800000       190248         5.00
 1376780.287     0.825000       196303         5.71
 1420820.479     0.850000       202196         6.67
 1463812.095     0.875000       208161         8.00
 1484783.615     0.887500       211087         8.89
 1507852.287     0.900000       214117        10.00
 1528823.807     0.912500       217114        11.43
 1549795.327     0.925000       219973        13.33
 1570766.847     0.937500       222997        16.00
 1582301.183     0.943750       224555        17.78
 1592786.943     0.950000       225995        20.00
 1603272.703     0.956250       227449        22.86
 1613758.463     0.962500       228893        26.67
 1625292.799     0.968750       230467        32.00
 1630535.679     0.971875       231194        35.56
 1635778.559     0.975000       231891        40.00
 1642070.015     0.978125       232650        45.71
 1648361.471     0.981250       233400        53.33
 1654652.927     0.984375       234177        64.00
 1657798.655     0.985938       234503        71.11
 1661992.959     0.987500       234913        80.00
 1666187.263     0.989062       235247        91.43
 1670381.567     0.990625       235648       106.67
 1673527.295     0.992188       235950       128.00
 1676673.023     0.992969       236196       142.22
 1678770.175     0.993750       236343       160.00
 1680867.327     0.994531       236501       182.86
 1684013.055     0.995313       236681       213.33
 1687158.783     0.996094       236879       256.00
 1689255.935     0.996484       236983       284.44
 1691353.087     0.996875       237062       320.00
 1693450.239     0.997266       237142       365.71
 1696595.967     0.997656       237267       426.67
 1698693.119     0.998047       237337       512.00
 1700790.271     0.998242       237395       568.89
 1701838.847     0.998437       237431       640.00
 1703935.999     0.998633       237478       731.43
 1706033.151     0.998828       237518       853.33
 1708130.303     0.999023       237561      1024.00
 1710227.455     0.999121       237590      1137.78
 1712324.607     0.999219       237616      1280.00
 1713373.183     0.999316       237627      1462.86
 1715470.335     0.999414       237652      1706.67
 1717567.487     0.999512       237679      2048.00
 1718616.063     0.999561       237687      2275.56
 1719664.639     0.999609       237701      2560.00
 1720713.215     0.999658       237708      2925.71
 1722810.367     0.999707       237721      3413.33
 1727004.671     0.999756       237733      4096.00
 1728053.247     0.999780       237741      4551.11
 1729101.823     0.999805       237747      5120.00
 1730150.399     0.999829       237758      5851.43
 1730150.399     0.999854       237758      6826.67
 1731198.975     0.999878       237760      8192.00
 1733296.127     0.999890       237768      9102.22
 1733296.127     0.999902       237768     10240.00
 1734344.703     0.999915       237772     11702.86
 1734344.703     0.999927       237772     13653.33
 1736441.855     0.999939       237777     16384.00
 1736441.855     0.999945       237777     18204.44
 1737490.431     0.999951       237780     20480.00
 1737490.431     0.999957       237780     23405.71
 1738539.007     0.999963       237784     27306.67
 1738539.007     0.999969       237784     32768.00
 1738539.007     0.999973       237784     36408.89
 1738539.007     0.999976       237784     40960.00
 1738539.007     0.999979       237784     46811.43
 1739587.583     0.999982       237785     54613.33
 1740636.159     0.999985       237787     65536.00
 1740636.159     0.999986       237787     72817.78
 1740636.159     0.999988       237787     81920.00
 1740636.159     0.999989       237787     93622.86
 1740636.159     0.999991       237787    109226.67
 1745879.039     0.999992       237788    131072.00
 1745879.039     0.999993       237788    145635.56
 1745879.039     0.999994       237788    163840.00
 1745879.039     0.999995       237788    187245.71
 1745879.039     0.999995       237788    218453.33
 1746927.615     0.999996       237789    262144.00
 1746927.615     1.000000       237789          inf
#[Mean    =   836192.364, StdDeviation   =   481450.028]
#[Max     =  1745879.040, Total count    =       237789]
#[Buckets =           27, SubBuckets     =         2048]
----------------------------------------------------------
  238722 requests in 30.00m, 111.13MB read
  Socket errors: connect 0, read 288430, write 534668, timeout 36477
  Non-2xx or 3xx responses: 1384
Requests/sec:    132.62
Transfer/sec:     63.22KB
