Running 60m test @ http://51.140.51.51:60/wrk2-api/post/compose
  2 threads and 1000 connections
  Thread calibration: mean lat.: 4269.909ms, rate sampling interval: 14966ms
  Thread calibration: mean lat.: 4101.782ms, rate sampling interval: 14172ms
  Thread Stats   Avg      Stdev     99%   +/- Stdev
    Latency    18.75m    12.65m   46.35m    63.40%
    Req/Sec   102.40     65.51   381.00     91.26%
  Latency Distribution (HdrHistogram - Recorded Latency)
 50.000%   16.73m 
 75.000%   28.75m 
 90.000%   37.15m 
 99.000%   46.35m 
 99.900%   49.53m 
 99.990%   51.52m 
 99.999%   53.41m 
100.000%   54.14m 

  Detailed Percentile spectrum:
       Value   Percentile   TotalCount 1/(1-Percentile)

     199.551     0.000000            1         1.00
  193593.343     0.100000        73852         1.11
  451149.823     0.200000       147789         1.25
  558891.007     0.300000       221765         1.43
  682622.975     0.400000       295496         1.67
 1004011.519     0.500000       369284         2.00
 1176502.271     0.550000       406165         2.22
 1325400.063     0.600000       443249         2.50
 1447034.879     0.650000       479987         2.86
 1574961.151     0.700000       516913         3.33
 1724907.519     0.750000       553941         4.00
 1804599.295     0.775000       572416         4.44
 1888485.375     0.800000       590896         5.00
 1976565.759     0.825000       609246         5.71
 2063597.567     0.850000       627677         6.67
 2146435.071     0.875000       646286         8.00
 2187329.535     0.887500       655543         8.89
 2229272.575     0.900000       664693        10.00
 2275409.919     0.912500       673993        11.43
 2323644.415     0.925000       683059        13.33
 2378170.367     0.937500       692341        16.00
 2407530.495     0.943750       696922        17.78
 2441084.927     0.950000       701658        20.00
 2476736.511     0.956250       706180        22.86
 2518679.551     0.962500       710925        26.67
 2564816.895     0.968750       715440        32.00
 2592079.871     0.971875       717818        35.56
 2619342.847     0.975000       720019        40.00
 2650800.127     0.978125       722312        45.71
 2684354.559     0.981250       724706        53.33
 2715811.839     0.984375       726918        64.00
 2732589.055     0.985938       728080        71.11
 2751463.423     0.987500       729282        80.00
 2770337.791     0.989062       730429        91.43
 2789212.159     0.990625       731500       106.67
 2812280.831     0.992188       732704       128.00
 2822766.591     0.992969       733274       142.22
 2835349.503     0.993750       733877       160.00
 2847932.415     0.994531       734442       182.86
 2862612.479     0.995313       735023       213.33
 2877292.543     0.996094       735553       256.00
 2885681.151     0.996484       735837       284.44
 2896166.911     0.996875       736153       320.00
 2906652.671     0.997266       736459       365.71
 2917138.431     0.997656       736716       426.67
 2929721.343     0.998047       737002       512.00
 2936012.799     0.998242       737136       568.89
 2944401.407     0.998437       737304       640.00
 2952790.015     0.998633       737444       731.43
 2961178.623     0.998828       737561       853.33
 2973761.535     0.999023       737706      1024.00
 2982150.143     0.999121       737790      1137.78
 2990538.751     0.999219       737864      1280.00
 2998927.359     0.999316       737920      1462.86
 3009413.119     0.999414       738006      1706.67
 3017801.727     0.999512       738065      2048.00
 3026190.335     0.999561       738108      2275.56
 3032481.791     0.999609       738141      2560.00
 3040870.399     0.999658       738174      2925.71
 3049259.007     0.999707       738210      3413.33
 3057647.615     0.999756       738243      4096.00
 3063939.071     0.999780       738265      4551.11
 3068133.375     0.999805       738285      5120.00
 3072327.679     0.999829       738296      5851.43
 3078619.135     0.999854       738316      6826.67
 3084910.591     0.999878       738338      8192.00
 3087007.743     0.999890       738343      9102.22
 3091202.047     0.999902       738354     10240.00
 3093299.199     0.999915       738359     11702.86
 3101687.807     0.999927       738371     13653.33
 3110076.415     0.999939       738377     16384.00
 3116367.871     0.999945       738383     18204.44
 3122659.327     0.999951       738390     20480.00
 3124756.479     0.999957       738392     23405.71
 3128950.783     0.999963       738396     27306.67
 3135242.239     0.999969       738400     32768.00
 3143630.847     0.999973       738402     36408.89
 3152019.455     0.999976       738404     40960.00
 3158310.911     0.999979       738407     46811.43
 3162505.215     0.999982       738409     54613.33
 3166699.519     0.999985       738411     65536.00
 3170893.823     0.999986       738412     72817.78
 3189768.191     0.999988       738413     81920.00
 3204448.255     0.999989       738415     93622.86
 3212836.863     0.999991       738416    109226.67
 3214934.015     0.999992       738417    131072.00
 3214934.015     0.999993       738417    145635.56
 3221225.471     0.999994       738418    163840.00
 3229614.079     0.999995       738419    187245.71
 3229614.079     0.999995       738419    218453.33
 3235905.535     0.999996       738420    262144.00
 3235905.535     0.999997       738420    291271.11
 3235905.535     0.999997       738420    327680.00
 3240099.839     0.999997       738421    374491.43
 3240099.839     0.999998       738421    436906.67
 3240099.839     0.999998       738421    524288.00
 3240099.839     0.999998       738421    582542.22
 3240099.839     0.999998       738421    655360.00
 3248488.447     0.999999       738422    748982.86
 3248488.447     1.000000       738422          inf
#[Mean    =  1124702.085, StdDeviation   =   759109.049]
#[Max     =  3246391.296, Total count    =       738422]
#[Buckets =           27, SubBuckets     =         2048]
----------------------------------------------------------
  739767 requests in 60.00m, 164.32MB read
  Socket errors: connect 0, read 12290, write 98322, timeout 1525078
  Non-2xx or 3xx responses: 182914
Requests/sec:    205.49
Transfer/sec:     46.74KB
