Running 30m test @ http://20.90.252.234:60
  2 threads and 1000 connections
  Thread calibration: mean lat.: 8.907ms, rate sampling interval: 34ms
  Thread calibration: mean lat.: 9.023ms, rate sampling interval: 35ms
  Thread Stats   Avg      Stdev     99%   +/- Stdev
    Latency     1.60s     2.14s    9.40s    88.87%
    Req/Sec     1.00k   283.35     1.70k    81.01%
  Latency Distribution (HdrHistogram - Recorded Latency)
 50.000%  981.50ms
 75.000%    2.33s 
 90.000%    3.92s 
 99.000%    9.40s 
 99.900%   20.86s 
 99.990%   27.36s 
 99.999%   32.59s 
100.000%   36.04s 

  Detailed Percentile spectrum:
       Value   Percentile   TotalCount 1/(1-Percentile)

       0.169     0.000000            1         1.00
       7.099     0.100000       353699         1.11
      17.295     0.200000       707370         1.25
     230.271     0.300000      1060929         1.43
     584.191     0.400000      1414595         1.67
     981.503     0.500000      1768293         2.00
    1202.175     0.550000      1945509         2.22
    1439.743     0.600000      2122109         2.50
    1700.863     0.650000      2298864         2.86
    1992.703     0.700000      2475553         3.33
    2330.623     0.750000      2652390         4.00
    2519.039     0.775000      2740972         4.44
    2727.935     0.800000      2829352         5.00
    2961.407     0.825000      2917358         5.71
    3229.695     0.850000      3006217         6.67
    3540.991     0.875000      3094160         8.00
    3721.215     0.887500      3138322         8.89
    3923.967     0.900000      3182503        10.00
    4155.391     0.912500      3226812        11.43
    4423.679     0.925000      3271048        13.33
    4747.263     0.937500      3315460        16.00
    4935.679     0.943750      3337632        17.78
    5148.671     0.950000      3359599        20.00
    5390.335     0.956250      3381418        22.86
    5685.247     0.962500      3403673        26.67
    6041.599     0.968750      3425678        32.00
    6258.687     0.971875      3436642        35.56
    6516.735     0.975000      3447748        40.00
    6819.839     0.978125      3458766        45.71
    7204.863     0.981250      3469865        53.33
    7725.055     0.984375      3480898        64.00
    8052.735     0.985938      3486400        71.11
    8462.335     0.987500      3491898        80.00
    9003.007     0.989062      3497441        91.43
    9707.519     0.990625      3502946       106.67
   10698.751     0.992188      3508497       128.00
   11304.959     0.992969      3511239       142.22
   12025.855     0.993750      3514015       160.00
   12820.479     0.994531      3516754       182.86
   13746.175     0.995313      3519518       213.33
   14753.791     0.996094      3522284       256.00
   15302.655     0.996484      3523675       284.44
   15941.631     0.996875      3525056       320.00
   16629.759     0.997266      3526430       365.71
   17383.423     0.997656      3527800       426.67
   18235.391     0.998047      3529193       512.00
   18710.527     0.998242      3529886       568.89
   19169.279     0.998437      3530567       640.00
   19693.567     0.998633      3531265       731.43
   20283.391     0.998828      3531962       853.33
   20938.751     0.999023      3532642      1024.00
   21282.815     0.999121      3532986      1137.78
   21774.335     0.999219      3533338      1280.00
   22265.855     0.999316      3533688      1462.86
   22790.143     0.999414      3534020      1706.67
   23330.815     0.999512      3534363      2048.00
   23642.111     0.999561      3534534      2275.56
   23953.407     0.999609      3534710      2560.00
   24313.855     0.999658      3534879      2925.71
   24657.919     0.999707      3535053      3413.33
   25067.519     0.999756      3535225      4096.00
   25395.199     0.999780      3535312      4551.11
   25690.111     0.999805      3535401      5120.00
   25968.639     0.999829      3535484      5851.43
   26345.471     0.999854      3535570      6826.67
   26902.527     0.999878      3535660      8192.00
   27148.287     0.999890      3535699      9102.22
   27410.431     0.999902      3535746     10240.00
   27639.807     0.999915      3535787     11702.86
   27951.103     0.999927      3535829     13653.33
   28459.007     0.999939      3535873     16384.00
   28639.231     0.999945      3535893     18204.44
   28950.527     0.999951      3535916     20480.00
   29343.743     0.999957      3535936     23405.71
   29966.335     0.999963      3535958     27306.67
   30326.783     0.999969      3535980     32768.00
   30719.999     0.999973      3535990     36408.89
   30965.759     0.999976      3536002     40960.00
   31358.975     0.999979      3536012     46811.43
   31883.263     0.999982      3536023     54613.33
   32161.791     0.999985      3536034     65536.00
   32391.167     0.999986      3536039     72817.78
   32522.239     0.999988      3536044     81920.00
   32555.007     0.999989      3536050     93622.86
   32686.079     0.999991      3536055    109226.67
   33062.911     0.999992      3536061    131072.00
   33243.135     0.999993      3536063    145635.56
   33554.431     0.999994      3536066    163840.00
   33718.271     0.999995      3536069    187245.71
   33783.807     0.999995      3536071    218453.33
   34045.951     0.999996      3536074    262144.00
   34111.487     0.999997      3536075    291271.11
   34308.095     0.999997      3536077    327680.00
   34373.631     0.999997      3536078    374491.43
   34471.935     0.999998      3536079    436906.67
   34963.455     0.999998      3536081    524288.00
   34963.455     0.999998      3536081    582542.22
   35028.991     0.999998      3536082    655360.00
   35127.295     0.999999      3536083    748982.86
   35127.295     0.999999      3536083    873813.33
   35291.135     0.999999      3536084   1048576.00
   35291.135     0.999999      3536084   1165084.44
   35323.903     0.999999      3536085   1310720.00
   35323.903     0.999999      3536085   1497965.71
   35323.903     0.999999      3536085   1747626.67
   35979.263     1.000000      3536086   2097152.00
   35979.263     1.000000      3536086   2330168.89
   35979.263     1.000000      3536086   2621440.00
   35979.263     1.000000      3536086   2995931.43
   35979.263     1.000000      3536086   3495253.33
   36044.799     1.000000      3536087   4194304.00
   36044.799     1.000000      3536087          inf
#[Mean    =     1604.131, StdDeviation   =     2135.350]
#[Max     =    36012.032, Total count    =      3536087]
#[Buckets =           27, SubBuckets     =         2048]
----------------------------------------------------------
  3554913 requests in 30.00m, 1.62GB read
  Socket errors: connect 0, read 1100, write 7078, timeout 16356
  Non-2xx or 3xx responses: 1313
Requests/sec:   1974.90
Transfer/sec:      0.92MB
