Running 60m test @ http://20.90.154.146:60/wrk2-api/post/compose
  2 threads and 1000 connections
  Thread calibration: mean lat.: 13.344ms, rate sampling interval: 48ms
  Thread calibration: mean lat.: 13.883ms, rate sampling interval: 48ms
  Thread Stats   Avg      Stdev     99%   +/- Stdev
    Latency    10.63s     8.44s   33.39s    64.27%
    Req/Sec   503.17    169.02     0.98k    70.07%
  Latency Distribution (HdrHistogram - Recorded Latency)
 50.000%    9.18s 
 75.000%   16.24s 
 90.000%   22.59s 
 99.000%   33.39s 
 99.900%   41.71s 
 99.990%   47.94s 
 99.999%    0.90m 
100.000%    0.97m 

  Detailed Percentile spectrum:
       Value   Percentile   TotalCount 1/(1-Percentile)

       0.097     0.000000            1         1.00
     558.591     0.100000       356609         1.11
    2482.175     0.200000       713219         1.25
    4562.943     0.300000      1070044         1.43
    6787.071     0.400000      1426758         1.67
    9183.231     0.500000      1782968         2.00
   10452.991     0.550000      1961125         2.22
   11796.479     0.600000      2140378         2.50
   13189.119     0.650000      2318546         2.86
   14663.679     0.700000      2496729         3.33
   16244.735     0.750000      2674344         4.00
   17104.895     0.775000      2764031         4.44
   18022.399     0.800000      2853991         5.00
   18989.055     0.825000      2942677         5.71
   20054.015     0.850000      3031593         6.67
   21233.663     0.875000      3120657         8.00
   21889.023     0.887500      3165546         8.89
   22593.535     0.900000      3210039        10.00
   23363.583     0.912500      3254198        11.43
   24215.551     0.925000      3298634        13.33
   25182.207     0.937500      3342853        16.00
   25739.263     0.943750      3365524        17.78
   26329.087     0.950000      3387767        20.00
   26984.447     0.956250      3409898        22.86
   27721.727     0.962500      3432376        26.67
   28557.311     0.968750      3454347        32.00
   29032.447     0.971875      3465408        35.56
   29573.119     0.975000      3476795        40.00
   30162.943     0.978125      3487825        45.71
   30834.687     0.981250      3498976        53.33
   31588.351     0.984375      3509986        64.00
   32030.719     0.985938      3515564        71.11
   32522.239     0.987500      3521199        80.00
   33046.527     0.989062      3526735        91.43
   33652.735     0.990625      3532282       106.67
   34373.631     0.992188      3537816       128.00
   34799.615     0.992969      3540733       142.22
   35258.367     0.993750      3543460       160.00
   35782.655     0.994531      3546293       182.86
   36339.711     0.995313      3548959       213.33
   37027.839     0.996094      3551827       256.00
   37421.055     0.996484      3553171       284.44
   37847.039     0.996875      3554555       320.00
   38338.559     0.997266      3555971       365.71
   38895.615     0.997656      3557371       426.67
   39550.975     0.998047      3558756       512.00
   39878.655     0.998242      3559404       568.89
   40304.639     0.998437      3560128       640.00
   40763.391     0.998633      3560822       731.43
   41254.911     0.998828      3561507       853.33
   41779.199     0.999023      3562197      1024.00
   42106.879     0.999121      3562554      1137.78
   42500.095     0.999219      3562912      1280.00
   42860.543     0.999316      3563256      1462.86
   43319.295     0.999414      3563590      1706.67
   43810.815     0.999512      3563938      2048.00
   44138.495     0.999561      3564121      2275.56
   44433.407     0.999609      3564283      2560.00
   44761.087     0.999658      3564454      2925.71
   45187.071     0.999707      3564632      3413.33
   45678.591     0.999756      3564802      4096.00
   45973.503     0.999780      3564893      4551.11
   46301.183     0.999805      3564977      5120.00
   46628.863     0.999829      3565065      5851.43
   47054.847     0.999854      3565151      6826.67
   47415.295     0.999878      3565238      8192.00
   47710.207     0.999890      3565279      9102.22
   48005.119     0.999902      3565325     10240.00
   48365.567     0.999915      3565366     11702.86
   48791.551     0.999927      3565410     13653.33
   49283.071     0.999939      3565452     16384.00
   49643.519     0.999945      3565475     18204.44
   50003.967     0.999951      3565496     20480.00
   50266.111     0.999957      3565517     23405.71
   50593.791     0.999963      3565539     27306.67
   50954.239     0.999969      3565561     32768.00
   51380.223     0.999973      3565573     36408.89
   51806.207     0.999976      3565583     40960.00
   52199.423     0.999979      3565594     46811.43
   52428.799     0.999982      3565604     54613.33
   53018.623     0.999985      3565615     65536.00
   53346.303     0.999986      3565621     72817.78
   53608.447     0.999988      3565626     81920.00
   53936.127     0.999989      3565632     93622.86
   54198.271     0.999991      3565637    109226.67
   54493.183     0.999992      3565642    131072.00
   54657.023     0.999993      3565645    145635.56
   54984.703     0.999994      3565648    163840.00
   55083.007     0.999995      3565650    187245.71
   55508.991     0.999995      3565653    218453.33
   55836.671     0.999996      3565658    262144.00
   55836.671     0.999997      3565658    291271.11
   55967.743     0.999997      3565659    327680.00
   56393.727     0.999997      3565660    374491.43
   56557.567     0.999998      3565661    436906.67
   56950.783     0.999998      3565663    524288.00
   56950.783     0.999998      3565663    582542.22
   57049.087     0.999998      3565664    655360.00
   57180.159     0.999999      3565665    748982.86
   57180.159     0.999999      3565665    873813.33
   57212.927     0.999999      3565666   1048576.00
   57212.927     0.999999      3565666   1165084.44
   57278.463     0.999999      3565667   1310720.00
   57278.463     0.999999      3565667   1497965.71
   57278.463     0.999999      3565667   1747626.67
   57311.231     1.000000      3565668   2097152.00
   57311.231     1.000000      3565668   2330168.89
   57311.231     1.000000      3565668   2621440.00
   57311.231     1.000000      3565668   2995931.43
   57311.231     1.000000      3565668   3495253.33
   58130.431     1.000000      3565669   4194304.00
   58130.431     1.000000      3565669          inf
#[Mean    =    10628.321, StdDeviation   =     8443.606]
#[Max     =    58097.664, Total count    =      3565669]
#[Buckets =           27, SubBuckets     =         2048]
----------------------------------------------------------
  3575150 requests in 60.00m, 668.14MB read
  Socket errors: connect 0, read 132, write 21942, timeout 243543
  Non-2xx or 3xx responses: 9
Requests/sec:    993.09
Transfer/sec:    190.05KB
