Running 30m test @ http://20.117.77.122:60/wrk2-api/post/compose
  2 threads and 1000 connections
  Thread calibration: mean lat.: 4437.454ms, rate sampling interval: 15941ms
  Thread calibration: mean lat.: 4533.250ms, rate sampling interval: 16556ms
  Thread Stats   Avg      Stdev     99%   +/- Stdev
    Latency    12.09m     7.76m   27.23m    58.78%
    Req/Sec    42.65     13.92    66.00     68.95%
  Latency Distribution (HdrHistogram - Recorded Latency)
 50.000%   10.70m 
 75.000%   18.93m 
 90.000%   23.51m 
 99.000%   27.23m 
 99.900%   28.59m 
 99.990%   29.34m 
 99.999%   29.64m 
100.000%   29.66m 

  Detailed Percentile spectrum:
       Value   Percentile   TotalCount 1/(1-Percentile)

    3960.831     0.000000            1         1.00
  136183.807     0.100000        15519         1.11
  265551.871     0.200000        31033         1.25
  389545.983     0.300000        46559         1.43
  514588.671     0.400000        62081         1.67
  642252.799     0.500000        77594         2.00
  713031.679     0.550000        85332         2.22
  824705.023     0.600000        93113         2.50
  935329.791     0.650000       100849         2.86
 1038090.239     0.700000       108633         3.33
 1135607.807     0.750000       116386         4.00
 1178599.423     0.775000       120270         4.44
 1220542.463     0.800000       124115         5.00
 1262485.503     0.825000       128093         5.71
 1306525.695     0.850000       131870         6.67
 1358954.495     0.875000       135825         8.00
 1385168.895     0.887500       137750         8.89
 1411383.295     0.900000       139703        10.00
 1436549.119     0.912500       141601        11.43
 1461714.943     0.925000       143542        13.33
 1486880.767     0.937500       145447        16.00
 1500512.255     0.943750       146456        17.78
 1514143.743     0.950000       147458        20.00
 1528823.807     0.956250       148413        22.86
 1543503.871     0.962500       149324        26.67
 1561329.663     0.968750       150315        32.00
 1570766.847     0.971875       150826        35.56
 1579155.455     0.975000       151273        40.00
 1589641.215     0.978125       151776        45.71
 1600126.975     0.981250       152232        53.33
 1611661.311     0.984375       152715        64.00
 1617952.767     0.985938       152966        71.11
 1624244.223     0.987500       153229        80.00
 1629487.103     0.989062       153456        91.43
 1635778.559     0.990625       153705       106.67
 1642070.015     0.992188       153955       128.00
 1645215.743     0.992969       154077       142.22
 1648361.471     0.993750       154196       160.00
 1651507.199     0.994531       154298       182.86
 1655701.503     0.995313       154417       213.33
 1659895.807     0.996094       154544       256.00
 1663041.535     0.996484       154616       284.44
 1665138.687     0.996875       154664       320.00
 1668284.415     0.997266       154730       365.71
 1671430.143     0.997656       154778       426.67
 1677721.599     0.998047       154839       512.00
 1682964.479     0.998242       154871       568.89
 1689255.935     0.998437       154904       640.00
 1695547.391     0.998633       154930       731.43
 1706033.151     0.998828       154962       853.33
 1716518.911     0.999023       154988      1024.00
 1721761.791     0.999121       155005      1137.78
 1724907.519     0.999219       155018      1280.00
 1731198.975     0.999316       155036      1462.86
 1735393.279     0.999414       155050      1706.67
 1739587.583     0.999512       155067      2048.00
 1740636.159     0.999561       155072      2275.56
 1742733.311     0.999609       155081      2560.00
 1743781.887     0.999658       155086      2925.71
 1747976.191     0.999707       155095      3413.33
 1750073.343     0.999756       155104      4096.00
 1751121.919     0.999780       155106      4551.11
 1753219.071     0.999805       155109      5120.00
 1755316.223     0.999829       155113      5851.43
 1758461.951     0.999854       155118      6826.67
 1759510.527     0.999878       155122      8192.00
 1759510.527     0.999890       155122      9102.22
 1761607.679     0.999902       155124     10240.00
 1763704.831     0.999915       155126     11702.86
 1765801.983     0.999927       155129     13653.33
 1768947.711     0.999939       155131     16384.00
 1768947.711     0.999945       155131     18204.44
 1769996.287     0.999951       155132     20480.00
 1771044.863     0.999957       155133     23405.71
 1776287.743     0.999963       155134     27306.67
 1777336.319     0.999969       155136     32768.00
 1777336.319     0.999973       155136     36408.89
 1777336.319     0.999976       155136     40960.00
 1777336.319     0.999979       155136     46811.43
 1778384.895     0.999982       155138     54613.33
 1778384.895     0.999985       155138     65536.00
 1778384.895     0.999986       155138     72817.78
 1778384.895     0.999988       155138     81920.00
 1778384.895     0.999989       155138     93622.86
 1778384.895     0.999991       155138    109226.67
 1778384.895     0.999992       155138    131072.00
 1778384.895     0.999993       155138    145635.56
 1779433.471     0.999994       155139    163840.00
 1779433.471     1.000000       155139          inf
#[Mean    =   725332.203, StdDeviation   =   465898.572]
#[Max     =  1778384.896, Total count    =       155139]
#[Buckets =           27, SubBuckets     =         2048]
----------------------------------------------------------
  156026 requests in 30.00m, 29.27MB read
  Socket errors: connect 0, read 44840, write 781547, timeout 532676
  Non-2xx or 3xx responses: 821
Requests/sec:     86.68
Transfer/sec:     16.65KB
