Running 60m test @ http://20.108.3.245:60/wrk2-api/post/compose
  2 threads and 1000 connections
  Thread calibration: mean lat.: 4136.944ms, rate sampling interval: 14614ms
  Thread calibration: mean lat.: 4115.604ms, rate sampling interval: 13942ms
  Thread Stats   Avg      Stdev     99%   +/- Stdev
    Latency    19.43m    12.47m   45.33m    65.34%
    Req/Sec   104.91     68.44   448.00     94.62%
  Latency Distribution (HdrHistogram - Recorded Latency)
 50.000%   18.35m 
 75.000%   29.52m 
 90.000%   37.36m 
 99.000%   45.33m 
 99.900%   48.09m 
 99.990%   49.70m 
 99.999%   50.65m 
100.000%   51.10m 

  Detailed Percentile spectrum:
       Value   Percentile   TotalCount 1/(1-Percentile)

     250.111     0.000000            1         1.00
  249298.943     0.100000        75668         1.11
  494403.583     0.200000       151502         1.25
  566231.039     0.300000       227080         1.43
  758644.735     0.400000       302666         1.67
 1101004.799     0.500000       378492         2.00
 1256194.047     0.550000       416332         2.22
 1385168.895     0.600000       454102         2.50
 1501560.831     0.650000       491968         2.86
 1629487.103     0.700000       529637         3.33
 1771044.863     0.750000       567442         4.00
 1842348.031     0.775000       586330         4.44
 1909456.895     0.800000       605359         5.00
 1977614.335     0.825000       624352         5.71
 2048917.503     0.850000       643108         6.67
 2134900.735     0.875000       662067         8.00
 2187329.535     0.887500       671754         8.89
 2241855.487     0.900000       680974        10.00
 2296381.439     0.912500       690312        11.43
 2355101.695     0.925000       699796        13.33
 2415919.103     0.937500       709419        16.00
 2445279.231     0.943750       714155        17.78
 2474639.359     0.950000       718970        20.00
 2503999.487     0.956250       723545        22.86
 2537553.919     0.962500       728250        26.67
 2571108.351     0.968750       732903        32.00
 2589982.719     0.971875       735295        35.56
 2608857.087     0.975000       737664        40.00
 2629828.607     0.978125       740065        45.71
 2650800.127     0.981250       742368        53.33
 2673868.799     0.984375       744827        64.00
 2686451.711     0.985938       746052        71.11
 2699034.623     0.987500       747189        80.00
 2711617.535     0.989062       748279        91.43
 2726297.599     0.990625       749420       106.67
 2745171.967     0.992188       750728       128.00
 2753560.575     0.992969       751248       142.22
 2764046.335     0.993750       751865       160.00
 2774532.095     0.994531       752460       182.86
 2785017.855     0.995313       752964       213.33
 2799697.919     0.996094       753573       256.00
 2808086.527     0.996484       753859       284.44
 2818572.287     0.996875       754198       320.00
 2826960.895     0.997266       754460       365.71
 2837446.655     0.997656       754747       426.67
 2850029.567     0.998047       755060       512.00
 2856321.023     0.998242       755228       568.89
 2862612.479     0.998437       755356       640.00
 2868903.935     0.998633       755470       731.43
 2877292.543     0.998828       755625       853.33
 2887778.303     0.999023       755788      1024.00
 2891972.607     0.999121       755848      1137.78
 2898264.063     0.999219       755934      1280.00
 2904555.519     0.999316       756003      1462.86
 2910846.975     0.999414       756086      1706.67
 2915041.279     0.999512       756134      2048.00
 2923429.887     0.999561       756184      2275.56
 2927624.191     0.999609       756216      2560.00
 2933915.647     0.999658       756254      2925.71
 2940207.103     0.999707       756289      3413.33
 2946498.559     0.999756       756321      4096.00
 2950692.863     0.999780       756341      4551.11
 2954887.167     0.999805       756356      5120.00
 2961178.623     0.999829       756375      5851.43
 2967470.079     0.999854       756397      6826.67
 2975858.687     0.999878       756413      8192.00
 2980052.991     0.999890       756426      9102.22
 2984247.295     0.999902       756433     10240.00
 2988441.599     0.999915       756442     11702.86
 2992635.903     0.999927       756449     13653.33
 2998927.359     0.999939       756458     16384.00
 3005218.815     0.999945       756464     18204.44
 3009413.119     0.999951       756468     20480.00
 3011510.271     0.999957       756472     23405.71
 3015704.575     0.999963       756476     27306.67
 3021996.031     0.999969       756480     32768.00
 3024093.183     0.999973       756484     36408.89
 3026190.335     0.999976       756487     40960.00
 3026190.335     0.999979       756487     46811.43
 3034578.943     0.999982       756490     54613.33
 3036676.095     0.999985       756492     65536.00
 3038773.247     0.999986       756495     72817.78
 3038773.247     0.999988       756495     81920.00
 3038773.247     0.999989       756495     93622.86
 3042967.551     0.999991       756497    109226.67
 3045064.703     0.999992       756498    131072.00
 3045064.703     0.999993       756498    145635.56
 3049259.007     0.999994       756499    163840.00
 3049259.007     0.999995       756499    187245.71
 3051356.159     0.999995       756501    218453.33
 3051356.159     0.999996       756501    262144.00
 3051356.159     0.999997       756501    291271.11
 3051356.159     0.999997       756501    327680.00
 3051356.159     0.999997       756501    374491.43
 3066036.223     0.999998       756503    436906.67
 3066036.223     1.000000       756503          inf
#[Mean    =  1165878.680, StdDeviation   =   748267.277]
#[Max     =  3063939.072, Total count    =       756503]
#[Buckets =           27, SubBuckets     =         2048]
----------------------------------------------------------
  757809 requests in 60.00m, 165.93MB read
  Socket errors: connect 0, read 10266, write 85446, timeout 1538119
  Non-2xx or 3xx responses: 170527
Requests/sec:    210.50
Transfer/sec:     47.20KB
