Running 30m test @ http://20.117.167.120:60
  2 threads and 1000 connections
  Thread calibration: mean lat.: 5157.956ms, rate sampling interval: 16056ms
  Thread calibration: mean lat.: 4986.104ms, rate sampling interval: 16056ms
  Thread Stats   Avg      Stdev     99%   +/- Stdev
    Latency    14.02m     8.07m   27.91m    57.88%
    Req/Sec    62.48      4.13    73.00     80.18%
  Latency Distribution (HdrHistogram - Recorded Latency)
 50.000%   13.98m 
 75.000%   20.97m 
 90.000%   25.25m 
 99.000%   27.91m 
 99.900%   28.57m 
 99.990%   29.10m 
 99.999%   29.40m 
100.000%   29.64m 

  Detailed Percentile spectrum:
       Value   Percentile   TotalCount 1/(1-Percentile)

    5926.911     0.000000            1         1.00
  170262.527     0.100000        22546         1.11
  337903.615     0.200000        45102         1.25
  506986.495     0.300000        67649         1.43
  670564.351     0.400000        90232         1.67
  838860.799     0.500000       112775         2.00
  925892.607     0.550000       124005         2.22
 1010302.975     0.600000       135333         2.50
 1090519.039     0.650000       146552         2.86
 1174405.119     0.700000       157825         3.33
 1258291.199     0.750000       169121         4.00
 1301282.815     0.775000       174784         4.44
 1343225.855     0.800000       180436         5.00
 1386217.471     0.825000       186005         5.71
 1430257.663     0.850000       191751         6.67
 1473249.279     0.875000       197390         8.00
 1493172.223     0.887500       200096         8.89
 1515192.319     0.900000       203049        10.00
 1536163.839     0.912500       205779        11.43
 1556086.783     0.925000       208595        13.33
 1578106.879     0.937500       211505        16.00
 1588592.639     0.943750       212828        17.78
 1599078.399     0.950000       214246        20.00
 1609564.159     0.956250       215670        22.86
 1620049.919     0.962500       217037        26.67
 1630535.679     0.968750       218453        32.00
 1635778.559     0.971875       219132        35.56
 1642070.015     0.975000       219967        40.00
 1647312.895     0.978125       220587        45.71
 1653604.351     0.981250       221339        53.33
 1658847.231     0.984375       221931        64.00
 1663041.535     0.985938       222326        71.11
 1667235.839     0.987500       222641        80.00
 1672478.719     0.989062       223087        91.43
 1675624.447     0.990625       223356       106.67
 1679818.751     0.992188       223706       128.00
 1681915.903     0.992969       223897       142.22
 1684013.055     0.993750       224067       160.00
 1687158.783     0.994531       224275       182.86
 1689255.935     0.995313       224397       213.33
 1692401.663     0.996094       224576       256.00
 1694498.815     0.996484       224703       284.44
 1695547.391     0.996875       224754       320.00
 1698693.119     0.997266       224877       365.71
 1700790.271     0.997656       224939       426.67
 1703935.999     0.998047       225020       512.00
 1706033.151     0.998242       225074       568.89
 1707081.727     0.998437       225101       640.00
 1709178.879     0.998633       225147       731.43
 1712324.607     0.998828       225200       853.33
 1715470.335     0.999023       225243      1024.00
 1717567.487     0.999121       225263      1137.78
 1718616.063     0.999219       225279      1280.00
 1721761.791     0.999316       225304      1462.86
 1723858.943     0.999414       225321      1706.67
 1728053.247     0.999512       225352      2048.00
 1729101.823     0.999561       225358      2275.56
 1730150.399     0.999609       225367      2560.00
 1731198.975     0.999658       225378      2925.71
 1734344.703     0.999707       225390      3413.33
 1736441.855     0.999756       225401      4096.00
 1737490.431     0.999780       225407      4551.11
 1738539.007     0.999805       225410      5120.00
 1739587.583     0.999829       225417      5851.43
 1742733.311     0.999854       225420      6826.67
 1744830.463     0.999878       225428      8192.00
 1745879.039     0.999890       225433      9102.22
 1745879.039     0.999902       225433     10240.00
 1746927.615     0.999915       225435     11702.86
 1749024.767     0.999927       225438     13653.33
 1751121.919     0.999939       225443     16384.00
 1751121.919     0.999945       225443     18204.44
 1751121.919     0.999951       225443     20480.00
 1752170.495     0.999957       225446     23405.71
 1752170.495     0.999963       225446     27306.67
 1755316.223     0.999969       225447     32768.00
 1755316.223     0.999973       225447     36408.89
 1756364.799     0.999976       225448     40960.00
 1759510.527     0.999979       225449     46811.43
 1759510.527     0.999982       225449     54613.33
 1762656.255     0.999985       225450     65536.00
 1762656.255     0.999986       225450     72817.78
 1763704.831     0.999988       225451     81920.00
 1763704.831     0.999989       225451     93622.86
 1763704.831     0.999991       225451    109226.67
 1766850.559     0.999992       225452    131072.00
 1766850.559     0.999993       225452    145635.56
 1766850.559     0.999994       225452    163840.00
 1766850.559     0.999995       225452    187245.71
 1766850.559     0.999995       225452    218453.33
 1778384.895     0.999996       225453    262144.00
 1778384.895     1.000000       225453          inf
#[Mean    =   841422.359, StdDeviation   =   484495.460]
#[Max     =  1777336.320, Total count    =       225453]
#[Buckets =           27, SubBuckets     =         2048]
----------------------------------------------------------
  226417 requests in 30.00m, 105.03MB read
  Socket errors: connect 0, read 290431, write 535326, timeout 46443
  Non-2xx or 3xx responses: 1563
Requests/sec:    125.78
Transfer/sec:     59.75KB
