Running 60m test @ http://51.145.90.221:60
  2 threads and 1000 connections
  Thread calibration: mean lat.: 3194.567ms, rate sampling interval: 11370ms
  Thread calibration: mean lat.: 3260.665ms, rate sampling interval: 11788ms
  Thread Stats   Avg      Stdev     99%   +/- Stdev
    Latency    14.61m     6.17m   26.04m    64.29%
    Req/Sec   589.19    113.99   695.00     84.01%
  Latency Distribution (HdrHistogram - Recorded Latency)
 50.000%   14.80m 
 75.000%   19.56m 
 90.000%   22.65m 
 99.000%   26.04m 
 99.900%   28.01m 
 99.990%   29.24m 
 99.999%   29.83m 
100.000%   30.11m 

  Detailed Percentile spectrum:
       Value   Percentile   TotalCount 1/(1-Percentile)

     128.511     0.000000            1         1.00
  381157.375     0.100000       423595         1.11
  549453.823     0.200000       847487         1.25
  667942.911     0.300000      1271576         1.43
  780140.543     0.400000      1694813         1.67
  888143.871     0.500000      2117880         2.00
  943194.111     0.550000      2330745         2.22
  999292.927     0.600000      2540584         2.50
 1055916.031     0.650000      2753317         2.86
 1115684.863     0.700000      2967347         3.33
 1173356.543     0.750000      3177814         4.00
 1202716.671     0.775000      3281809         4.44
 1233125.375     0.800000      3387549         5.00
 1263534.079     0.825000      3495806         5.71
 1293942.783     0.850000      3601694         6.67
 1325400.063     0.875000      3707481         8.00
 1342177.279     0.887500      3759650         8.89
 1358954.495     0.900000      3813668        10.00
 1376780.287     0.912500      3866200        11.43
 1395654.655     0.925000      3918650        13.33
 1416626.175     0.937500      3972099        16.00
 1427111.935     0.943750      3997396        17.78
 1438646.271     0.950000      4023525        20.00
 1451229.183     0.956250      4050008        22.86
 1464860.671     0.962500      4076655        26.67
 1479540.735     0.968750      4102077        32.00
 1490026.495     0.971875      4116475        35.56
 1499463.679     0.975000      4129042        40.00
 1510998.015     0.978125      4142882        45.71
 1521483.775     0.981250      4155295        53.33
 1534066.687     0.984375      4168169        64.00
 1541406.719     0.985938      4174973        71.11
 1548746.751     0.987500      4181377        80.00
 1557135.359     0.989062      4188223        91.43
 1566572.543     0.990625      4194599       106.67
 1579155.455     0.992188      4201507       128.00
 1585446.911     0.992969      4204931       142.22
 1591738.367     0.993750      4208214       160.00
 1599078.399     0.994531      4211146       182.86
 1607467.007     0.995313      4214679       213.33
 1616904.191     0.996094      4217901       256.00
 1622147.071     0.996484      4219437       284.44
 1628438.527     0.996875      4221244       320.00
 1634729.983     0.997266      4222829       365.71
 1642070.015     0.997656      4224583       426.67
 1649410.047     0.998047      4226166       512.00
 1653604.351     0.998242      4226953       568.89
 1657798.655     0.998437      4227681       640.00
 1663041.535     0.998633      4228549       731.43
 1671430.143     0.998828      4229373       853.33
 1680867.327     0.999023      4230147      1024.00
 1686110.207     0.999121      4230605      1137.78
 1691353.087     0.999219      4230996      1280.00
 1697644.543     0.999316      4231397      1462.86
 1704984.575     0.999414      4231790      1706.67
 1713373.183     0.999512      4232201      2048.00
 1715470.335     0.999561      4232431      2275.56
 1717567.487     0.999609      4232638      2560.00
 1720713.215     0.999658      4232866      2925.71
 1722810.367     0.999707      4233030      3413.33
 1729101.823     0.999756      4233252      4096.00
 1731198.975     0.999780      4233369      4551.11
 1734344.703     0.999805      4233438      5120.00
 1740636.159     0.999829      4233556      5851.43
 1744830.463     0.999854      4233661      6826.67
 1749024.767     0.999878      4233762      8192.00
 1751121.919     0.999890      4233801      9102.22
 1755316.223     0.999902      4233851     10240.00
 1759510.527     0.999915      4233906     11702.86
 1762656.255     0.999927      4233951     13653.33
 1769996.287     0.999939      4234009     16384.00
 1776287.743     0.999945      4234029     18204.44
 1779433.471     0.999951      4234064     20480.00
 1781530.623     0.999957      4234090     23405.71
 1784676.351     0.999963      4234123     27306.67
 1785724.927     0.999969      4234146     32768.00
 1785724.927     0.999973      4234146     36408.89
 1786773.503     0.999976      4234160     40960.00
 1787822.079     0.999979      4234173     46811.43
 1788870.655     0.999982      4234194     54613.33
 1789919.231     0.999985      4234221     65536.00
 1789919.231     0.999986      4234221     72817.78
 1789919.231     0.999988      4234221     81920.00
 1789919.231     0.999989      4234221     93622.86
 1790967.807     0.999991      4234241    109226.67
 1790967.807     0.999992      4234241    131072.00
 1790967.807     0.999993      4234241    145635.56
 1790967.807     0.999994      4234241    163840.00
 1790967.807     0.999995      4234241    187245.71
 1792016.383     0.999995      4234244    218453.33
 1793064.959     0.999996      4234246    262144.00
 1795162.111     0.999997      4234249    291271.11
 1795162.111     0.999997      4234249    327680.00
 1796210.687     0.999997      4234250    374491.43
 1799356.415     0.999998      4234252    436906.67
 1800404.991     0.999998      4234254    524288.00
 1800404.991     0.999998      4234254    582542.22
 1801453.567     0.999998      4234255    655360.00
 1804599.295     0.999999      4234256    748982.86
 1805647.871     0.999999      4234258    873813.33
 1805647.871     0.999999      4234258   1048576.00
 1805647.871     0.999999      4234258   1165084.44
 1805647.871     0.999999      4234258   1310720.00
 1806696.447     0.999999      4234261   1497965.71
 1806696.447     1.000000      4234261          inf
#[Mean    =   876816.512, StdDeviation   =   370385.088]
#[Max     =  1805647.872, Total count    =      4234261]
#[Buckets =           27, SubBuckets     =         2048]
----------------------------------------------------------
  4240216 requests in 60.00m, 1.90GB read
  Socket errors: connect 0, read 61, write 414, timeout 32931
  Non-2xx or 3xx responses: 237511
Requests/sec:   1177.83
Transfer/sec:    553.03KB
