Running 30m test @ http://20.117.66.220:60/wrk2-api/post/compose
  2 threads and 1000 connections
  Thread calibration: mean lat.: 2604.883ms, rate sampling interval: 12853ms
  Thread calibration: mean lat.: 2748.805ms, rate sampling interval: 13131ms
  Thread Stats   Avg      Stdev     99%   +/- Stdev
    Latency    12.63m     7.20m   25.15m    58.36%
    Req/Sec    71.53      3.79    78.00     83.64%
  Latency Distribution (HdrHistogram - Recorded Latency)
 50.000%   12.78m 
 75.000%   18.61m 
 90.000%   22.63m 
 99.000%   25.15m 
 99.900%   25.81m 
 99.990%   26.21m 
 99.999%   26.44m 
100.000%   26.56m 

  Detailed Percentile spectrum:
       Value   Percentile   TotalCount 1/(1-Percentile)

    1418.239     0.000000            1         1.00
  157024.255     0.100000        25776         1.11
  308281.343     0.200000        51592         1.25
  459276.287     0.300000        77310         1.43
  613941.247     0.400000       103075         1.67
  767033.343     0.500000       128940         2.00
  841482.239     0.550000       141793         2.22
  913833.983     0.600000       154634         2.50
  980418.559     0.650000       167562         2.86
 1045954.559     0.700000       180454         3.33
 1116733.439     0.750000       193363         4.00
 1157627.903     0.775000       199852         4.44
 1198522.367     0.800000       206217         5.00
 1240465.407     0.825000       212743         5.71
 1282408.447     0.850000       219114         6.67
 1321205.759     0.875000       225616         8.00
 1340080.127     0.887500       228885         8.89
 1357905.919     0.900000       232033        10.00
 1375731.711     0.912500       235217        11.43
 1393557.503     0.925000       238562        13.33
 1410334.719     0.937500       241626        16.00
 1419771.903     0.943750       243313        17.78
 1429209.087     0.950000       244903        20.00
 1439694.847     0.956250       246564        22.86
 1449132.031     0.962500       248113        26.67
 1459617.791     0.968750       249657        32.00
 1465909.247     0.971875       250512        35.56
 1472200.703     0.975000       251333        40.00
 1478492.159     0.978125       252077        45.71
 1485832.191     0.981250       252891        53.33
 1493172.223     0.984375       253696        64.00
 1497366.527     0.985938       254091        71.11
 1501560.831     0.987500       254520        80.00
 1505755.135     0.989062       254888        91.43
 1510998.015     0.990625       255302       106.67
 1516240.895     0.992188       255754       128.00
 1518338.047     0.992969       255896       142.22
 1521483.775     0.993750       256091       160.00
 1524629.503     0.994531       256315       182.86
 1527775.231     0.995313       256508       213.33
 1530920.959     0.996094       256717       256.00
 1533018.111     0.996484       256814       284.44
 1535115.263     0.996875       256929       320.00
 1536163.839     0.997266       256986       365.71
 1538260.991     0.997656       257086       426.67
 1541406.719     0.998047       257208       512.00
 1542455.295     0.998242       257247       568.89
 1544552.447     0.998437       257307       640.00
 1545601.023     0.998633       257334       731.43
 1547698.175     0.998828       257397       853.33
 1549795.327     0.999023       257455      1024.00
 1550843.903     0.999121       257470      1137.78
 1551892.479     0.999219       257494      1280.00
 1553989.631     0.999316       257525      1462.86
 1555038.207     0.999414       257540      1706.67
 1558183.935     0.999512       257571      2048.00
 1559232.511     0.999561       257586      2275.56
 1559232.511     0.999609       257586      2560.00
 1561329.663     0.999658       257598      2925.71
 1563426.815     0.999707       257615      3413.33
 1564475.391     0.999756       257624      4096.00
 1565523.967     0.999780       257635      4551.11
 1565523.967     0.999805       257635      5120.00
 1568669.695     0.999829       257643      5851.43
 1569718.271     0.999854       257649      6826.67
 1571815.423     0.999878       257656      8192.00
 1572863.999     0.999890       257661      9102.22
 1572863.999     0.999902       257661     10240.00
 1573912.575     0.999915       257665     11702.86
 1576009.727     0.999927       257668     13653.33
 1577058.303     0.999939       257670     16384.00
 1579155.455     0.999945       257673     18204.44
 1579155.455     0.999951       257673     20480.00
 1580204.031     0.999957       257674     23405.71
 1582301.183     0.999963       257676     27306.67
 1585446.911     0.999969       257680     32768.00
 1585446.911     0.999973       257680     36408.89
 1585446.911     0.999976       257680     40960.00
 1585446.911     0.999979       257680     46811.43
 1586495.487     0.999982       257682     54613.33
 1586495.487     0.999985       257682     65536.00
 1586495.487     0.999986       257682     72817.78
 1586495.487     0.999988       257682     81920.00
 1592786.943     0.999989       257684     93622.86
 1592786.943     0.999991       257684    109226.67
 1592786.943     0.999992       257684    131072.00
 1592786.943     0.999993       257684    145635.56
 1592786.943     0.999994       257684    163840.00
 1592786.943     0.999995       257684    187245.71
 1592786.943     0.999995       257684    218453.33
 1593835.519     0.999996       257685    262144.00
 1593835.519     1.000000       257685          inf
#[Mean    =   757747.028, StdDeviation   =   431876.383]
#[Max     =  1592786.944, Total count    =       257685]
#[Buckets =           27, SubBuckets     =         2048]
----------------------------------------------------------
  258768 requests in 30.00m, 54.67MB read
  Socket errors: connect 0, read 673, write 10813, timeout 772954
  Non-2xx or 3xx responses: 51288
Requests/sec:    143.76
Transfer/sec:     31.10KB
