Running 30m test @ http://20.90.107.44:60/wrk2-api/post/compose
  2 threads and 1000 connections
  Thread calibration: mean lat.: 660.465ms, rate sampling interval: 3364ms
  Thread calibration: mean lat.: 630.245ms, rate sampling interval: 2775ms
  Thread Stats   Avg      Stdev     99%   +/- Stdev
    Latency     4.97m     3.05m   11.09m    58.98%
    Req/Sec   332.34     29.17   388.00     74.25%
  Latency Distribution (HdrHistogram - Recorded Latency)
 50.000%    4.88m 
 75.000%    7.49m 
 90.000%    9.11m 
 99.000%   11.09m 
 99.900%   12.18m 
 99.990%   12.91m 
 99.999%   13.15m 
100.000%   13.33m 

  Detailed Percentile spectrum:
       Value   Percentile   TotalCount 1/(1-Percentile)

       5.191     0.000000            1         1.00
   53116.927     0.100000       119124         1.11
  108789.759     0.200000       238257         1.25
  167772.159     0.300000       357492         1.43
  227803.135     0.400000       476374         1.67
  293076.991     0.500000       595524         2.00
  326631.423     0.550000       655355         2.22
  358350.847     0.600000       714953         2.50
  389283.839     0.650000       774176         2.86
  419168.255     0.700000       833731         3.33
  449314.815     0.750000       893613         4.00
  464519.167     0.775000       923015         4.44
  480247.807     0.800000       953150         5.00
  495976.447     0.825000       982572         5.71
  511705.087     0.850000      1012401         6.67
  528482.303     0.875000      1042354         8.00
  537395.199     0.887500      1057019         8.89
  546832.383     0.900000      1072254        10.00
  556793.855     0.912500      1087161        11.43
  567279.615     0.925000      1102020        13.33
  579338.239     0.937500      1117011        16.00
  585629.695     0.943750      1124312        17.78
  591921.151     0.950000      1131507        20.00
  599261.183     0.956250      1138927        22.86
  607649.791     0.962500      1146287        26.67
  617611.263     0.968750      1154001        32.00
  622854.143     0.971875      1157481        35.56
  629145.599     0.975000      1161242        40.00
  635437.055     0.978125      1165125        45.71
  642252.799     0.981250      1168690        53.33
  649592.831     0.984375      1172307        64.00
  653787.135     0.985938      1174353        71.11
  657457.151     0.987500      1176032        80.00
  662175.743     0.989062      1177960        91.43
  667418.623     0.990625      1179868       106.67
  673710.079     0.992188      1181703       128.00
  676855.807     0.992969      1182545       142.22
  681050.111     0.993750      1183528       160.00
  685244.415     0.994531      1184428       182.86
  689963.007     0.995313      1185395       213.33
  695205.887     0.996094      1186298       256.00
  698351.615     0.996484      1186778       284.44
  702021.631     0.996875      1187252       320.00
  705691.647     0.997266      1187689       365.71
  708313.087     0.997656      1188142       426.67
  712507.391     0.998047      1188597       512.00
  715128.831     0.998242      1188834       568.89
  718274.559     0.998437      1189076       640.00
  721944.575     0.998633      1189290       731.43
  726138.879     0.998828      1189522       853.33
  731381.759     0.999023      1189761      1024.00
  734527.487     0.999121      1189879      1137.78
  737673.215     0.999219      1190002      1280.00
  740294.655     0.999316      1190098      1462.86
  743440.383     0.999414      1190210      1706.67
  748158.975     0.999512      1190327      2048.00
  750256.127     0.999561      1190385      2275.56
  752353.279     0.999609      1190447      2560.00
  754450.431     0.999658      1190505      2925.71
  756547.583     0.999707      1190571      3413.33
  758644.735     0.999756      1190632      4096.00
  759169.023     0.999780      1190648      4551.11
  761790.463     0.999805      1190680      5120.00
  763363.327     0.999829      1190707      5851.43
  766509.055     0.999854      1190734      6826.67
  772800.511     0.999878      1190770      8192.00
  773849.087     0.999890      1190781      9102.22
  775421.951     0.999902      1190794     10240.00
  776994.815     0.999915      1190809     11702.86
  779091.967     0.999927      1190820     13653.33
  781189.119     0.999939      1190850     16384.00
  781189.119     0.999945      1190850     18204.44
  781189.119     0.999951      1190850     20480.00
  781713.407     0.999957      1190864     23405.71
  781713.407     0.999963      1190864     27306.67
  782237.695     0.999969      1190874     32768.00
  782761.983     0.999973      1190878     36408.89
  782761.983     0.999976      1190878     40960.00
  783286.271     0.999979      1190882     46811.43
  783810.559     0.999982      1190888     54613.33
  784334.847     0.999985      1190890     65536.00
  785383.423     0.999986      1190892     72817.78
  785907.711     0.999988      1190894     81920.00
  789053.439     0.999989      1190895     93622.86
  791674.879     0.999991      1190897    109226.67
  798490.623     0.999992      1190900    131072.00
  798490.623     0.999993      1190900    145635.56
  798490.623     0.999994      1190900    163840.00
  799014.911     0.999995      1190903    187245.71
  799014.911     0.999995      1190903    218453.33
  799014.911     0.999996      1190903    262144.00
  799014.911     0.999997      1190903    291271.11
  799539.199     0.999997      1190907    327680.00
  799539.199     1.000000      1190907          inf
#[Mean    =   298038.663, StdDeviation   =   182737.532]
#[Max     =   799014.912, Total count    =      1190907]
#[Buckets =           27, SubBuckets     =         2048]
----------------------------------------------------------
  1197267 requests in 30.00m, 239.72MB read
  Socket errors: connect 0, read 308, write 42765, timeout 122090
  Non-2xx or 3xx responses: 109456
Requests/sec:    665.15
Transfer/sec:    136.38KB
