Running 30m test @ http://20.117.73.169:60
  2 threads and 1000 connections
  Thread calibration: mean lat.: 8.302ms, rate sampling interval: 29ms
  Thread calibration: mean lat.: 8.250ms, rate sampling interval: 28ms
  Thread Stats   Avg      Stdev     99%   +/- Stdev
    Latency     2.94s     2.69s   11.54s    71.13%
    Req/Sec     1.01k   316.59     1.86k    82.55%
  Latency Distribution (HdrHistogram - Recorded Latency)
 50.000%    2.37s 
 75.000%    4.37s 
 90.000%    6.43s 
 99.000%   11.54s 
 99.900%   19.22s 
 99.990%   25.25s 
 99.999%   28.98s 
100.000%   32.88s 

  Detailed Percentile spectrum:
       Value   Percentile   TotalCount 1/(1-Percentile)

       1.116     0.000000            1         1.00
      27.935     0.100000       353972         1.11
     566.783     0.200000       707950         1.25
    1126.399     0.300000      1062332         1.43
    1721.343     0.400000      1416120         1.67
    2371.583     0.500000      1770662         2.00
    2717.695     0.550000      1946996         2.22
    3086.335     0.600000      2123888         2.50
    3479.551     0.650000      2301033         2.86
    3903.487     0.700000      2477812         3.33
    4374.527     0.750000      2655095         4.00
    4636.671     0.775000      2744625         4.44
    4915.199     0.800000      2832277         5.00
    5222.399     0.825000      2920595         5.71
    5566.463     0.850000      3009175         6.67
    5959.679     0.875000      3097496         8.00
    6180.863     0.887500      3141642         8.89
    6426.623     0.900000      3185887        10.00
    6701.055     0.912500      3230216        11.43
    7016.447     0.925000      3274242        13.33
    7385.087     0.937500      3318551        16.00
    7602.175     0.943750      3340936        17.78
    7839.743     0.950000      3362829        20.00
    8114.175     0.956250      3385018        22.86
    8429.567     0.962500      3407052        26.67
    8806.399     0.968750      3429150        32.00
    9027.583     0.971875      3440208        35.56
    9281.535     0.975000      3451297        40.00
    9576.447     0.978125      3462459        45.71
    9920.511     0.981250      3473359        53.33
   10354.687     0.984375      3484374        64.00
   10625.023     0.985938      3489889        71.11
   10936.319     0.987500      3495517        80.00
   11288.575     0.989062      3501002        91.43
   11730.943     0.990625      3506511       106.67
   12271.615     0.992188      3511996       128.00
   12607.487     0.992969      3514774       142.22
   12992.511     0.993750      3517540       160.00
   13443.071     0.994531      3520295       182.86
   13975.551     0.995313      3523054       213.33
   14614.527     0.996094      3525812       256.00
   14999.551     0.996484      3527218       284.44
   15417.343     0.996875      3528592       320.00
   15925.247     0.997266      3529973       365.71
   16433.151     0.997656      3531351       426.67
   17039.359     0.998047      3532755       512.00
   17383.423     0.998242      3533445       568.89
   17793.023     0.998437      3534112       640.00
   18235.391     0.998633      3534819       731.43
   18710.527     0.998828      3535510       853.33
   19300.351     0.999023      3536185      1024.00
   19628.031     0.999121      3536529      1137.78
   19955.711     0.999219      3536873      1280.00
   20348.927     0.999316      3537230      1462.86
   20807.679     0.999414      3537578      1706.67
   21266.431     0.999512      3537914      2048.00
   21544.959     0.999561      3538085      2275.56
   21872.639     0.999609      3538265      2560.00
   22282.239     0.999658      3538436      2925.71
   22740.991     0.999707      3538604      3413.33
   23199.743     0.999756      3538775      4096.00
   23543.807     0.999780      3538866      4551.11
   23838.719     0.999805      3538947      5120.00
   24199.167     0.999829      3539034      5851.43
   24575.999     0.999854      3539125      6826.67
   24903.679     0.999878      3539207      8192.00
   25100.287     0.999890      3539251      9102.22
   25280.511     0.999902      3539296     10240.00
   25477.119     0.999915      3539336     11702.86
   25706.495     0.999927      3539379     13653.33
   26017.791     0.999939      3539423     16384.00
   26198.015     0.999945      3539445     18204.44
   26378.239     0.999951      3539466     20480.00
   26607.615     0.999957      3539487     23405.71
   26869.759     0.999963      3539510     27306.67
   27181.055     0.999969      3539530     32768.00
   27377.663     0.999973      3539542     36408.89
   27557.887     0.999976      3539552     40960.00
   27803.647     0.999979      3539563     46811.43
   27951.103     0.999982      3539574     54613.33
   28311.551     0.999985      3539585     65536.00
   28590.079     0.999986      3539590     72817.78
   28704.767     0.999988      3539595     81920.00
   28868.607     0.999989      3539601     93622.86
   29229.055     0.999991      3539606    109226.67
   30064.639     0.999992      3539611    131072.00
   30703.615     0.999993      3539614    145635.56
   30965.759     0.999994      3539617    163840.00
   31031.295     0.999995      3539620    187245.71
   31326.207     0.999995      3539623    218453.33
   31473.663     0.999996      3539625    262144.00
   31801.343     0.999997      3539626    291271.11
   32030.719     0.999997      3539628    327680.00
   32047.103     0.999997      3539629    374491.43
   32129.023     0.999998      3539630    436906.67
   32292.863     0.999998      3539632    524288.00
   32292.863     0.999998      3539632    582542.22
   32358.399     0.999998      3539633    655360.00
   32374.783     0.999999      3539634    748982.86
   32374.783     0.999999      3539634    873813.33
   32555.007     0.999999      3539635   1048576.00
   32555.007     0.999999      3539635   1165084.44
   32833.535     0.999999      3539636   1310720.00
   32833.535     0.999999      3539636   1497965.71
   32833.535     0.999999      3539636   1747626.67
   32866.303     1.000000      3539637   2097152.00
   32866.303     1.000000      3539637   2330168.89
   32866.303     1.000000      3539637   2621440.00
   32866.303     1.000000      3539637   2995931.43
   32866.303     1.000000      3539637   3495253.33
   32882.687     1.000000      3539638   4194304.00
   32882.687     1.000000      3539638          inf
#[Mean    =     2944.496, StdDeviation   =     2686.946]
#[Max     =    32866.304, Total count    =      3539638]
#[Buckets =           27, SubBuckets     =         2048]
----------------------------------------------------------
  3558455 requests in 30.00m, 1.62GB read
  Socket errors: connect 0, read 2234, write 10733, timeout 16252
  Non-2xx or 3xx responses: 2
Requests/sec:   1976.90
Transfer/sec:      0.92MB
