Running 30m test @ http://20.117.74.127:60
  2 threads and 1000 connections
  Thread calibration: mean lat.: 6.940ms, rate sampling interval: 23ms
  Thread calibration: mean lat.: 6.859ms, rate sampling interval: 23ms
  Thread Stats   Avg      Stdev     99%   +/- Stdev
    Latency     1.68s     1.85s    8.68s    88.12%
    Req/Sec     1.02k   305.08     1.70k    80.32%
  Latency Distribution (HdrHistogram - Recorded Latency)
 50.000%    1.23s 
 75.000%    2.42s 
 90.000%    3.78s 
 99.000%    8.68s 
 99.900%   15.84s 
 99.990%   21.35s 
 99.999%   24.40s 
100.000%   26.07s 

  Detailed Percentile spectrum:
       Value   Percentile   TotalCount 1/(1-Percentile)

       0.103     0.000000            1         1.00
       8.163     0.100000       356977         1.11
     200.575     0.200000       713737         1.25
     524.799     0.300000      1070913         1.43
     864.767     0.400000      1427599         1.67
    1230.847     0.500000      1784862         2.00
    1428.479     0.550000      1963133         2.22
    1641.471     0.600000      2141449         2.50
    1872.895     0.650000      2320248         2.86
    2127.871     0.700000      2498277         3.33
    2416.639     0.750000      2676701         4.00
    2580.479     0.775000      2766112         4.44
    2760.703     0.800000      2855610         5.00
    2959.359     0.825000      2944342         5.71
    3186.687     0.850000      3033363         6.67
    3452.927     0.875000      3122713         8.00
    3606.527     0.887500      3167412         8.89
    3776.511     0.900000      3211957        10.00
    3969.023     0.912500      3256322        11.43
    4198.399     0.925000      3301326        13.33
    4464.639     0.937500      3345851        16.00
    4620.287     0.943750      3367813        17.78
    4800.511     0.950000      3390269        20.00
    5009.407     0.956250      3412771        22.86
    5259.263     0.962500      3434938        26.67
    5566.463     0.968750      3457127        32.00
    5754.879     0.971875      3468391        35.56
    5980.159     0.975000      3479522        40.00
    6250.495     0.978125      3490569        45.71
    6598.655     0.981250      3501708        53.33
    7065.599     0.984375      3512829        64.00
    7385.087     0.985938      3518398        71.11
    7786.495     0.987500      3523944        80.00
    8298.495     0.989062      3529521        91.43
    8953.855     0.990625      3535090       106.67
    9781.247     0.992188      3540661       128.00
   10231.807     0.992969      3543459       142.22
   10698.751     0.993750      3546275       160.00
   11141.119     0.994531      3549041       182.86
   11632.639     0.995313      3551839       213.33
   12173.311     0.996094      3554623       256.00
   12476.415     0.996484      3555996       284.44
   12804.095     0.996875      3557388       320.00
   13189.119     0.997266      3558790       365.71
   13623.295     0.997656      3560183       426.67
   14131.199     0.998047      3561589       512.00
   14401.535     0.998242      3562263       568.89
   14712.831     0.998437      3562964       640.00
   15089.663     0.998633      3563670       731.43
   15458.303     0.998828      3564362       853.33
   15908.863     0.999023      3565053      1024.00
   16203.775     0.999121      3565402      1137.78
   16506.879     0.999219      3565748      1280.00
   16859.135     0.999316      3566114      1462.86
   17235.967     0.999414      3566452      1706.67
   17678.335     0.999512      3566796      2048.00
   17940.479     0.999561      3566975      2275.56
   18186.239     0.999609      3567142      2560.00
   18497.535     0.999658      3567316      2925.71
   18890.751     0.999707      3567493      3413.33
   19382.271     0.999756      3567665      4096.00
   19611.647     0.999780      3567753      4551.11
   19939.327     0.999805      3567843      5120.00
   20250.623     0.999829      3567925      5851.43
   20594.687     0.999854      3568014      6826.67
   20971.519     0.999878      3568099      8192.00
   21168.127     0.999890      3568146      9102.22
   21479.423     0.999902      3568187     10240.00
   21708.799     0.999915      3568232     11702.86
   21954.559     0.999927      3568275     13653.33
   22183.935     0.999939      3568318     16384.00
   22347.775     0.999945      3568339     18204.44
   22544.383     0.999951      3568360     20480.00
   22724.607     0.999957      3568382     23405.71
   22937.599     0.999963      3568404     27306.67
   23166.975     0.999969      3568426     32768.00
   23314.431     0.999973      3568436     36408.89
   23527.423     0.999976      3568447     40960.00
   23724.031     0.999979      3568458     46811.43
   23855.103     0.999982      3568471     54613.33
   23969.791     0.999985      3568480     65536.00
   24133.631     0.999986      3568485     72817.78
   24231.935     0.999988      3568491     81920.00
   24330.239     0.999989      3568496     93622.86
   24510.463     0.999991      3568502    109226.67
   24625.151     0.999992      3568507    131072.00
   24707.071     0.999993      3568510    145635.56
   24772.607     0.999994      3568513    163840.00
   24854.527     0.999995      3568515    187245.71
   25018.367     0.999995      3568518    218453.33
   25182.207     0.999996      3568521    262144.00
   25231.359     0.999997      3568522    291271.11
   25378.815     0.999997      3568524    327680.00
   25411.583     0.999997      3568525    374491.43
   25460.735     0.999998      3568526    436906.67
   25493.503     0.999998      3568528    524288.00
   25493.503     0.999998      3568528    582542.22
   25690.111     0.999998      3568529    655360.00
   25772.031     0.999999      3568530    748982.86
   25772.031     0.999999      3568530    873813.33
   25870.335     0.999999      3568531   1048576.00
   25870.335     0.999999      3568531   1165084.44
   25919.487     0.999999      3568533   1310720.00
   25919.487     0.999999      3568533   1497965.71
   25919.487     0.999999      3568533   1747626.67
   25919.487     1.000000      3568533   2097152.00
   25919.487     1.000000      3568533   2330168.89
   25919.487     1.000000      3568533   2621440.00
   25919.487     1.000000      3568533   2995931.43
   25919.487     1.000000      3568533   3495253.33
   26066.943     1.000000      3568534   4194304.00
   26066.943     1.000000      3568534          inf
#[Mean    =     1680.046, StdDeviation   =     1846.211]
#[Max     =    26050.560, Total count    =      3568534]
#[Buckets =           27, SubBuckets     =         2048]
----------------------------------------------------------
  3587348 requests in 30.00m, 1.63GB read
  Socket errors: connect 0, read 1611, write 6494, timeout 16338
  Non-2xx or 3xx responses: 52676
Requests/sec:   1992.97
Transfer/sec:      0.93MB
