Running 30m test @ http://20.90.255.30:60
  2 threads and 1000 connections
  Thread calibration: mean lat.: 13.828ms, rate sampling interval: 51ms
  Thread calibration: mean lat.: 13.769ms, rate sampling interval: 50ms
  Thread Stats   Avg      Stdev     99%   +/- Stdev
    Latency     1.59s     2.16s    8.68s    91.12%
    Req/Sec     1.00k   260.95     1.65k    84.97%
  Latency Distribution (HdrHistogram - Recorded Latency)
 50.000%    1.09s 
 75.000%    2.27s 
 90.000%    3.59s 
 99.000%    8.68s 
 99.900%   25.12s 
 99.990%   31.88s 
 99.999%   36.31s 
100.000%   40.04s 

  Detailed Percentile spectrum:
       Value   Percentile   TotalCount 1/(1-Percentile)

       0.254     0.000000            1         1.00
      11.015     0.100000       352697         1.11
      60.287     0.200000       705352         1.25
     379.903     0.300000      1058134         1.43
     719.871     0.400000      1410935         1.67
    1088.511     0.500000      1764149         2.00
    1286.143     0.550000      1940026         2.22
    1499.135     0.600000      2116673         2.50
    1728.511     0.650000      2292857         2.86
    1980.415     0.700000      2468990         3.33
    2265.087     0.750000      2645129         4.00
    2426.879     0.775000      2734278         4.44
    2600.959     0.800000      2821401         5.00
    2797.567     0.825000      2910215         5.71
    3018.751     0.850000      2998182         6.67
    3276.799     0.875000      3086043         8.00
    3424.255     0.887500      3129969         8.89
    3590.143     0.900000      3174410        10.00
    3776.511     0.912500      3218463        11.43
    3993.599     0.925000      3262612        13.33
    4251.647     0.937500      3306347        16.00
    4407.295     0.943750      3328690        17.78
    4579.327     0.950000      3350705        20.00
    4775.935     0.956250      3372425        22.86
    5017.599     0.962500      3394706        26.67
    5312.511     0.968750      3416690        32.00
    5492.735     0.971875      3427702        35.56
    5705.727     0.975000      3438658        40.00
    5963.775     0.978125      3449580        45.71
    6295.551     0.981250      3460639        53.33
    6750.207     0.984375      3471637        64.00
    7069.695     0.985938      3477155        71.11
    7487.487     0.987500      3482646        80.00
    8114.175     0.989062      3488131        91.43
    9175.039     0.990625      3493645       106.67
   10903.551     0.992188      3499154       128.00
   12034.047     0.992969      3501923       142.22
   13262.847     0.993750      3504670       160.00
   14540.799     0.994531      3507427       182.86
   15867.903     0.995313      3510184       213.33
   17285.119     0.996094      3512955       256.00
   18038.783     0.996484      3514319       284.44
   18841.599     0.996875      3515690       320.00
   19709.951     0.997266      3517063       365.71
   20660.223     0.997656      3518449       426.67
   21692.415     0.998047      3519819       512.00
   22315.007     0.998242      3520511       568.89
   22986.751     0.998437      3521205       640.00
   23691.263     0.998633      3521884       731.43
   24428.543     0.998828      3522571       853.33
   25214.975     0.999023      3523264      1024.00
   25640.959     0.999121      3523608      1137.78
   26116.095     0.999219      3523956      1280.00
   26640.383     0.999316      3524304      1462.86
   27197.439     0.999414      3524646      1706.67
   27787.263     0.999512      3524985      2048.00
   28065.791     0.999561      3525157      2275.56
   28409.855     0.999609      3525327      2560.00
   28786.687     0.999658      3525500      2925.71
   29212.671     0.999707      3525679      3413.33
   29687.807     0.999756      3525844      4096.00
   29966.335     0.999780      3525933      4551.11
   30277.631     0.999805      3526015      5120.00
   30670.847     0.999829      3526101      5851.43
   31031.295     0.999854      3526193      6826.67
   31424.511     0.999878      3526274      8192.00
   31686.655     0.999890      3526318      9102.22
   31965.183     0.999902      3526360     10240.00
   32243.711     0.999915      3526402     11702.86
   32489.471     0.999927      3526445     13653.33
   32767.999     0.999939      3526489     16384.00
   33030.143     0.999945      3526511     18204.44
   33259.519     0.999951      3526531     20480.00
   33505.279     0.999957      3526554     23405.71
   33783.807     0.999963      3526576     27306.67
   34144.255     0.999969      3526597     32768.00
   34340.863     0.999973      3526607     36408.89
   34471.935     0.999976      3526617     40960.00
   34734.079     0.999979      3526629     46811.43
   35225.599     0.999982      3526641     54613.33
   35651.583     0.999985      3526650     65536.00
   35749.887     0.999986      3526655     72817.78
   35946.495     0.999988      3526661     81920.00
   36143.103     0.999989      3526666     93622.86
   36470.783     0.999991      3526672    109226.67
   36863.999     0.999992      3526677    131072.00
   37027.839     0.999993      3526680    145635.56
   37191.679     0.999994      3526684    163840.00
   37322.751     0.999995      3526685    187245.71
   37552.127     0.999995      3526687    218453.33
   38174.719     0.999996      3526690    262144.00
   38207.487     0.999997      3526691    291271.11
   38338.559     0.999997      3526693    327680.00
   38436.863     0.999997      3526694    374491.43
   38502.399     0.999998      3526695    436906.67
   38567.935     0.999998      3526697    524288.00
   38567.935     0.999998      3526697    582542.22
   38731.775     0.999998      3526698    655360.00
   38895.615     0.999999      3526699    748982.86
   38895.615     0.999999      3526699    873813.33
   39157.759     0.999999      3526700   1048576.00
   39157.759     0.999999      3526700   1165084.44
   39223.295     0.999999      3526701   1310720.00
   39223.295     0.999999      3526701   1497965.71
   39223.295     0.999999      3526701   1747626.67
   39256.063     1.000000      3526702   2097152.00
   39256.063     1.000000      3526702   2330168.89
   39256.063     1.000000      3526702   2621440.00
   39256.063     1.000000      3526702   2995931.43
   39256.063     1.000000      3526702   3495253.33
   40042.495     1.000000      3526703   4194304.00
   40042.495     1.000000      3526703          inf
#[Mean    =     1594.252, StdDeviation   =     2159.501]
#[Max     =    40009.728, Total count    =      3526703]
#[Buckets =           27, SubBuckets     =         2048]
----------------------------------------------------------
  3545505 requests in 30.00m, 1.61GB read
  Socket errors: connect 0, read 1113, write 5232, timeout 16278
Requests/sec:   1969.67
Transfer/sec:      0.92MB
