Running 30m test @ http://20.117.71.210:60/wrk2-api/post/compose
  2 threads and 1000 connections
  Thread calibration: mean lat.: 742.837ms, rate sampling interval: 4354ms
  Thread calibration: mean lat.: 593.987ms, rate sampling interval: 2830ms
  Thread Stats   Avg      Stdev     99%   +/- Stdev
    Latency     5.30m     3.26m   11.99m    59.27%
    Req/Sec   314.28     26.04   362.00     72.88%
  Latency Distribution (HdrHistogram - Recorded Latency)
 50.000%    5.12m 
 75.000%    7.96m 
 90.000%    9.86m 
 99.000%   11.99m 
 99.900%   13.17m 
 99.990%   14.11m 
 99.999%   14.78m 
100.000%   14.92m 

  Detailed Percentile spectrum:
       Value   Percentile   TotalCount 1/(1-Percentile)

      16.255     0.000000            1         1.00
   59375.615     0.100000       112752         1.11
  117637.119     0.200000       225470         1.25
  180486.143     0.300000       338161         1.43
  243269.631     0.400000       451078         1.67
  307232.767     0.500000       563674         2.00
  340525.055     0.550000       620096         2.22
  372768.767     0.600000       676331         2.50
  406847.487     0.650000       732642         2.86
  441974.783     0.700000       789369         3.33
  477888.511     0.750000       845627         4.00
  495452.159     0.775000       873540         4.44
  513802.239     0.800000       901791         5.00
  532414.463     0.825000       930079         5.71
  552075.263     0.850000       958811         6.67
  570949.631     0.875000       986847         8.00
  580386.815     0.887500      1000436         8.89
  591396.863     0.900000      1015054        10.00
  602406.911     0.912500      1028790        11.43
  613941.247     0.925000      1042603        13.33
  627048.447     0.937500      1057064        16.00
  633864.191     0.943750      1063776        17.78
  641204.223     0.950000      1070854        20.00
  649068.543     0.956250      1077955        22.86
  657981.439     0.962500      1084857        26.67
  668467.199     0.968750      1092048        32.00
  674234.367     0.971875      1095588        35.56
  680001.535     0.975000      1099080        40.00
  686817.279     0.978125      1102627        45.71
  694157.311     0.981250      1106200        53.33
  701497.343     0.984375      1109597        64.00
  705691.647     0.985938      1111288        71.11
  710410.239     0.987500      1113069        80.00
  715653.119     0.989062      1114819        91.43
  721420.287     0.990625      1116646       106.67
  727711.743     0.992188      1118316       128.00
  731381.759     0.992969      1119289       142.22
  735576.063     0.993750      1120106       160.00
  740818.943     0.994531      1120965       182.86
  746061.823     0.995313      1121892       213.33
  750780.415     0.996094      1122747       256.00
  753401.855     0.996484      1123194       284.44
  756547.583     0.996875      1123653       320.00
  759693.311     0.997266      1124053       365.71
  764411.903     0.997656      1124484       426.67
  770179.071     0.998047      1124924       512.00
  773849.087     0.998242      1125167       568.89
  776994.815     0.998437      1125382       640.00
  780664.831     0.998633      1125608       731.43
  785383.423     0.998828      1125818       853.33
  790626.303     0.999023      1126021      1024.00
  793772.031     0.999121      1126145      1137.78
  796917.759     0.999219      1126240      1280.00
  800063.487     0.999316      1126352      1462.86
  804257.791     0.999414      1126457      1706.67
  807927.807     0.999512      1126567      2048.00
  810024.959     0.999561      1126625      2275.56
  812122.111     0.999609      1126693      2560.00
  813694.975     0.999658      1126733      2925.71
  817889.279     0.999707      1126789      3413.33
  821035.007     0.999756      1126851      4096.00
  824180.735     0.999780      1126872      4551.11
  826277.887     0.999805      1126898      5120.00
  830472.191     0.999829      1126925      5851.43
  839385.087     0.999854      1126952      6826.67
  842530.815     0.999878      1126983      8192.00
  843579.391     0.999890      1126995      9102.22
  846725.119     0.999902      1127010     10240.00
  848297.983     0.999915      1127022     11702.86
  851967.999     0.999927      1127035     13653.33
  853016.575     0.999939      1127050     16384.00
  854065.151     0.999945      1127058     18204.44
  854589.439     0.999951      1127062     20480.00
  856162.303     0.999957      1127071     23405.71
  856686.591     0.999963      1127076     27306.67
  858259.455     0.999969      1127084     32768.00
  859308.031     0.999973      1127087     36408.89
  860356.607     0.999976      1127090     40960.00
  861929.471     0.999979      1127094     46811.43
  872415.231     0.999982      1127097     54613.33
  879755.263     0.999985      1127100     65536.00
  884473.855     0.999986      1127102     72817.78
  886046.719     0.999988      1127104     81920.00
  886571.007     0.999989      1127107     93622.86
  886571.007     0.999991      1127107    109226.67
  887095.295     0.999992      1127109    131072.00
  888668.159     0.999993      1127110    145635.56
  890765.311     0.999994      1127111    163840.00
  890765.311     0.999995      1127111    187245.71
  891813.887     0.999995      1127112    218453.33
  892862.463     0.999996      1127113    262144.00
  893386.751     0.999997      1127116    291271.11
  893386.751     0.999997      1127116    327680.00
  893386.751     0.999997      1127116    374491.43
  893386.751     0.999998      1127116    436906.67
  893386.751     0.999998      1127116    524288.00
  893386.751     0.999998      1127116    582542.22
  893386.751     0.999998      1127116    655360.00
  893386.751     0.999999      1127116    748982.86
  893386.751     0.999999      1127116    873813.33
  893386.751     0.999999      1127116   1048576.00
  894959.615     0.999999      1127117   1165084.44
  894959.615     1.000000      1127117          inf
#[Mean    =   318200.043, StdDeviation   =   195635.547]
#[Max     =   894435.328, Total count    =      1127117]
#[Buckets =           27, SubBuckets     =         2048]
----------------------------------------------------------
  1133314 requests in 30.00m, 228.94MB read
  Socket errors: connect 0, read 506, write 45749, timeout 122105
  Non-2xx or 3xx responses: 117712
Requests/sec:    629.62
Transfer/sec:    130.24KB
