Running 30m test @ http://20.90.107.51:60/wrk2-api/home-timeline/read
  2 threads and 1000 connections
  Thread calibration: mean lat.: 10.222ms, rate sampling interval: 35ms
  Thread calibration: mean lat.: 10.050ms, rate sampling interval: 35ms
  Thread Stats   Avg      Stdev     99%   +/- Stdev
    Latency     1.66m     1.16m    4.38m    61.11%
    Req/Sec   446.91    130.51   794.00     70.54%
  Latency Distribution (HdrHistogram - Recorded Latency)
 50.000%    1.59m 
 75.000%    2.53m 
 90.000%    3.28m 
 99.000%    4.38m 
 99.900%    5.14m 
 99.990%    6.08m 
 99.999%    6.29m 
100.000%    6.33m 

  Detailed Percentile spectrum:
       Value   Percentile   TotalCount 1/(1-Percentile)

       0.117     0.000000            1         1.00
    7827.455     0.100000       158012         1.11
   28409.855     0.200000       316069         1.25
   50790.399     0.300000       474080         1.43
   73007.103     0.400000       632012         1.67
   95223.807     0.500000       790359         2.00
  106299.391     0.550000       869112         2.22
  117309.439     0.600000       948212         2.50
  128385.023     0.650000      1027342         2.86
  140115.967     0.700000      1106654         3.33
  151912.447     0.750000      1184981         4.00
  157941.759     0.775000      1224547         4.44
  164757.503     0.800000      1264522         5.00
  171835.391     0.825000      1304107         5.71
  179175.423     0.850000      1343169         6.67
  187432.959     0.875000      1383073         8.00
  191889.407     0.887500      1402254         8.89
  196607.999     0.900000      1422206        10.00
  201588.735     0.912500      1442085        11.43
  206962.687     0.925000      1461470        13.33
  213254.143     0.937500      1481541        16.00
  216662.015     0.943750      1491220        17.78
  220332.031     0.950000      1501088        20.00
  224395.263     0.956250      1510898        22.86
  228982.783     0.962500      1520785        26.67
  234225.663     0.968750      1530631        32.00
  237502.463     0.971875      1535710        35.56
  240779.263     0.975000      1540579        40.00
  244711.423     0.978125      1545539        45.71
  248774.655     0.981250      1550437        53.33
  253493.247     0.984375      1555380        64.00
  255852.543     0.985938      1557760        71.11
  258473.983     0.987500      1560289        80.00
  261095.423     0.989062      1562706        91.43
  264110.079     0.990625      1565214       106.67
  267517.951     0.992188      1567678       128.00
  269746.175     0.992969      1568936       142.22
  272105.471     0.993750      1570115       160.00
  274726.911     0.994531      1571340       182.86
  277610.495     0.995313      1572601       213.33
  281280.511     0.996094      1573846       256.00
  283115.519     0.996484      1574429       284.44
  285212.671     0.996875      1575027       320.00
  288096.255     0.997266      1575675       365.71
  291241.983     0.997656      1576277       426.67
  294649.855     0.998047      1576870       512.00
  296747.007     0.998242      1577197       568.89
  299106.303     0.998437      1577514       640.00
  301727.743     0.998633      1577806       731.43
  304873.471     0.998828      1578110       853.33
  309329.919     0.999023      1578431      1024.00
  311951.359     0.999121      1578576      1137.78
  315097.087     0.999219      1578727      1280.00
  319815.679     0.999316      1578881      1462.86
  325582.847     0.999414      1579036      1706.67
  332398.591     0.999512      1579190      2048.00
  336330.751     0.999561      1579265      2275.56
  339738.623     0.999609      1579340      2560.00
  343408.639     0.999658      1579416      2925.71
  347865.087     0.999707      1579495      3413.33
  351010.815     0.999756      1579572      4096.00
  352321.535     0.999780      1579610      4551.11
  354418.687     0.999805      1579662      5120.00
  355467.263     0.999829      1579686      5851.43
  359399.423     0.999854      1579724      6826.67
  363069.439     0.999878      1579763      8192.00
  364118.015     0.999890      1579783      9102.22
  364904.447     0.999902      1579801     10240.00
  367001.599     0.999915      1579822     11702.86
  368050.175     0.999927      1579842     13653.33
  369098.751     0.999939      1579864     16384.00
  369623.039     0.999945      1579871     18204.44
  370671.615     0.999951      1579882     20480.00
  371195.903     0.999957      1579891     23405.71
  371720.191     0.999963      1579900     27306.67
  371982.335     0.999969      1579907     32768.00
  372506.623     0.999973      1579913     36408.89
  373293.055     0.999976      1579917     40960.00
  374341.631     0.999979      1579923     46811.43
  374865.919     0.999982      1579928     54613.33
  376176.639     0.999985      1579931     65536.00
  376963.071     0.999986      1579936     72817.78
  376963.071     0.999988      1579936     81920.00
  377225.215     0.999989      1579940     93622.86
  377487.359     0.999991      1579941    109226.67
  378011.647     0.999992      1579946    131072.00
  378011.647     0.999993      1579946    145635.56
  378011.647     0.999994      1579946    163840.00
  378273.791     0.999995      1579949    187245.71
  378273.791     0.999995      1579949    218453.33
  378273.791     0.999996      1579949    262144.00
  378535.935     0.999997      1579950    291271.11
  378798.079     0.999997      1579953    327680.00
  378798.079     0.999997      1579953    374491.43
  378798.079     0.999998      1579953    436906.67
  378798.079     0.999998      1579953    524288.00
  378798.079     0.999998      1579953    582542.22
  378798.079     0.999998      1579953    655360.00
  378798.079     0.999999      1579953    748982.86
  379322.367     0.999999      1579954    873813.33
  379322.367     0.999999      1579954   1048576.00
  379322.367     0.999999      1579954   1165084.44
  379322.367     0.999999      1579954   1310720.00
  379322.367     0.999999      1579954   1497965.71
  379584.511     0.999999      1579955   1747626.67
  379584.511     1.000000      1579955          inf
#[Mean    =    99854.538, StdDeviation   =    69882.988]
#[Max     =   379322.368, Total count    =      1579955]
#[Buckets =           27, SubBuckets     =         2048]
----------------------------------------------------------
  1589427 requests in 30.00m, 21.46GB read
  Socket errors: connect 0, read 1626, write 207002, timeout 121880
  Non-2xx or 3xx responses: 168
Requests/sec:    883.01
Transfer/sec:     12.21MB
