Running 30m test @ http://20.90.107.51:60/wrk2-api/post/compose
  2 threads and 1000 connections
  Thread calibration: mean lat.: 576.196ms, rate sampling interval: 2146ms
  Thread calibration: mean lat.: 612.166ms, rate sampling interval: 2637ms
  Thread Stats   Avg      Stdev     99%   +/- Stdev
    Latency     3.32m     2.16m    8.12m    60.55%
    Req/Sec   380.73     31.89   439.00     75.91%
  Latency Distribution (HdrHistogram - Recorded Latency)
 50.000%    3.14m 
 75.000%    4.98m 
 90.000%    6.37m 
 99.000%    8.12m 
 99.900%    9.23m 
 99.990%    9.87m 
 99.999%   10.17m 
100.000%   10.32m 

  Detailed Percentile spectrum:
       Value   Percentile   TotalCount 1/(1-Percentile)

       6.927     0.000000            1         1.00
   33390.591     0.100000       136447         1.11
   68419.583     0.200000       272978         1.25
  106430.463     0.300000       409244         1.43
  146276.351     0.400000       545955         1.67
  188219.391     0.500000       682255         2.00
  208666.623     0.550000       750582         2.22
  230162.431     0.600000       818438         2.50
  251789.311     0.650000       886714         2.86
  274989.055     0.700000       955128         3.33
  298844.159     0.750000      1023633         4.00
  311164.927     0.775000      1057703         4.44
  324009.983     0.800000      1091596         5.00
  337641.471     0.825000      1125950         5.71
  351010.815     0.850000      1159394         6.67
  365690.879     0.875000      1193751         8.00
  373555.199     0.887500      1210559         8.89
  381943.807     0.900000      1227896        10.00
  390332.415     0.912500      1244673        11.43
  399245.311     0.925000      1261925        13.33
  409993.215     0.937500      1278997        16.00
  416022.527     0.943750      1287451        17.78
  422576.127     0.950000      1295901        20.00
  429654.015     0.956250      1304416        22.86
  436994.047     0.962500      1312928        26.67
  445120.511     0.968750      1321596        32.00
  449314.815     0.971875      1325738        35.56
  454033.407     0.975000      1329948        40.00
  459538.431     0.978125      1334169        45.71
  465829.887     0.981250      1338525        53.33
  472383.487     0.984375      1342754        64.00
  475791.359     0.985938      1344858        71.11
  479461.375     0.987500      1346952        80.00
  484179.967     0.989062      1349104        91.43
  489160.703     0.990625      1351261       106.67
  494927.871     0.992188      1353417       128.00
  498073.599     0.992969      1354422       142.22
  502005.759     0.993750      1355538       160.00
  506200.063     0.994531      1356561       182.86
  510394.367     0.995313      1357609       213.33
  515899.391     0.996094      1358715       256.00
  519569.407     0.996484      1359227       284.44
  523763.711     0.996875      1359731       320.00
  527958.015     0.997266      1360286       365.71
  531890.175     0.997656      1360812       426.67
  536084.479     0.998047      1361332       512.00
  538443.775     0.998242      1361618       568.89
  541589.503     0.998437      1361887       640.00
  545783.807     0.998633      1362161       731.43
  549453.823     0.998828      1362411       853.33
  554696.703     0.999023      1362658      1024.00
  557318.143     0.999121      1362795      1137.78
  559415.295     0.999219      1362933      1280.00
  562036.735     0.999316      1363068      1462.86
  564658.175     0.999414      1363193      1706.67
  568852.479     0.999512      1363320      2048.00
  571473.919     0.999561      1363392      2275.56
  573571.071     0.999609      1363464      2560.00
  575668.223     0.999658      1363531      2925.71
  577241.087     0.999707      1363594      3413.33
  579338.239     0.999756      1363656      4096.00
  580911.103     0.999780      1363690      4551.11
  583008.255     0.999805      1363732      5120.00
  584581.119     0.999829      1363757      5851.43
  586153.983     0.999854      1363790      6826.67
  589823.999     0.999878      1363825      8192.00
  591396.863     0.999890      1363841      9102.22
  592445.439     0.999902      1363857     10240.00
  593494.015     0.999915      1363879     11702.86
  594542.591     0.999927      1363891     13653.33
  595591.167     0.999939      1363906     16384.00
  596639.743     0.999945      1363919     18204.44
  597164.031     0.999951      1363925     20480.00
  598212.607     0.999957      1363928     23405.71
  599261.183     0.999963      1363937     27306.67
  601358.335     0.999969      1363951     32768.00
  601358.335     0.999973      1363951     36408.89
  602406.911     0.999976      1363955     40960.00
  604504.063     0.999979      1363957     46811.43
  606601.215     0.999982      1363962     54613.33
  608698.367     0.999985      1363966     65536.00
  609222.655     0.999986      1363968     72817.78
  609746.943     0.999988      1363971     81920.00
  610271.231     0.999989      1363976     93622.86
  610271.231     0.999991      1363976    109226.67
  610271.231     0.999992      1363976    131072.00
  610795.519     0.999993      1363978    145635.56
  610795.519     0.999994      1363978    163840.00
  611319.807     0.999995      1363979    187245.71
  611844.095     0.999995      1363980    218453.33
  612368.383     0.999996      1363981    262144.00
  613416.959     0.999997      1363982    291271.11
  613416.959     0.999997      1363982    327680.00
  614465.535     0.999997      1363983    374491.43
  614465.535     0.999998      1363983    436906.67
  614989.823     0.999998      1363984    524288.00
  614989.823     0.999998      1363984    582542.22
  614989.823     0.999998      1363984    655360.00
  617086.975     0.999999      1363985    748982.86
  617086.975     0.999999      1363985    873813.33
  617086.975     0.999999      1363985   1048576.00
  617086.975     0.999999      1363985   1165084.44
  617086.975     0.999999      1363985   1310720.00
  619184.127     0.999999      1363986   1497965.71
  619184.127     1.000000      1363986          inf
#[Mean    =   198935.947, StdDeviation   =   129481.562]
#[Max     =   618659.840, Total count    =      1363986]
#[Buckets =           27, SubBuckets     =         2048]
----------------------------------------------------------
  1371171 requests in 30.00m, 270.00MB read
  Socket errors: connect 0, read 232, write 72546, timeout 121929
  Non-2xx or 3xx responses: 96066
Requests/sec:    761.76
Transfer/sec:    153.60KB
