Running 30m test @ http://51.142.73.106:60
  2 threads and 1000 connections
  Thread calibration: mean lat.: 5352.570ms, rate sampling interval: 15474ms
  Thread calibration: mean lat.: 5284.650ms, rate sampling interval: 15753ms
  Thread Stats   Avg      Stdev     99%   +/- Stdev
    Latency    14.16m     8.07m   27.94m    57.98%
    Req/Sec    59.79      4.03    68.00     78.51%
  Latency Distribution (HdrHistogram - Recorded Latency)
 50.000%   14.17m 
 75.000%   21.15m 
 90.000%   25.36m 
 99.000%   27.94m 
 99.900%   28.59m 
 99.990%   28.98m 
 99.999%   29.15m 
100.000%   29.27m 

  Detailed Percentile spectrum:
       Value   Percentile   TotalCount 1/(1-Percentile)

    5849.087     0.000000            1         1.00
  178782.207     0.100000        21592         1.11
  347340.799     0.200000        43192         1.25
  515899.391     0.300000        64797         1.43
  683147.263     0.400000        86365         1.67
  850395.135     0.500000       107988         2.00
  933756.927     0.550000       118751         2.22
 1017118.719     0.600000       129554         2.50
 1098907.647     0.650000       140376         2.86
 1182793.727     0.700000       151138         3.33
 1268776.959     0.750000       162054         4.00
 1309671.423     0.775000       167382         4.44
 1351614.463     0.800000       172793         5.00
 1395654.655     0.825000       178215         5.71
 1435500.543     0.850000       183524         6.67
 1476395.007     0.875000       188917         8.00
 1499463.679     0.887500       191654         8.89
 1521483.775     0.900000       194418        10.00
 1542455.295     0.912500       197054        11.43
 1563426.815     0.925000       199714        13.33
 1584398.335     0.937500       202541        16.00
 1593835.519     0.943750       203805        17.78
 1604321.279     0.950000       205136        20.00
 1614807.039     0.956250       206462        22.86
 1625292.799     0.962500       207883        26.67
 1635778.559     0.968750       209218        32.00
 1641021.439     0.971875       209917        35.56
 1646264.319     0.975000       210558        40.00
 1651507.199     0.978125       211218        45.71
 1656750.079     0.981250       211850        53.33
 1663041.535     0.984375       212553        64.00
 1666187.263     0.985938       212875        71.11
 1670381.567     0.987500       213239        80.00
 1674575.871     0.989062       213617        91.43
 1677721.599     0.990625       213888       106.67
 1682964.479     0.992188       214267       128.00
 1685061.631     0.992969       214394       142.22
 1688207.359     0.993750       214593       160.00
 1690304.511     0.994531       214737       182.86
 1693450.239     0.995313       214933       213.33
 1695547.391     0.996094       215049       256.00
 1697644.543     0.996484       215151       284.44
 1699741.695     0.996875       215240       320.00
 1701838.847     0.997266       215322       365.71
 1703935.999     0.997656       215399       426.67
 1706033.151     0.998047       215477       512.00
 1708130.303     0.998242       215533       568.89
 1709178.879     0.998437       215557       640.00
 1711276.031     0.998633       215611       731.43
 1713373.183     0.998828       215660       853.33
 1715470.335     0.999023       215695      1024.00
 1716518.911     0.999121       215715      1137.78
 1717567.487     0.999219       215729      1280.00
 1719664.639     0.999316       215753      1462.86
 1721761.791     0.999414       215777      1706.67
 1722810.367     0.999512       215788      2048.00
 1724907.519     0.999561       215799      2275.56
 1727004.671     0.999609       215812      2560.00
 1728053.247     0.999658       215820      2925.71
 1730150.399     0.999707       215834      3413.33
 1732247.551     0.999756       215850      4096.00
 1732247.551     0.999780       215850      4551.11
 1732247.551     0.999805       215850      5120.00
 1733296.127     0.999829       215859      5851.43
 1734344.703     0.999854       215861      6826.67
 1737490.431     0.999878       215867      8192.00
 1738539.007     0.999890       215870      9102.22
 1739587.583     0.999902       215876     10240.00
 1739587.583     0.999915       215876     11702.86
 1741684.735     0.999927       215878     13653.33
 1742733.311     0.999939       215881     16384.00
 1742733.311     0.999945       215881     18204.44
 1743781.887     0.999951       215886     20480.00
 1743781.887     0.999957       215886     23405.71
 1743781.887     0.999963       215886     27306.67
 1743781.887     0.999969       215886     32768.00
 1744830.463     0.999973       215887     36408.89
 1744830.463     0.999976       215887     40960.00
 1747976.191     0.999979       215889     46811.43
 1747976.191     0.999982       215889     54613.33
 1747976.191     0.999985       215889     65536.00
 1749024.767     0.999986       215891     72817.78
 1749024.767     0.999988       215891     81920.00
 1749024.767     0.999989       215891     93622.86
 1749024.767     0.999991       215891    109226.67
 1749024.767     0.999992       215891    131072.00
 1749024.767     0.999993       215891    145635.56
 1749024.767     0.999994       215891    163840.00
 1749024.767     0.999995       215891    187245.71
 1756364.799     0.999995       215892    218453.33
 1756364.799     1.000000       215892          inf
#[Mean    =   849421.879, StdDeviation   =   484218.374]
#[Max     =  1755316.224, Total count    =       215892]
#[Buckets =           27, SubBuckets     =         2048]
----------------------------------------------------------
  216874 requests in 30.00m, 100.62MB read
  Socket errors: connect 0, read 281269, write 543664, timeout 55188
  Non-2xx or 3xx responses: 1774
Requests/sec:    120.48
Transfer/sec:     57.24KB
