Running 30m test @ http://20.108.20.0:60/wrk2-api/post/compose
  2 threads and 1000 connections
  Thread calibration: mean lat.: 612.241ms, rate sampling interval: 2138ms
  Thread calibration: mean lat.: 695.354ms, rate sampling interval: 3336ms
  Thread Stats   Avg      Stdev     99%   +/- Stdev
    Latency     7.47m     4.48m   15.95m    58.64%
    Req/Sec   241.83     23.42   292.00     71.22%
  Latency Distribution (HdrHistogram - Recorded Latency)
 50.000%    7.25m 
 75.000%   11.22m 
 90.000%   13.76m 
 99.000%   15.95m 
 99.900%   16.90m 
 99.990%   17.66m 
 99.999%   18.04m 
100.000%   18.32m 

  Detailed Percentile spectrum:
       Value   Percentile   TotalCount 1/(1-Percentile)

      18.015     0.000000            1         1.00
   88735.743     0.100000        86779         1.11
  173146.111     0.200000       173525         1.25
  257687.551     0.300000       260234         1.43
  346292.223     0.400000       347065         1.67
  435159.039     0.500000       433760         2.00
  481820.671     0.550000       477146         2.22
  530317.311     0.600000       520576         2.50
  578289.663     0.650000       563760         2.86
  624951.295     0.700000       607119         3.33
  673185.791     0.750000       650654         4.00
  697827.327     0.775000       672400         4.44
  722993.151     0.800000       694066         5.00
  748683.263     0.825000       715851         5.71
  773849.087     0.850000       737303         6.67
  800063.487     0.875000       759243         8.00
  812646.399     0.887500       769922         8.89
  825753.599     0.900000       780901        10.00
  838860.799     0.912500       791458        11.43
  853016.575     0.925000       802593        13.33
  867696.639     0.937500       813323        16.00
  875036.671     0.943750       818525        17.78
  883425.279     0.950000       824157        20.00
  891813.887     0.956250       829633        22.86
  900726.783     0.962500       834927        26.67
  910688.255     0.968750       840258        32.00
  915931.135     0.971875       843046        35.56
  921698.303     0.975000       845784        40.00
  926941.183     0.978125       848341        45.71
  933756.927     0.981250       851068        53.33
  941621.247     0.984375       853835        64.00
  945291.263     0.985938       855140        71.11
  949485.567     0.987500       856480        80.00
  953679.871     0.989062       857812        91.43
  958398.463     0.990625       859167       106.67
  963641.343     0.992188       860598       128.00
  966787.071     0.992969       861209       142.22
  970457.087     0.993750       861901       160.00
  974651.391     0.994531       862604       182.86
  979369.983     0.995313       863253       213.33
  984612.863     0.996094       863927       256.00
  986710.015     0.996484       864267       284.44
  989855.743     0.996875       864625       320.00
  993001.471     0.997266       864933       365.71
  996147.199     0.997656       865263       426.67
  999817.215     0.998047       865610       512.00
 1001914.367     0.998242       865783       568.89
 1004535.807     0.998437       865937       640.00
 1007681.535     0.998633       866116       731.43
 1010827.263     0.998828       866277       853.33
 1013972.991     0.999023       866440      1024.00
 1016070.143     0.999121       866528      1137.78
 1018167.295     0.999219       866630      1280.00
 1020264.447     0.999316       866704      1462.86
 1023410.175     0.999414       866784      1706.67
 1027604.479     0.999512       866869      2048.00
 1029701.631     0.999561       866919      2275.56
 1031274.495     0.999609       866950      2560.00
 1034420.223     0.999658       866994      2925.71
 1038090.239     0.999707       867035      3413.33
 1043333.119     0.999756       867075      4096.00
 1044381.695     0.999780       867098      4551.11
 1045954.559     0.999805       867117      5120.00
 1051197.439     0.999829       867148      5851.43
 1053294.591     0.999854       867164      6826.67
 1055916.031     0.999878       867181      8192.00
 1057488.895     0.999890       867191      9102.22
 1060110.335     0.999902       867205     10240.00
 1061158.911     0.999915       867214     11702.86
 1062207.487     0.999927       867223     13653.33
 1063256.063     0.999939       867234     16384.00
 1064304.639     0.999945       867239     18204.44
 1071644.671     0.999951       867244     20480.00
 1073217.535     0.999957       867253     23405.71
 1073741.823     0.999963       867257     27306.67
 1074790.399     0.999969       867263     32768.00
 1074790.399     0.999973       867263     36408.89
 1075838.975     0.999976       867267     40960.00
 1076887.551     0.999979       867270     46811.43
 1077936.127     0.999982       867271     54613.33
 1080033.279     0.999985       867273     65536.00
 1082130.431     0.999986       867277     72817.78
 1082130.431     0.999988       867277     81920.00
 1082130.431     0.999989       867277     93622.86
 1084227.583     0.999991       867280    109226.67
 1084227.583     0.999992       867280    131072.00
 1085276.159     0.999993       867281    145635.56
 1085276.159     0.999994       867281    163840.00
 1090519.039     0.999995       867283    187245.71
 1090519.039     0.999995       867283    218453.33
 1090519.039     0.999996       867283    262144.00
 1091567.615     0.999997       867284    291271.11
 1091567.615     0.999997       867284    327680.00
 1091567.615     0.999997       867284    374491.43
 1093664.767     0.999998       867285    436906.67
 1093664.767     0.999998       867285    524288.00
 1093664.767     0.999998       867285    582542.22
 1093664.767     0.999998       867285    655360.00
 1093664.767     0.999999       867285    748982.86
 1098907.647     0.999999       867286    873813.33
 1098907.647     1.000000       867286          inf
#[Mean    =   448154.276, StdDeviation   =   268564.143]
#[Max     =  1097859.072, Total count    =       867286]
#[Buckets =           27, SubBuckets     =         2048]
----------------------------------------------------------
  872444 requests in 30.00m, 181.32MB read
  Socket errors: connect 0, read 239, write 14249, timeout 128298
  Non-2xx or 3xx responses: 124774
Requests/sec:    484.69
Transfer/sec:    103.15KB
