Running 60m test @ http://51.140.100.118:60
  2 threads and 1000 connections
  Thread calibration: mean lat.: 967.765ms, rate sampling interval: 4130ms
  Thread calibration: mean lat.: 953.028ms, rate sampling interval: 4007ms
  Thread Stats   Avg      Stdev     99%   +/- Stdev
    Latency     0.85m    18.52s    1.58m    70.88%
    Req/Sec     0.98k    45.04     1.08k    75.62%
  Latency Distribution (HdrHistogram - Recorded Latency)
 50.000%    0.86m 
 75.000%    1.05m 
 90.000%    1.23m 
 99.000%    1.58m 
 99.900%    1.83m 
 99.990%    2.00m 
 99.999%    2.11m 
100.000%    2.19m 

  Detailed Percentile spectrum:
       Value   Percentile   TotalCount 1/(1-Percentile)

       3.011     0.000000            1         1.00
   27918.335     0.100000       706195         1.11
   36896.767     0.200000      1413722         1.25
   42631.167     0.300000      2121651         1.43
   47284.223     0.400000      2823932         1.67
   51576.831     0.500000      3533245         2.00
   53673.983     0.550000      3885304         2.22
   55836.671     0.600000      4239462         2.50
   58097.663     0.650000      4592066         2.86
   60489.727     0.700000      4945370         3.33
   63045.631     0.750000      5295680         4.00
   64454.655     0.775000      5474063         4.44
   65961.983     0.800000      5649703         5.00
   67633.151     0.825000      5827303         5.71
   69402.623     0.850000      6000670         6.67
   71434.239     0.875000      6178699         8.00
   72548.351     0.887500      6266068         8.89
   73793.535     0.900000      6355075        10.00
   75169.791     0.912500      6443347        11.43
   76677.119     0.925000      6530156        13.33
   78446.591     0.937500      6618452        16.00
   79495.167     0.943750      6663937        17.78
   80609.279     0.950000      6707494        20.00
   81854.463     0.956250      6750675        22.86
   83296.255     0.962500      6795467        26.67
   84934.655     0.968750      6839369        32.00
   85852.159     0.971875      6860906        35.56
   86900.735     0.975000      6882902        40.00
   88080.383     0.978125      6904788        45.71
   89456.639     0.981250      6926979        53.33
   91029.503     0.984375      6949164        64.00
   91881.471     0.985938      6959704        71.11
   92864.511     0.987500      6970886        80.00
   93978.623     0.989062      6982194        91.43
   95158.271     0.990625      6992942       106.67
   96600.063     0.992188      7004136       128.00
   97386.495     0.992969      7009368       142.22
   98303.999     0.993750      7015139       160.00
   99287.039     0.994531      7020509       182.86
  100335.615     0.995313      7026002       213.33
  101580.799     0.996094      7031495       256.00
  102301.695     0.996484      7034371       284.44
  103022.591     0.996875      7037032       320.00
  103874.559     0.997266      7039818       365.71
  104792.063     0.997656      7042438       426.67
  105906.175     0.998047      7045160       512.00
  106561.535     0.998242      7046571       568.89
  107216.895     0.998437      7047927       640.00
  108003.327     0.998633      7049305       731.43
  108920.831     0.998828      7050741       853.33
  109838.335     0.999023      7052128      1024.00
  110297.087     0.999121      7052765      1137.78
  110886.911     0.999219      7053477      1280.00
  111542.271     0.999316      7054157      1462.86
  112263.167     0.999414      7054834      1706.67
  113180.671     0.999512      7055530      2048.00
  113704.959     0.999561      7055846      2275.56
  114294.783     0.999609      7056186      2560.00
  115015.679     0.999658      7056550      2925.71
  115736.575     0.999707      7056889      3413.33
  116588.543     0.999756      7057233      4096.00
  116981.759     0.999780      7057396      4551.11
  117440.511     0.999805      7057572      5120.00
  118030.335     0.999829      7057742      5851.43
  118620.159     0.999854      7057913      6826.67
  119275.519     0.999878      7058088      8192.00
  119734.271     0.999890      7058182      9102.22
  120127.487     0.999902      7058266     10240.00
  120586.239     0.999915      7058351     11702.86
  121044.991     0.999927      7058432     13653.33
  121634.815     0.999939      7058513     16384.00
  121962.495     0.999945      7058560     18204.44
  122355.711     0.999951      7058600     20480.00
  122748.927     0.999957      7058646     23405.71
  123207.679     0.999963      7058690     27306.67
  123600.895     0.999969      7058728     32768.00
  123928.575     0.999973      7058754     36408.89
  124256.255     0.999976      7058774     40960.00
  124583.935     0.999979      7058798     46811.43
  124977.151     0.999982      7058815     54613.33
  125566.975     0.999985      7058837     65536.00
  125960.191     0.999986      7058850     72817.78
  126091.263     0.999988      7058859     81920.00
  126287.871     0.999989      7058871     93622.86
  126550.015     0.999991      7058879    109226.67
  127336.447     0.999992      7058891    131072.00
  127860.735     0.999993      7058895    145635.56
  128385.023     0.999994      7058902    163840.00
  128516.095     0.999995      7058906    187245.71
  129040.383     0.999995      7058913    218453.33
  129236.991     0.999996      7058917    262144.00
  129368.063     0.999997      7058921    291271.11
  129499.135     0.999997      7058924    327680.00
  129695.743     0.999997      7058925    374491.43
  129761.279     0.999998      7058928    436906.67
  129826.815     0.999998      7058931    524288.00
  129826.815     0.999998      7058931    582542.22
  130023.423     0.999998      7058933    655360.00
  130220.031     0.999999      7058934    748982.86
  130416.639     0.999999      7058935    873813.33
  130613.247     0.999999      7058937   1048576.00
  130613.247     0.999999      7058937   1165084.44
  130678.783     0.999999      7058938   1310720.00
  130940.927     0.999999      7058940   1497965.71
  130940.927     0.999999      7058940   1747626.67
  130940.927     1.000000      7058940   2097152.00
  130940.927     1.000000      7058940   2330168.89
  131137.535     1.000000      7058941   2621440.00
  131137.535     1.000000      7058941   2995931.43
  131137.535     1.000000      7058941   3495253.33
  131203.071     1.000000      7058942   4194304.00
  131203.071     1.000000      7058942   4660337.78
  131203.071     1.000000      7058942   5242880.00
  131203.071     1.000000      7058942   5991862.86
  131203.071     1.000000      7058942   6990506.67
  131530.751     1.000000      7058943   8388608.00
  131530.751     1.000000      7058943          inf
#[Mean    =    51077.203, StdDeviation   =    18521.118]
#[Max     =   131465.216, Total count    =      7058943]
#[Buckets =           27, SubBuckets     =         2048]
----------------------------------------------------------
  7074534 requests in 60.00m, 3.19GB read
  Socket errors: connect 0, read 34, write 456, timeout 32820
  Non-2xx or 3xx responses: 229657
Requests/sec:   1965.15
Transfer/sec:      0.91MB
