Running 30m test @ http://20.117.73.30:60
  2 threads and 1000 connections
  Thread calibration: mean lat.: 9.055ms, rate sampling interval: 32ms
  Thread calibration: mean lat.: 9.033ms, rate sampling interval: 32ms
  Thread Stats   Avg      Stdev     99%   +/- Stdev
    Latency     3.74s     3.14s   13.58s    70.77%
    Req/Sec     1.01k   312.92     1.87k    82.17%
  Latency Distribution (HdrHistogram - Recorded Latency)
 50.000%    3.13s 
 75.000%    5.45s 
 90.000%    7.84s 
 99.000%   13.58s 
 99.900%   21.61s 
 99.990%   28.74s 
 99.999%   33.10s 
100.000%   36.21s 

  Detailed Percentile spectrum:
       Value   Percentile   TotalCount 1/(1-Percentile)

       0.187     0.000000            1         1.00
     284.671     0.100000       353688         1.11
     984.575     0.200000       707226         1.25
    1669.119     0.300000      1061016         1.43
    2377.727     0.400000      1414561         1.67
    3133.439     0.500000      1768169         2.00
    3534.847     0.550000      1944990         2.22
    3960.831     0.600000      2122406         2.50
    4411.391     0.650000      2298626         2.86
    4902.911     0.700000      2475318         3.33
    5451.775     0.750000      2653142         4.00
    5750.783     0.775000      2740808         4.44
    6078.463     0.800000      2829505         5.00
    6434.815     0.825000      2917474         5.71
    6836.223     0.850000      3005901         6.67
    7299.071     0.875000      3094475         8.00
    7561.215     0.887500      3138773         8.89
    7843.839     0.900000      3182500        10.00
    8171.519     0.912500      3226877        11.43
    8536.063     0.925000      3270970        13.33
    8962.047     0.937500      3315204        16.00
    9207.807     0.943750      3337475        17.78
    9486.335     0.950000      3359780        20.00
    9797.631     0.956250      3381915        22.86
   10158.079     0.962500      3403829        26.67
   10584.063     0.968750      3425685        32.00
   10838.015     0.971875      3436893        35.56
   11124.735     0.975000      3447955        40.00
   11444.223     0.978125      3458741        45.71
   11829.247     0.981250      3469812        53.33
   12312.575     0.984375      3480923        64.00
   12591.103     0.985938      3486368        71.11
   12926.975     0.987500      3491998        80.00
   13303.807     0.989062      3497426        91.43
   13778.943     0.990625      3503024       106.67
   14344.191     0.992188      3508511       128.00
   14688.255     0.992969      3511262       142.22
   15089.663     0.993750      3514004       160.00
   15556.607     0.994531      3516766       182.86
   16138.239     0.995313      3519548       213.33
   16842.751     0.996094      3522338       256.00
   17252.351     0.996484      3523691       284.44
   17694.719     0.996875      3525043       320.00
   18186.239     0.997266      3526428       365.71
   18759.679     0.997656      3527830       426.67
   19398.655     0.998047      3529201       512.00
   19791.871     0.998242      3529881       568.89
   20185.087     0.998437      3530577       640.00
   20611.071     0.998633      3531263       731.43
   21118.975     0.998828      3531957       853.33
   21676.031     0.999023      3532644      1024.00
   22003.711     0.999121      3532989      1137.78
   22413.311     0.999219      3533326      1280.00
   22839.295     0.999316      3533672      1462.86
   23347.199     0.999414      3534015      1706.67
   23937.023     0.999512      3534359      2048.00
   24231.935     0.999561      3534537      2275.56
   24575.999     0.999609      3534706      2560.00
   25018.367     0.999658      3534883      2925.71
   25477.119     0.999707      3535054      3413.33
   25952.255     0.999756      3535224      4096.00
   26329.087     0.999780      3535312      4551.11
   26705.919     0.999805      3535399      5120.00
   27148.287     0.999829      3535484      5851.43
   27574.271     0.999854      3535568      6826.67
   28213.247     0.999878      3535655      8192.00
   28475.391     0.999890      3535697      9102.22
   28803.071     0.999902      3535741     10240.00
   29245.439     0.999915      3535785     11702.86
   29769.727     0.999927      3535827     13653.33
   30244.863     0.999939      3535870     16384.00
   30343.167     0.999945      3535891     18204.44
   30638.079     0.999951      3535916     20480.00
   30801.919     0.999957      3535935     23405.71
   31080.447     0.999963      3535956     27306.67
   31490.047     0.999969      3535978     32768.00
   31719.423     0.999973      3535988     36408.89
   31948.799     0.999976      3535999     40960.00
   32129.023     0.999979      3536010     46811.43
   32555.007     0.999982      3536021     54613.33
   32784.383     0.999985      3536032     65536.00
   32899.071     0.999986      3536037     72817.78
   32931.839     0.999988      3536042     81920.00
   33030.143     0.999989      3536048     93622.86
   33193.983     0.999991      3536053    109226.67
   33652.735     0.999992      3536059    131072.00
   33816.575     0.999993      3536061    145635.56
   33980.415     0.999994      3536066    163840.00
   34013.183     0.999995      3536067    187245.71
   34111.487     0.999995      3536070    218453.33
   34242.559     0.999996      3536072    262144.00
   34373.631     0.999997      3536073    291271.11
   34570.239     0.999997      3536075    327680.00
   34668.543     0.999997      3536077    374491.43
   34668.543     0.999998      3536077    436906.67
   34963.455     0.999998      3536080    524288.00
   34963.455     0.999998      3536080    582542.22
   34963.455     0.999998      3536080    655360.00
   34996.223     0.999999      3536081    748982.86
   34996.223     0.999999      3536081    873813.33
   35094.527     0.999999      3536082   1048576.00
   35094.527     0.999999      3536082   1165084.44
   35356.671     0.999999      3536083   1310720.00
   35356.671     0.999999      3536083   1497965.71
   35356.671     0.999999      3536083   1747626.67
   36208.639     1.000000      3536085   2097152.00
   36208.639     1.000000      3536085          inf
#[Mean    =     3744.443, StdDeviation   =     3137.755]
#[Max     =    36175.872, Total count    =      3536085]
#[Buckets =           27, SubBuckets     =         2048]
----------------------------------------------------------
  3554950 requests in 30.00m, 1.62GB read
  Socket errors: connect 0, read 2394, write 11648, timeout 16366
  Non-2xx or 3xx responses: 1
Requests/sec:   1974.97
Transfer/sec:      0.92MB
