Running 60m test @ http://20.117.67.105:60/wrk2-api/home-timeline/read
  2 threads and 1000 connections
  Thread calibration: mean lat.: 1266.544ms, rate sampling interval: 6139ms
  Thread calibration: mean lat.: 1296.871ms, rate sampling interval: 6373ms
  Thread Stats   Avg      Stdev     99%   +/- Stdev
    Latency    21.58m     9.80m   39.36m    64.38%
    Req/Sec   182.70     45.80   253.00     68.00%
  Latency Distribution (HdrHistogram - Recorded Latency)
 50.000%   21.78m 
 75.000%   29.62m 
 90.000%   34.50m 
 99.000%   39.36m 
 99.900%   41.45m 
 99.990%   42.82m 
 99.999%   43.73m 
100.000%   44.42m 

  Detailed Percentile spectrum:
       Value   Percentile   TotalCount 1/(1-Percentile)

     835.583     0.000000            1         1.00
  482344.959     0.100000       131538         1.11
  767557.631     0.200000       263064         1.25
  943718.399     0.300000       394663         1.43
 1137704.959     0.400000       526450         1.67
 1306525.695     0.500000       657629         2.00
 1395654.655     0.550000       723868         2.22
 1486880.767     0.600000       789706         2.50
 1579155.455     0.650000       855035         2.86
 1675624.447     0.700000       920655         3.33
 1777336.319     0.750000       986961         4.00
 1825570.815     0.775000      1019433         4.44
 1871708.159     0.800000      1052516         5.00
 1920991.231     0.825000      1085571         5.71
 1969225.727     0.850000      1117983         6.67
 2019557.375     0.875000      1150813         8.00
 2043674.623     0.887500      1167601         8.89
 2069889.023     0.900000      1183782        10.00
 2100297.727     0.912500      1200302        11.43
 2128609.279     0.925000      1216599        13.33
 2157969.407     0.937500      1233091        16.00
 2176843.775     0.943750      1242008        17.78
 2193620.991     0.950000      1249689        20.00
 2214592.511     0.956250      1258390        22.86
 2233466.879     0.962500      1266094        26.67
 2256535.551     0.968750      1274659        32.00
 2267021.311     0.971875      1278516        35.56
 2279604.223     0.975000      1282663        40.00
 2294284.287     0.978125      1286609        45.71
 2308964.351     0.981250      1290591        53.33
 2325741.567     0.984375      1295055        64.00
 2334130.175     0.985938      1296878        71.11
 2344615.935     0.987500      1298952        80.00
 2355101.695     0.989062      1301101        91.43
 2365587.455     0.990625      1302957       106.67
 2378170.367     0.992188      1305200       128.00
 2384461.823     0.992969      1306148       142.22
 2390753.279     0.993750      1307021       160.00
 2399141.887     0.994531      1308076       182.86
 2407530.495     0.995313      1309125       213.33
 2418016.255     0.996094      1310045       256.00
 2424307.711     0.996484      1310579       284.44
 2430599.167     0.996875      1311090       320.00
 2438987.775     0.997266      1311618       365.71
 2447376.383     0.997656      1312109       426.67
 2459959.295     0.998047      1312730       512.00
 2464153.599     0.998242      1312931       568.89
 2470445.055     0.998437      1313202       640.00
 2474639.359     0.998633      1313393       731.43
 2483027.967     0.998828      1313731       853.33
 2489319.423     0.999023      1313956      1024.00
 2493513.727     0.999121      1314071      1137.78
 2497708.031     0.999219      1314176      1280.00
 2503999.487     0.999316      1314292      1462.86
 2510290.943     0.999414      1314457      1706.67
 2514485.247     0.999512      1314549      2048.00
 2518679.551     0.999561      1314639      2275.56
 2520776.703     0.999609      1314675      2560.00
 2527068.159     0.999658      1314751      2925.71
 2531262.463     0.999707      1314796      3413.33
 2537553.919     0.999756      1314872      4096.00
 2541748.223     0.999780      1314905      4551.11
 2545942.527     0.999805      1314927      5120.00
 2552233.983     0.999829      1314964      5851.43
 2556428.287     0.999854      1314996      6826.67
 2562719.743     0.999878      1315023      8192.00
 2566914.047     0.999890      1315043      9102.22
 2571108.351     0.999902      1315054     10240.00
 2577399.807     0.999915      1315079     11702.86
 2581594.111     0.999927      1315096     13653.33
 2585788.415     0.999939      1315102     16384.00
 2587885.567     0.999945      1315108     18204.44
 2589982.719     0.999951      1315116     20480.00
 2596274.175     0.999957      1315128     23405.71
 2600468.479     0.999963      1315136     27306.67
 2602565.631     0.999969      1315140     32768.00
 2606759.935     0.999973      1315147     36408.89
 2608857.087     0.999976      1315151     40960.00
 2610954.239     0.999979      1315153     46811.43
 2615148.543     0.999982      1315158     54613.33
 2617245.695     0.999985      1315161     65536.00
 2619342.847     0.999986      1315162     72817.78
 2621439.999     0.999988      1315165     81920.00
 2623537.151     0.999989      1315167     93622.86
 2625634.303     0.999991      1315169    109226.67
 2631925.759     0.999992      1315171    131072.00
 2631925.759     0.999993      1315171    145635.56
 2640314.367     0.999994      1315172    163840.00
 2648702.975     0.999995      1315174    187245.71
 2648702.975     0.999995      1315174    218453.33
 2652897.279     0.999996      1315175    262144.00
 2654994.431     0.999997      1315176    291271.11
 2654994.431     0.999997      1315176    327680.00
 2659188.735     0.999997      1315178    374491.43
 2659188.735     0.999998      1315178    436906.67
 2659188.735     0.999998      1315178    524288.00
 2659188.735     0.999998      1315178    582542.22
 2659188.735     0.999998      1315178    655360.00
 2661285.887     0.999999      1315179    748982.86
 2661285.887     0.999999      1315179    873813.33
 2661285.887     0.999999      1315179   1048576.00
 2661285.887     0.999999      1315179   1165084.44
 2661285.887     0.999999      1315179   1310720.00
 2665480.191     0.999999      1315180   1497965.71
 2665480.191     1.000000      1315180          inf
#[Mean    =  1294815.565, StdDeviation   =   588031.472]
#[Max     =  2663383.040, Total count    =      1315180]
#[Buckets =           27, SubBuckets     =         2048]
----------------------------------------------------------
  1320301 requests in 60.00m, 16.67GB read
  Socket errors: connect 0, read 441, write 3350, timeout 243414
  Non-2xx or 3xx responses: 47359
Requests/sec:    366.75
Transfer/sec:      4.74MB
