Running 30m test @ http://20.108.10.25:60
  2 threads and 1000 connections
  Thread calibration: mean lat.: 4191.365ms, rate sampling interval: 13975ms
  Thread calibration: mean lat.: 4159.601ms, rate sampling interval: 14057ms
  Thread Stats   Avg      Stdev     99%   +/- Stdev
    Latency    12.44m     7.13m   24.66m    57.90%
    Req/Sec   170.62      7.28   183.00     81.57%
  Latency Distribution (HdrHistogram - Recorded Latency)
 50.000%   12.41m 
 75.000%   18.63m 
 90.000%   22.35m 
 99.000%   24.66m 
 99.900%   25.13m 
 99.990%   25.45m 
 99.999%   25.64m 
100.000%   25.78m 

  Detailed Percentile spectrum:
       Value   Percentile   TotalCount 1/(1-Percentile)

    3028.991     0.000000            1         1.00
  155451.391     0.100000        61230         1.11
  303824.895     0.200000       122498         1.25
  449314.815     0.300000       183687         1.43
  597688.319     0.400000       244965         1.67
  744488.959     0.500000       306198         2.00
  818413.567     0.550000       336833         2.22
  892862.463     0.600000       367383         2.50
  966787.071     0.650000       398006         2.86
 1042808.831     0.700000       428680         3.33
 1117782.015     0.750000       459392         4.00
 1154482.175     0.775000       474854         4.44
 1190133.759     0.800000       489965         5.00
 1228931.071     0.825000       505208         5.71
 1266679.807     0.850000       520729         6.67
 1303379.967     0.875000       536094         8.00
 1322254.335     0.887500       543762         8.89
 1341128.703     0.900000       551134        10.00
 1360003.071     0.912500       558781        11.43
 1378877.439     0.925000       566577        13.33
 1397751.807     0.937500       574402        16.00
 1406140.415     0.943750       577839        17.78
 1416626.175     0.950000       582002        20.00
 1426063.359     0.956250       585736        22.86
 1435500.543     0.962500       589449        26.67
 1444937.727     0.968750       593217        32.00
 1450180.607     0.971875       595241        35.56
 1455423.487     0.975000       597315        40.00
 1459617.791     0.978125       598994        45.71
 1464860.671     0.981250       601101        53.33
 1469054.975     0.984375       602770        64.00
 1472200.703     0.985938       603908        71.11
 1474297.855     0.987500       604707        80.00
 1477443.583     0.989062       605784        91.43
 1480589.311     0.990625       606710       106.67
 1483735.039     0.992188       607584       128.00
 1485832.191     0.992969       608126       142.22
 1487929.343     0.993750       608621       160.00
 1490026.495     0.994531       609086       182.86
 1492123.647     0.995313       609529       213.33
 1494220.799     0.996094       609933       256.00
 1495269.375     0.996484       610113       284.44
 1497366.527     0.996875       610483       320.00
 1498415.103     0.997266       610631       365.71
 1500512.255     0.997656       610920       426.67
 1502609.407     0.998047       611155       512.00
 1503657.983     0.998242       611255       568.89
 1504706.559     0.998437       611355       640.00
 1505755.135     0.998633       611452       731.43
 1506803.711     0.998828       611566       853.33
 1508900.863     0.999023       611720      1024.00
 1508900.863     0.999121       611720      1137.78
 1509949.439     0.999219       611784      1280.00
 1510998.015     0.999316       611842      1462.86
 1512046.591     0.999414       611889      1706.67
 1515192.319     0.999512       611982      2048.00
 1515192.319     0.999561       611982      2275.56
 1517289.471     0.999609       612032      2560.00
 1518338.047     0.999658       612059      2925.71
 1519386.623     0.999707       612085      3413.33
 1520435.199     0.999756       612118      4096.00
 1520435.199     0.999780       612118      4551.11
 1521483.775     0.999805       612138      5120.00
 1522532.351     0.999829       612155      5851.43
 1523580.927     0.999854       612165      6826.67
 1524629.503     0.999878       612177      8192.00
 1525678.079     0.999890       612184      9102.22
 1527775.231     0.999902       612190     10240.00
 1529872.383     0.999915       612202     11702.86
 1530920.959     0.999927       612207     13653.33
 1531969.535     0.999939       612211     16384.00
 1533018.111     0.999945       612216     18204.44
 1534066.687     0.999951       612228     20480.00
 1534066.687     0.999957       612228     23405.71
 1534066.687     0.999963       612228     27306.67
 1535115.263     0.999969       612234     32768.00
 1535115.263     0.999973       612234     36408.89
 1535115.263     0.999976       612234     40960.00
 1535115.263     0.999979       612234     46811.43
 1536163.839     0.999982       612238     54613.33
 1536163.839     0.999985       612238     65536.00
 1537212.415     0.999986       612240     72817.78
 1537212.415     0.999988       612240     81920.00
 1538260.991     0.999989       612241     93622.86
 1540358.143     0.999991       612242    109226.67
 1544552.447     0.999992       612244    131072.00
 1544552.447     0.999993       612244    145635.56
 1544552.447     0.999994       612244    163840.00
 1544552.447     0.999995       612244    187245.71
 1545601.023     0.999995       612246    218453.33
 1545601.023     0.999996       612246    262144.00
 1545601.023     0.999997       612246    291271.11
 1545601.023     0.999997       612246    327680.00
 1545601.023     0.999997       612246    374491.43
 1545601.023     0.999998       612246    436906.67
 1545601.023     0.999998       612246    524288.00
 1545601.023     0.999998       612246    582542.22
 1546649.599     0.999998       612247    655360.00
 1546649.599     1.000000       612247          inf
#[Mean    =   746587.904, StdDeviation   =   427800.677]
#[Max     =  1545601.024, Total count    =       612247]
#[Buckets =           27, SubBuckets     =         2048]
----------------------------------------------------------
  615040 requests in 30.00m, 286.17MB read
  Socket errors: connect 0, read 153, write 636, timeout 16266
  Non-2xx or 3xx responses: 3
Requests/sec:    341.69
Transfer/sec:    162.80KB
