Running 60m test @ http://20.117.88.226:60/wrk2-api/post/compose
  2 threads and 1000 connections
  Thread calibration: mean lat.: 1286.465ms, rate sampling interval: 7491ms
  Thread calibration: mean lat.: 1336.042ms, rate sampling interval: 7282ms
  Thread Stats   Avg      Stdev     99%   +/- Stdev
    Latency    18.31m    10.03m   36.35m    56.32%
    Req/Sec   207.43     36.51   324.00     77.84%
  Latency Distribution (HdrHistogram - Recorded Latency)
 50.000%   18.37m 
 75.000%   27.07m 
 90.000%   31.93m 
 99.000%   36.35m 
 99.900%   38.38m 
 99.990%   40.48m 
 99.999%   41.28m 
100.000%   41.77m 

  Detailed Percentile spectrum:
       Value   Percentile   TotalCount 1/(1-Percentile)

     188.159     0.000000            1         1.00
  338165.759     0.100000       149347         1.11
  448790.527     0.200000       298845         1.25
  648019.967     0.300000       448212         1.43
  872415.231     0.400000       597565         1.67
 1102053.375     0.500000       746772         2.00
 1211105.279     0.550000       821877         2.22
 1320157.183     0.600000       896467         2.50
 1426063.359     0.650000       970997         2.86
 1528823.807     0.700000      1045737         3.33
 1624244.223     0.750000      1120507         4.00
 1671430.143     0.775000      1157678         4.44
 1718616.063     0.800000      1195055         5.00
 1766850.559     0.825000      1232156         5.71
 1814036.479     0.850000      1269387         6.67
 1863319.551     0.875000      1306854         8.00
 1889533.951     0.887500      1325590         8.89
 1915748.351     0.900000      1344556        10.00
 1941962.751     0.912500      1362803        11.43
 1969225.727     0.925000      1381528        13.33
 1996488.703     0.937500      1399978        16.00
 2011168.767     0.943750      1409390        17.78
 2026897.407     0.950000      1418803        20.00
 2043674.623     0.956250      1428325        22.86
 2062548.991     0.962500      1437646        26.67
 2083520.511     0.968750      1447054        32.00
 2094006.271     0.971875      1451454        35.56
 2105540.607     0.975000      1456149        40.00
 2118123.519     0.978125      1461014        45.71
 2130706.431     0.981250      1465320        53.33
 2146435.071     0.984375      1469983        64.00
 2155872.255     0.985938      1472583        71.11
 2164260.863     0.987500      1474643        80.00
 2174746.623     0.989062      1477123        91.43
 2185232.383     0.990625      1479438       106.67
 2197815.295     0.992188      1481655       128.00
 2206203.903     0.992969      1483004       142.22
 2214592.511     0.993750      1484268       160.00
 2222981.119     0.994531      1485320       182.86
 2231369.727     0.995313      1486534       213.33
 2239758.335     0.996094      1487519       256.00
 2246049.791     0.996484      1488224       284.44
 2250244.095     0.996875      1488662       320.00
 2256535.551     0.997266      1489203       365.71
 2264924.159     0.997656      1489804       426.67
 2273312.767     0.998047      1490378       512.00
 2277507.071     0.998242      1490657       568.89
 2283798.527     0.998437      1490996       640.00
 2290089.983     0.998633      1491301       731.43
 2296381.439     0.998828      1491600       853.33
 2302672.895     0.999023      1491830      1024.00
 2306867.199     0.999121      1491980      1137.78
 2313158.655     0.999219      1492141      1280.00
 2319450.111     0.999316      1492300      1462.86
 2325741.567     0.999414      1492429      1706.67
 2332033.023     0.999512      1492579      2048.00
 2334130.175     0.999561      1492629      2275.56
 2338324.479     0.999609      1492713      2560.00
 2344615.935     0.999658      1492785      2925.71
 2348810.239     0.999707      1492849      3413.33
 2357198.847     0.999756      1492918      4096.00
 2363490.303     0.999780      1492954      4551.11
 2378170.367     0.999805      1492993      5120.00
 2388656.127     0.999829      1493033      5851.43
 2403336.191     0.999854      1493061      6826.67
 2415919.103     0.999878      1493098      8192.00
 2420113.407     0.999890      1493120      9102.22
 2434793.471     0.999902      1493137     10240.00
 2445279.231     0.999915      1493152     11702.86
 2449473.535     0.999927      1493172     13653.33
 2457862.143     0.999939      1493189     16384.00
 2459959.295     0.999945      1493197     18204.44
 2462056.447     0.999951      1493208     20480.00
 2468347.903     0.999957      1493222     23405.71
 2470445.055     0.999963      1493239     27306.67
 2470445.055     0.999969      1493239     32768.00
 2470445.055     0.999973      1493239     36408.89
 2472542.207     0.999976      1493255     40960.00
 2472542.207     0.999979      1493255     46811.43
 2472542.207     0.999982      1493255     54613.33
 2474639.359     0.999985      1493261     65536.00
 2474639.359     0.999986      1493261     72817.78
 2474639.359     0.999988      1493261     81920.00
 2476736.511     0.999989      1493265     93622.86
 2478833.663     0.999991      1493266    109226.67
 2485125.119     0.999992      1493268    131072.00
 2487222.271     0.999993      1493269    145635.56
 2489319.423     0.999994      1493273    163840.00
 2489319.423     0.999995      1493273    187245.71
 2489319.423     0.999995      1493273    218453.33
 2491416.575     0.999996      1493275    262144.00
 2491416.575     0.999997      1493275    291271.11
 2491416.575     0.999997      1493275    327680.00
 2497708.031     0.999997      1493277    374491.43
 2497708.031     0.999998      1493277    436906.67
 2497708.031     0.999998      1493277    524288.00
 2497708.031     0.999998      1493277    582542.22
 2497708.031     0.999998      1493277    655360.00
 2506096.639     0.999999      1493279    748982.86
 2506096.639     1.000000      1493279          inf
#[Mean    =  1098665.040, StdDeviation   =   601594.032]
#[Max     =  2503999.488, Total count    =      1493279]
#[Buckets =           27, SubBuckets     =         2048]
----------------------------------------------------------
  1496610 requests in 60.00m, 301.56MB read
  Socket errors: connect 0, read 108, write 2692, timeout 390626
  Non-2xx or 3xx responses: 172438
Requests/sec:    415.72
Transfer/sec:     85.78KB
