Running 30m test @ http://13.87.71.214:60
  2 threads and 1000 connections
  Thread calibration: mean lat.: 9.428ms, rate sampling interval: 32ms
  Thread calibration: mean lat.: 9.463ms, rate sampling interval: 32ms
  Thread Stats   Avg      Stdev     99%   +/- Stdev
    Latency     3.84s     3.42s   14.65s    71.52%
    Req/Sec     1.00k   304.73     1.75k    81.87%
  Latency Distribution (HdrHistogram - Recorded Latency)
 50.000%    3.11s 
 75.000%    5.71s 
 90.000%    8.29s 
 99.000%   14.65s 
 99.900%   24.72s 
 99.990%   31.77s 
 99.999%   36.08s 
100.000%   42.80s 

  Detailed Percentile spectrum:
       Value   Percentile   TotalCount 1/(1-Percentile)

       0.141     0.000000            1         1.00
     178.047     0.100000       353081         1.11
     823.295     0.200000       706090         1.25
    1506.303     0.300000      1059372         1.43
    2260.991     0.400000      1412225         1.67
    3108.863     0.500000      1765242         2.00
    3565.567     0.550000      1941952         2.22
    4048.895     0.600000      2118791         2.50
    4558.847     0.650000      2295100         2.86
    5107.711     0.700000      2471562         3.33
    5709.823     0.750000      2648404         4.00
    6041.599     0.775000      2736587         4.44
    6397.951     0.800000      2824598         5.00
    6791.167     0.825000      2913261         5.71
    7221.247     0.850000      3001149         6.67
    7708.671     0.875000      3089199         8.00
    7983.103     0.887500      3133447         8.89
    8286.207     0.900000      3177701        10.00
    8626.175     0.912500      3221807        11.43
    9011.199     0.925000      3265496        13.33
    9461.759     0.937500      3309730        16.00
    9723.903     0.943750      3332121        17.78
   10010.623     0.950000      3354078        20.00
   10338.303     0.956250      3376138        22.86
   10715.135     0.962500      3397987        26.67
   11165.695     0.968750      3419852        32.00
   11436.031     0.971875      3431006        35.56
   11739.135     0.975000      3442057        40.00
   12099.583     0.978125      3453158        45.71
   12533.759     0.981250      3464066        53.33
   13082.623     0.984375      3475033        64.00
   13434.879     0.985938      3480593        71.11
   13836.287     0.987500      3486108        80.00
   14319.615     0.989062      3491607        91.43
   14893.055     0.990625      3497084       106.67
   15638.527     0.992188      3502566       128.00
   16113.663     0.992969      3505344       142.22
   16637.951     0.993750      3508092       160.00
   17252.351     0.994531      3510884       182.86
   17989.631     0.995313      3513629       213.33
   18907.135     0.996094      3516399       256.00
   19415.039     0.996484      3517750       284.44
   20004.863     0.996875      3519141       320.00
   20660.223     0.997266      3520493       365.71
   21364.735     0.997656      3521875       426.67
   22200.319     0.998047      3523256       512.00
   22626.303     0.998242      3523957       568.89
   23068.671     0.998437      3524637       640.00
   23592.959     0.998633      3525337       731.43
   24150.015     0.998828      3526015       853.33
   24805.375     0.999023      3526717      1024.00
   25133.055     0.999121      3527052      1137.78
   25526.271     0.999219      3527393      1280.00
   25968.639     0.999316      3527738      1462.86
   26509.311     0.999414      3528084      1706.67
   27131.903     0.999512      3528426      2048.00
   27508.735     0.999561      3528596      2275.56
   27869.183     0.999609      3528767      2560.00
   28262.399     0.999658      3528945      2925.71
   28721.151     0.999707      3529114      3413.33
   29245.439     0.999756      3529288      4096.00
   29573.119     0.999780      3529370      4551.11
   29835.263     0.999805      3529460      5120.00
   30212.095     0.999829      3529542      5851.43
   30670.847     0.999854      3529628      6826.67
   31227.903     0.999878      3529715      8192.00
   31522.815     0.999890      3529759      9102.22
   31817.727     0.999902      3529805     10240.00
   32161.791     0.999915      3529844     11702.86
   32473.087     0.999927      3529888     13653.33
   32800.767     0.999939      3529931     16384.00
   33046.527     0.999945      3529954     18204.44
   33308.671     0.999951      3529974     20480.00
   33554.431     0.999957      3529996     23405.71
   33783.807     0.999963      3530017     27306.67
   34111.487     0.999969      3530039     32768.00
   34242.559     0.999973      3530049     36408.89
   34439.167     0.999976      3530060     40960.00
   34603.007     0.999979      3530071     46811.43
   34832.383     0.999982      3530082     54613.33
   35225.599     0.999985      3530093     65536.00
   35323.903     0.999986      3530097     72817.78
   35487.743     0.999988      3530102     81920.00
   35880.959     0.999989      3530109     93622.86
   36208.639     0.999991      3530113    109226.67
   36438.015     0.999992      3530120    131072.00
   36470.783     0.999993      3530121    145635.56
   36634.623     0.999994      3530124    163840.00
   36765.695     0.999995      3530127    187245.71
   37060.607     0.999995      3530129    218453.33
   37355.519     0.999996      3530132    262144.00
   37388.287     0.999997      3530134    291271.11
   37486.591     0.999997      3530135    327680.00
   37519.359     0.999997      3530136    374491.43
   37715.967     0.999998      3530137    436906.67
   38338.559     0.999998      3530139    524288.00
   38338.559     0.999998      3530139    582542.22
   39485.439     0.999998      3530140    655360.00
   39813.119     0.999999      3530141    748982.86
   39813.119     0.999999      3530141    873813.33
   40009.727     0.999999      3530142   1048576.00
   40009.727     0.999999      3530142   1165084.44
   40435.711     0.999999      3530143   1310720.00
   40435.711     0.999999      3530143   1497965.71
   40435.711     0.999999      3530143   1747626.67
   40992.767     1.000000      3530144   2097152.00
   40992.767     1.000000      3530144   2330168.89
   40992.767     1.000000      3530144   2621440.00
   40992.767     1.000000      3530144   2995931.43
   40992.767     1.000000      3530144   3495253.33
   42795.007     1.000000      3530145   4194304.00
   42795.007     1.000000      3530145          inf
#[Mean    =     3839.963, StdDeviation   =     3422.886]
#[Max     =    42762.240, Total count    =      3530145]
#[Buckets =           27, SubBuckets     =         2048]
----------------------------------------------------------
  3548986 requests in 30.00m, 1.61GB read
  Socket errors: connect 0, read 2885, write 10977, timeout 16326
  Non-2xx or 3xx responses: 2
Requests/sec:   1971.66
Transfer/sec:      0.92MB
