Running 30m test @ http://20.90.249.222:60/wrk2-api/post/compose
  2 threads and 1000 connections
  Thread calibration: mean lat.: 3686.403ms, rate sampling interval: 13344ms
  Thread calibration: mean lat.: 3655.127ms, rate sampling interval: 13664ms
  Thread Stats   Avg      Stdev     99%   +/- Stdev
    Latency    11.85m     7.56m   26.58m    59.01%
    Req/Sec    45.09     19.16    71.00     66.16%
  Latency Distribution (HdrHistogram - Recorded Latency)
 50.000%   10.43m 
 75.000%   18.44m 
 90.000%   22.95m 
 99.000%   26.58m 
 99.900%   27.58m 
 99.990%   28.85m 
 99.999%   29.08m 
100.000%   29.17m 

  Detailed Percentile spectrum:
       Value   Percentile   TotalCount 1/(1-Percentile)

    4653.055     0.000000            1         1.00
  138805.247     0.100000        16351         1.11
  263716.863     0.200000        32700         1.25
  383778.815     0.300000        49032         1.43
  503578.623     0.400000        65394         1.67
  625999.871     0.500000        81752         2.00
  706215.935     0.550000        89905         2.22
  815267.839     0.600000        98073         2.50
  919076.863     0.650000       106247         2.86
 1018167.295     0.700000       114439         3.33
 1106247.679     0.750000       122590         4.00
 1148190.719     0.775000       126707         4.44
 1191182.335     0.800000       130833         5.00
 1234173.951     0.825000       134898         5.71
 1281359.871     0.850000       138984         6.67
 1328545.791     0.875000       143016         8.00
 1352663.039     0.887500       145099         8.89
 1376780.287     0.900000       147112        10.00
 1402994.687     0.912500       149179        11.43
 1427111.935     0.925000       151177        13.33
 1453326.335     0.937500       153274        16.00
 1466957.823     0.943750       154330        17.78
 1479540.735     0.950000       155324        20.00
 1493172.223     0.956250       156353        22.86
 1506803.711     0.962500       157350        26.67
 1521483.775     0.968750       158374        32.00
 1528823.807     0.971875       158858        35.56
 1538260.991     0.975000       159398        40.00
 1546649.599     0.978125       159862        45.71
 1557135.359     0.981250       160399        53.33
 1568669.695     0.984375       160911        64.00
 1574961.151     0.985938       161151        71.11
 1582301.183     0.987500       161413        80.00
 1589641.215     0.989062       161656        91.43
 1598029.823     0.990625       161906       106.67
 1606418.431     0.992188       162157       128.00
 1610612.735     0.992969       162300       142.22
 1614807.039     0.993750       162425       160.00
 1620049.919     0.994531       162579       182.86
 1624244.223     0.995313       162688       213.33
 1628438.527     0.996094       162797       256.00
 1631584.255     0.996484       162882       284.44
 1633681.407     0.996875       162936       320.00
 1635778.559     0.997266       162986       365.71
 1638924.287     0.997656       163065       426.67
 1642070.015     0.998047       163120       512.00
 1644167.167     0.998242       163151       568.89
 1647312.895     0.998437       163192       640.00
 1649410.047     0.998633       163216       731.43
 1652555.775     0.998828       163246       853.33
 1655701.503     0.999023       163278      1024.00
 1659895.807     0.999121       163293      1137.78
 1663041.535     0.999219       163309      1280.00
 1667235.839     0.999316       163321      1462.86
 1674575.871     0.999414       163338      1706.67
 1682964.479     0.999512       163354      2048.00
 1688207.359     0.999561       163362      2275.56
 1697644.543     0.999609       163369      2560.00
 1702887.423     0.999658       163377      2925.71
 1711276.031     0.999707       163387      3413.33
 1714421.759     0.999756       163393      4096.00
 1719664.639     0.999780       163399      4551.11
 1722810.367     0.999805       163401      5120.00
 1725956.095     0.999829       163406      5851.43
 1727004.671     0.999854       163411      6826.67
 1729101.823     0.999878       163413      8192.00
 1730150.399     0.999890       163415      9102.22
 1734344.703     0.999902       163417     10240.00
 1736441.855     0.999915       163420     11702.86
 1737490.431     0.999927       163423     13653.33
 1737490.431     0.999939       163423     16384.00
 1739587.583     0.999945       163424     18204.44
 1740636.159     0.999951       163426     20480.00
 1740636.159     0.999957       163426     23405.71
 1741684.735     0.999963       163428     27306.67
 1741684.735     0.999969       163428     32768.00
 1741684.735     0.999973       163428     36408.89
 1742733.311     0.999976       163429     40960.00
 1742733.311     0.999979       163429     46811.43
 1744830.463     0.999982       163430     54613.33
 1744830.463     0.999985       163430     65536.00
 1744830.463     0.999986       163430     72817.78
 1749024.767     0.999988       163431     81920.00
 1749024.767     0.999989       163431     93622.86
 1749024.767     0.999991       163431    109226.67
 1749024.767     0.999992       163431    131072.00
 1749024.767     0.999993       163431    145635.56
 1750073.343     0.999994       163432    163840.00
 1750073.343     1.000000       163432          inf
#[Mean    =   711073.900, StdDeviation   =   453824.074]
#[Max     =  1749024.768, Total count    =       163432]
#[Buckets =           27, SubBuckets     =         2048]
----------------------------------------------------------
  164343 requests in 30.00m, 30.99MB read
  Socket errors: connect 0, read 23697, write 776791, timeout 529755
  Non-2xx or 3xx responses: 2379
Requests/sec:     91.29
Transfer/sec:     17.63KB
