Running 30m test @ http://20.108.188.64:60/wrk2-api/home-timeline/read
  2 threads and 1000 connections
  Thread calibration: mean lat.: 3469.092ms, rate sampling interval: 14385ms
  Thread calibration: mean lat.: 3553.689ms, rate sampling interval: 14041ms
  Thread Stats   Avg      Stdev     99%   +/- Stdev
    Latency    17.10m     7.79m   28.45m    62.59%
    Req/Sec    30.90     13.17    51.00     69.72%
  Latency Distribution (HdrHistogram - Recorded Latency)
 50.000%   18.75m 
 75.000%   23.35m 
 90.000%   26.16m 
 99.000%   28.45m 
 99.900%   29.52m 
 99.990%   29.76m 
 99.999%   29.83m 
100.000%   29.85m 

  Detailed Percentile spectrum:
       Value   Percentile   TotalCount 1/(1-Percentile)

    6660.095     0.000000            1         1.00
  268959.743     0.100000        11256         1.11
  544735.231     0.200000        22504         1.25
  847249.407     0.300000        33769         1.43
 1009254.399     0.400000        45056         1.67
 1125122.047     0.500000        56297         2.00
 1180696.575     0.550000        61931         2.22
 1236271.103     0.600000        67521         2.50
 1290797.055     0.650000        73154         2.86
 1347420.159     0.700000        78791         3.33
 1400897.535     0.750000        84434         4.00
 1429209.087     0.775000        87196         4.44
 1459617.791     0.800000        90118         5.00
 1487929.343     0.825000        92834         5.71
 1514143.743     0.850000        95693         6.67
 1540358.143     0.875000        98454         8.00
 1555038.207     0.887500        99916         8.89
 1569718.271     0.900000       101318        10.00
 1583349.759     0.912500       102661        11.43
 1600126.975     0.925000       104116        13.33
 1616904.191     0.937500       105545        16.00
 1626341.375     0.943750       106221        17.78
 1636827.135     0.950000       106935        20.00
 1647312.895     0.956250       107650        22.86
 1656750.079     0.962500       108338        26.67
 1665138.687     0.968750       108992        32.00
 1670381.567     0.971875       109371        35.56
 1674575.871     0.975000       109722        40.00
 1679818.751     0.978125       110084        45.71
 1685061.631     0.981250       110411        53.33
 1691353.087     0.984375       110764        64.00
 1694498.815     0.985938       110938        71.11
 1698693.119     0.987500       111117        80.00
 1703935.999     0.989062       111286        91.43
 1710227.455     0.990625       111462       106.67
 1719664.639     0.992188       111640       128.00
 1725956.095     0.992969       111718       142.22
 1731198.975     0.993750       111804       160.00
 1737490.431     0.994531       111892       182.86
 1742733.311     0.995313       111991       213.33
 1747976.191     0.996094       112065       256.00
 1750073.343     0.996484       112113       284.44
 1753219.071     0.996875       112165       320.00
 1755316.223     0.997266       112206       365.71
 1758461.951     0.997656       112254       426.67
 1761607.679     0.998047       112293       512.00
 1762656.255     0.998242       112312       568.89
 1764753.407     0.998437       112336       640.00
 1766850.559     0.998633       112358       731.43
 1768947.711     0.998828       112373       853.33
 1771044.863     0.999023       112411      1024.00
 1771044.863     0.999121       112411      1137.78
 1772093.439     0.999219       112419      1280.00
 1774190.591     0.999316       112428      1462.86
 1776287.743     0.999414       112448      1706.67
 1777336.319     0.999512       112452      2048.00
 1778384.895     0.999561       112458      2275.56
 1779433.471     0.999609       112468      2560.00
 1779433.471     0.999658       112468      2925.71
 1780482.047     0.999707       112477      3413.33
 1780482.047     0.999756       112477      4096.00
 1781530.623     0.999780       112482      4551.11
 1781530.623     0.999805       112482      5120.00
 1782579.199     0.999829       112484      5851.43
 1784676.351     0.999854       112490      6826.67
 1784676.351     0.999878       112490      8192.00
 1785724.927     0.999890       112496      9102.22
 1785724.927     0.999902       112496     10240.00
 1785724.927     0.999915       112496     11702.86
 1785724.927     0.999927       112496     13653.33
 1786773.503     0.999939       112498     16384.00
 1786773.503     0.999945       112498     18204.44
 1786773.503     0.999951       112498     20480.00
 1787822.079     0.999957       112500     23405.71
 1787822.079     0.999963       112500     27306.67
 1787822.079     0.999969       112500     32768.00
 1787822.079     0.999973       112500     36408.89
 1788870.655     0.999976       112501     40960.00
 1788870.655     0.999979       112501     46811.43
 1788870.655     0.999982       112501     54613.33
 1789919.231     0.999985       112502     65536.00
 1789919.231     0.999986       112502     72817.78
 1789919.231     0.999988       112502     81920.00
 1789919.231     0.999989       112502     93622.86
 1789919.231     0.999991       112502    109226.67
 1790967.807     0.999992       112503    131072.00
 1790967.807     1.000000       112503          inf
#[Mean    =  1026009.641, StdDeviation   =   467360.839]
#[Max     =  1789919.232, Total count    =       112503]
#[Buckets =           27, SubBuckets     =         2048]
----------------------------------------------------------
  113254 requests in 30.00m, 1.46GB read
  Socket errors: connect 0, read 100132, write 709208, timeout 145856
  Non-2xx or 3xx responses: 3515
Requests/sec:     62.92
Transfer/sec:    848.30KB
