Running 30m test @ http://51.142.74.59:60
  2 threads and 1000 connections
  Thread calibration: mean lat.: 5666.618ms, rate sampling interval: 16195ms
  Thread calibration: mean lat.: 5824.699ms, rate sampling interval: 16261ms
  Thread Stats   Avg      Stdev     99%   +/- Stdev
    Latency    14.11m     8.11m   27.94m    57.74%
    Req/Sec    59.01      3.49    66.00     78.64%
  Latency Distribution (HdrHistogram - Recorded Latency)
 50.000%   14.07m 
 75.000%   21.13m 
 90.000%   25.36m 
 99.000%   27.94m 
 99.900%   28.61m 
 99.990%   29.38m 
 99.999%   29.67m 
100.000%   29.90m 

  Detailed Percentile spectrum:
       Value   Percentile   TotalCount 1/(1-Percentile)

    6496.255     0.000000            1         1.00
  171573.247     0.100000        21314         1.11
  341311.487     0.200000        42631         1.25
  508821.503     0.300000        63911         1.43
  677904.383     0.400000        85255         1.67
  844103.679     0.500000       106547         2.00
  931135.487     0.550000       117175         2.22
 1014497.279     0.600000       127841         2.50
 1098907.647     0.650000       138575         2.86
 1183842.303     0.700000       149158         3.33
 1267728.383     0.750000       159753         4.00
 1310719.999     0.775000       165095         4.44
 1355808.767     0.800000       170509         5.00
 1398800.383     0.825000       175753         5.71
 1439694.847     0.850000       181091         6.67
 1480589.311     0.875000       186451         8.00
 1500512.255     0.887500       189045         8.89
 1521483.775     0.900000       191751        10.00
 1541406.719     0.912500       194388        11.43
 1563426.815     0.925000       197115        13.33
 1584398.335     0.937500       199756        16.00
 1594884.095     0.943750       201155        17.78
 1604321.279     0.950000       202373        20.00
 1614807.039     0.956250       203735        22.86
 1624244.223     0.962500       205062        26.67
 1634729.983     0.968750       206445        32.00
 1639972.863     0.971875       207126        35.56
 1645215.743     0.975000       207783        40.00
 1650458.623     0.978125       208371        45.71
 1656750.079     0.981250       209030        53.33
 1664090.111     0.984375       209718        64.00
 1667235.839     0.985938       210010        71.11
 1670381.567     0.987500       210368        80.00
 1674575.871     0.989062       210714        91.43
 1678770.175     0.990625       211016       106.67
 1684013.055     0.992188       211389       128.00
 1686110.207     0.992969       211551       142.22
 1688207.359     0.993750       211688       160.00
 1690304.511     0.994531       211838       182.86
 1693450.239     0.995313       212033       213.33
 1695547.391     0.996094       212163       256.00
 1697644.543     0.996484       212273       284.44
 1699741.695     0.996875       212349       320.00
 1701838.847     0.997266       212426       365.71
 1703935.999     0.997656       212494       426.67
 1707081.727     0.998047       212607       512.00
 1708130.303     0.998242       212624       568.89
 1710227.455     0.998437       212673       640.00
 1712324.607     0.998633       212715       731.43
 1714421.759     0.998828       212754       853.33
 1716518.911     0.999023       212795      1024.00
 1717567.487     0.999121       212810      1137.78
 1719664.639     0.999219       212834      1280.00
 1720713.215     0.999316       212848      1462.86
 1722810.367     0.999414       212878      1706.67
 1724907.519     0.999512       212902      2048.00
 1724907.519     0.999561       212902      2275.56
 1725956.095     0.999609       212911      2560.00
 1728053.247     0.999658       212921      2925.71
 1731198.975     0.999707       212931      3413.33
 1734344.703     0.999756       212944      4096.00
 1738539.007     0.999780       212950      4551.11
 1739587.583     0.999805       212954      5120.00
 1740636.159     0.999829       212959      5851.43
 1753219.071     0.999854       212962      6826.67
 1761607.679     0.999878       212967      8192.00
 1762656.255     0.999890       212973      9102.22
 1762656.255     0.999902       212973     10240.00
 1763704.831     0.999915       212978     11702.86
 1763704.831     0.999927       212978     13653.33
 1764753.407     0.999939       212982     16384.00
 1764753.407     0.999945       212982     18204.44
 1765801.983     0.999951       212985     20480.00
 1765801.983     0.999957       212985     23405.71
 1777336.319     0.999963       212987     27306.67
 1777336.319     0.999969       212987     32768.00
 1778384.895     0.999973       212988     36408.89
 1778384.895     0.999976       212988     40960.00
 1779433.471     0.999979       212990     46811.43
 1779433.471     0.999982       212990     54613.33
 1779433.471     0.999985       212990     65536.00
 1780482.047     0.999986       212991     72817.78
 1780482.047     0.999988       212991     81920.00
 1780482.047     0.999989       212991     93622.86
 1793064.959     0.999991       212992    109226.67
 1793064.959     0.999992       212992    131072.00
 1793064.959     0.999993       212992    145635.56
 1793064.959     0.999994       212992    163840.00
 1793064.959     0.999995       212992    187245.71
 1794113.535     0.999995       212993    218453.33
 1794113.535     1.000000       212993          inf
#[Mean    =   846751.832, StdDeviation   =   486845.527]
#[Max     =  1793064.960, Total count    =       212993]
#[Buckets =           27, SubBuckets     =         2048]
----------------------------------------------------------
  213875 requests in 30.00m, 99.26MB read
  Socket errors: connect 0, read 278577, write 548441, timeout 52209
  Non-2xx or 3xx responses: 1673
Requests/sec:    118.82
Transfer/sec:     56.47KB
