Running 30m test @ http://51.145.94.116:60/wrk2-api/home-timeline/read
  2 threads and 1000 connections
  Thread calibration: mean lat.: 3523.266ms, rate sampling interval: 13705ms
  Thread calibration: mean lat.: 3446.778ms, rate sampling interval: 12918ms
  Thread Stats   Avg      Stdev     99%   +/- Stdev
    Latency    16.63m     7.85m   28.29m    61.40%
    Req/Sec    33.14     12.25    51.00     73.88%
  Latency Distribution (HdrHistogram - Recorded Latency)
 50.000%   18.18m 
 75.000%   23.07m 
 90.000%   25.95m 
 99.000%   28.29m 
 99.900%   29.46m 
 99.990%   29.73m 
 99.999%   29.85m 
100.000%   29.90m 

  Detailed Percentile spectrum:
       Value   Percentile   TotalCount 1/(1-Percentile)

    4952.063     0.000000            1         1.00
  249430.015     0.100000        12060         1.11
  500957.183     0.200000        24126         1.25
  775946.239     0.300000        36192         1.43
  968884.223     0.400000        48276         1.67
 1090519.039     0.500000        60319         2.00
 1150287.871     0.550000        66399         2.22
 1209008.127     0.600000        72449         2.50
 1266679.807     0.650000        78436         2.86
 1325400.063     0.700000        84447         3.33
 1384120.319     0.750000        90538         4.00
 1411383.295     0.775000        93483         4.44
 1440743.423     0.800000        96549         5.00
 1471152.127     0.825000        99583         5.71
 1499463.679     0.850000       102514         6.67
 1527775.231     0.875000       105550         8.00
 1542455.295     0.887500       107039         8.89
 1557135.359     0.900000       108566        10.00
 1571815.423     0.912500       110048        11.43
 1588592.639     0.925000       111630        13.33
 1605369.855     0.937500       113082        16.00
 1615855.615     0.943750       113892        17.78
 1625292.799     0.950000       114639        20.00
 1634729.983     0.956250       115351        22.86
 1645215.743     0.962500       116137        26.67
 1654652.927     0.968750       116854        32.00
 1659895.807     0.971875       117231        35.56
 1665138.687     0.975000       117623        40.00
 1670381.567     0.978125       118013        45.71
 1675624.447     0.981250       118372        53.33
 1681915.903     0.984375       118743        64.00
 1685061.631     0.985938       118904        71.11
 1689255.935     0.987500       119092        80.00
 1694498.815     0.989062       119296        91.43
 1699741.695     0.990625       119481       106.67
 1709178.879     0.992188       119676       128.00
 1713373.183     0.992969       119753       142.22
 1720713.215     0.993750       119847       160.00
 1728053.247     0.994531       119948       182.86
 1734344.703     0.995313       120036       213.33
 1741684.735     0.996094       120132       256.00
 1744830.463     0.996484       120179       284.44
 1747976.191     0.996875       120230       320.00
 1752170.495     0.997266       120282       365.71
 1755316.223     0.997656       120319       426.67
 1759510.527     0.998047       120369       512.00
 1761607.679     0.998242       120407       568.89
 1762656.255     0.998437       120417       640.00
 1764753.407     0.998633       120448       731.43
 1765801.983     0.998828       120460       853.33
 1767899.135     0.999023       120486      1024.00
 1768947.711     0.999121       120495      1137.78
 1769996.287     0.999219       120504      1280.00
 1771044.863     0.999316       120515      1462.86
 1773142.015     0.999414       120528      1706.67
 1775239.167     0.999512       120543      2048.00
 1776287.743     0.999561       120548      2275.56
 1777336.319     0.999609       120557      2560.00
 1777336.319     0.999658       120557      2925.71
 1778384.895     0.999707       120565      3413.33
 1779433.471     0.999756       120570      4096.00
 1780482.047     0.999780       120576      4551.11
 1780482.047     0.999805       120576      5120.00
 1781530.623     0.999829       120581      5851.43
 1781530.623     0.999854       120581      6826.67
 1782579.199     0.999878       120584      8192.00
 1782579.199     0.999890       120584      9102.22
 1783627.775     0.999902       120588     10240.00
 1783627.775     0.999915       120588     11702.86
 1784676.351     0.999927       120590     13653.33
 1784676.351     0.999939       120590     16384.00
 1785724.927     0.999945       120593     18204.44
 1785724.927     0.999951       120593     20480.00
 1785724.927     0.999957       120593     23405.71
 1785724.927     0.999963       120593     27306.67
 1786773.503     0.999969       120594     32768.00
 1786773.503     0.999973       120594     36408.89
 1789919.231     0.999976       120595     40960.00
 1789919.231     0.999979       120595     46811.43
 1789919.231     0.999982       120595     54613.33
 1790967.807     0.999985       120596     65536.00
 1790967.807     0.999986       120596     72817.78
 1790967.807     0.999988       120596     81920.00
 1790967.807     0.999989       120596     93622.86
 1790967.807     0.999991       120596    109226.67
 1794113.535     0.999992       120597    131072.00
 1794113.535     1.000000       120597          inf
#[Mean    =   997843.186, StdDeviation   =   471122.572]
#[Max     =  1793064.960, Total count    =       120597]
#[Buckets =           27, SubBuckets     =         2048]
----------------------------------------------------------
  121493 requests in 30.00m, 1.58GB read
  Socket errors: connect 0, read 97609, write 667913, timeout 140002
  Non-2xx or 3xx responses: 2204
Requests/sec:     67.50
Transfer/sec:      0.90MB
