Running 30m test @ http://20.108.20.29:60/wrk2-api/home-timeline/read
  2 threads and 1000 connections
  Thread calibration: mean lat.: 102.238ms, rate sampling interval: 187ms
  Thread calibration: mean lat.: 57.866ms, rate sampling interval: 113ms
  Thread Stats   Avg      Stdev     99%   +/- Stdev
    Latency     1.33m     0.96m    3.64m    61.00%
    Req/Sec   455.21     75.36   642.00     71.07%
  Latency Distribution (HdrHistogram - Recorded Latency)
 50.000%    1.24m 
 75.000%    2.04m 
 90.000%    2.64m 
 99.000%    3.64m 
 99.900%    4.42m 
 99.990%    5.11m 
 99.999%    5.40m 
100.000%    5.52m 

  Detailed Percentile spectrum:
       Value   Percentile   TotalCount 1/(1-Percentile)

       0.264     0.000000            1         1.00
    5144.575     0.100000       162357         1.11
   20725.759     0.200000       324644         1.25
   38764.543     0.300000       487170         1.43
   56590.335     0.400000       649491         1.67
   74448.895     0.500000       811778         2.00
   84017.151     0.550000       892962         2.22
   93388.799     0.600000       974444         2.50
  102367.231     0.650000      1055468         2.86
  111935.487     0.700000      1136484         3.33
  122159.103     0.750000      1217407         4.00
  127533.055     0.775000      1258143         4.44
  133038.079     0.800000      1298683         5.00
  138674.175     0.825000      1339865         5.71
  144572.415     0.850000      1379957         6.67
  151126.015     0.875000      1420586         8.00
  154796.031     0.887500      1440948         8.89
  158597.119     0.900000      1460842        10.00
  162791.423     0.912500      1481623        11.43
  167116.799     0.925000      1501602        13.33
  172097.535     0.937500      1521883        16.00
  174981.119     0.943750      1532249        17.78
  178126.847     0.950000      1542031        20.00
  181796.863     0.956250      1552202        22.86
  185860.095     0.962500      1562279        26.67
  190709.759     0.968750      1572429        32.00
  193331.199     0.971875      1577496        35.56
  196345.855     0.975000      1582726        40.00
  199491.583     0.978125      1587771        45.71
  203423.743     0.981250      1592729        53.33
  208142.335     0.984375      1597842        64.00
  210632.703     0.985938      1600383        71.11
  213385.215     0.987500      1602930        80.00
  216399.871     0.989062      1605431        91.43
  219676.671     0.990625      1607934       106.67
  223215.615     0.992188      1610468       128.00
  225181.695     0.992969      1611768       142.22
  227672.063     0.993750      1613033       160.00
  230555.647     0.994531      1614271       182.86
  233832.447     0.995313      1615539       213.33
  237502.463     0.996094      1616801       256.00
  239599.615     0.996484      1617468       284.44
  241958.911     0.996875      1618113       320.00
  244187.135     0.997266      1618728       365.71
  247070.719     0.997656      1619349       426.67
  250347.519     0.998047      1619984       512.00
  252313.599     0.998242      1620289       568.89
  254935.039     0.998437      1620609       640.00
  259129.343     0.998633      1620937       731.43
  262275.071     0.998828      1621242       853.33
  265551.871     0.999023      1621562      1024.00
  267517.951     0.999121      1621716      1137.78
  269484.031     0.999219      1621873      1280.00
  272367.615     0.999316      1622036      1462.86
  275775.487     0.999414      1622190      1706.67
  278659.071     0.999512      1622351      2048.00
  280231.935     0.999561      1622428      2275.56
  282066.943     0.999609      1622508      2560.00
  284950.527     0.999658      1622592      2925.71
  288358.399     0.999707      1622671      3413.33
  291241.983     0.999756      1622746      4096.00
  292814.847     0.999780      1622784      4551.11
  294125.567     0.999805      1622826      5120.00
  296484.863     0.999829      1622864      5851.43
  300417.023     0.999854      1622905      6826.67
  304873.471     0.999878      1622949      8192.00
  305659.903     0.999890      1622963      9102.22
  306970.623     0.999902      1622983     10240.00
  308543.487     0.999915      1623002     11702.86
  310378.495     0.999927      1623024     13653.33
  312737.791     0.999939      1623041     16384.00
  314310.655     0.999945      1623052     18204.44
  316669.951     0.999951      1623061     20480.00
  318242.815     0.999957      1623072     23405.71
  319029.247     0.999963      1623081     27306.67
  320864.255     0.999969      1623091     32768.00
  321388.543     0.999973      1623098     36408.89
  321650.687     0.999976      1623103     40960.00
  322174.975     0.999979      1623107     46811.43
  322437.119     0.999982      1623111     54613.33
  322961.407     0.999985      1623116     65536.00
  323223.551     0.999986      1623118     72817.78
  323747.839     0.999988      1623121     81920.00
  324009.983     0.999989      1623123     93622.86
  324534.271     0.999991      1623126    109226.67
  324796.415     0.999992      1623128    131072.00
  325058.559     0.999993      1623130    145635.56
  325320.703     0.999994      1623132    163840.00
  325320.703     0.999995      1623132    187245.71
  325844.991     0.999995      1623134    218453.33
  325844.991     0.999996      1623134    262144.00
  326107.135     0.999997      1623135    291271.11
  327155.711     0.999997      1623136    327680.00
  327155.711     0.999997      1623136    374491.43
  327679.999     0.999998      1623137    436906.67
  327679.999     0.999998      1623137    524288.00
  328204.287     0.999998      1623138    582542.22
  328204.287     0.999998      1623138    655360.00
  328204.287     0.999999      1623138    748982.86
  328990.719     0.999999      1623139    873813.33
  328990.719     0.999999      1623139   1048576.00
  328990.719     0.999999      1623139   1165084.44
  328990.719     0.999999      1623139   1310720.00
  328990.719     0.999999      1623139   1497965.71
  331087.871     0.999999      1623140   1747626.67
  331087.871     1.000000      1623140          inf
#[Mean    =    79513.291, StdDeviation   =    57371.305]
#[Max     =   330825.728, Total count    =      1623140]
#[Buckets =           27, SubBuckets     =         2048]
----------------------------------------------------------
  1632371 requests in 30.00m, 22.03GB read
  Socket errors: connect 0, read 9047, write 156219, timeout 121868
  Non-2xx or 3xx responses: 313
Requests/sec:    906.87
Transfer/sec:     12.54MB
