Running 60m test @ http://51.140.40.169:60
  2 threads and 1000 connections
  Thread calibration: mean lat.: 776.326ms, rate sampling interval: 3319ms
  Thread calibration: mean lat.: 841.043ms, rate sampling interval: 3600ms
  Thread Stats   Avg      Stdev     99%   +/- Stdev
    Latency     1.06m    21.46s    1.87m    71.21%
    Req/Sec     0.98k    52.83     1.08k    76.23%
  Latency Distribution (HdrHistogram - Recorded Latency)
 50.000%    1.07m 
 75.000%    1.30m 
 90.000%    1.50m 
 99.000%    1.87m 
 99.900%    2.18m 
 99.990%    2.33m 
 99.999%    2.44m 
100.000%    2.50m 

  Detailed Percentile spectrum:
       Value   Percentile   TotalCount 1/(1-Percentile)

       7.979     0.000000            1         1.00
   37224.447     0.100000       703379         1.11
   47611.903     0.200000      1407728         1.25
   54165.503     0.300000      2112233         1.43
   59473.919     0.400000      2815198         1.67
   64421.887     0.500000      3519152         2.00
   66912.255     0.550000      3868410         2.22
   69468.159     0.600000      4222288         2.50
   72089.599     0.650000      4572743         2.86
   74907.647     0.700000      4927537         3.33
   77922.303     0.750000      5278929         4.00
   79560.703     0.775000      5456341         4.44
   81264.639     0.800000      5631357         5.00
   83034.111     0.825000      5802739         5.71
   85065.727     0.850000      5979427         6.67
   87359.487     0.875000      6156045         8.00
   88604.671     0.887500      6242691         8.89
   89980.927     0.900000      6331784        10.00
   91488.255     0.912500      6420126        11.43
   93126.655     0.925000      6504553        13.33
   95092.735     0.937500      6593788        16.00
   96141.311     0.943750      6637238        17.78
   97320.959     0.950000      6682563        20.00
   98566.143     0.956250      6725551        22.86
  100007.935     0.962500      6768553        26.67
  101777.407     0.968750      6813011        32.00
  102760.447     0.971875      6835268        35.56
  103874.559     0.975000      6857253        40.00
  105054.207     0.978125      6878124        45.71
  106495.999     0.981250      6900649        53.33
  108134.399     0.984375      6922486        64.00
  109051.903     0.985938      6933309        71.11
  110100.479     0.987500      6944487        80.00
  111280.127     0.989062      6955422        91.43
  112590.847     0.990625      6966008       106.67
  114229.247     0.992188      6977162       128.00
  115146.751     0.992969      6982539       142.22
  116260.863     0.993750      6988056       160.00
  117506.047     0.994531      6993563       182.86
  118882.303     0.995313      6998855       213.33
  120586.239     0.996094      7004394       256.00
  121503.743     0.996484      7007103       284.44
  122617.855     0.996875      7009910       320.00
  123863.039     0.997266      7012754       365.71
  125173.759     0.997656      7015426       426.67
  126615.551     0.998047      7018119       512.00
  127336.447     0.998242      7019482       568.89
  128188.415     0.998437      7020921       640.00
  128974.847     0.998633      7022218       731.43
  129826.815     0.998828      7023609       853.33
  130809.855     0.999023      7025001      1024.00
  131334.143     0.999121      7025650      1137.78
  131923.967     0.999219      7026330      1280.00
  132644.863     0.999316      7027078      1462.86
  133300.223     0.999414      7027695      1706.67
  134152.191     0.999512      7028415      2048.00
  134610.943     0.999561      7028742      2275.56
  135135.231     0.999609      7029129      2560.00
  135659.519     0.999658      7029483      2925.71
  136052.735     0.999707      7029779      3413.33
  136708.095     0.999756      7030114      4096.00
  137101.311     0.999780      7030300      4551.11
  137494.527     0.999805      7030449      5120.00
  138018.815     0.999829      7030610      5851.43
  138543.103     0.999854      7030791      6826.67
  139067.391     0.999878      7030963      8192.00
  139460.607     0.999890      7031057      9102.22
  139853.823     0.999902      7031133     10240.00
  140378.111     0.999915      7031209     11702.86
  141033.471     0.999927      7031296     13653.33
  141819.903     0.999939      7031387     16384.00
  142213.119     0.999945      7031439     18204.44
  142475.263     0.999951      7031472     20480.00
  142868.479     0.999957      7031519     23405.71
  143261.695     0.999963      7031560     27306.67
  143785.983     0.999969      7031607     32768.00
  144048.127     0.999973      7031623     36408.89
  144310.271     0.999976      7031638     40960.00
  144572.415     0.999979      7031659     46811.43
  144965.631     0.999982      7031688     54613.33
  145227.775     0.999985      7031703     65536.00
  145489.919     0.999986      7031718     72817.78
  145752.063     0.999988      7031729     81920.00
  145883.135     0.999989      7031735     93622.86
  146145.279     0.999991      7031745    109226.67
  146800.639     0.999992      7031757    131072.00
  146931.711     0.999993      7031761    145635.56
  147193.855     0.999994      7031771    163840.00
  147324.927     0.999995      7031773    187245.71
  147718.143     0.999995      7031780    218453.33
  147849.215     0.999996      7031785    262144.00
  147849.215     0.999997      7031785    291271.11
  148242.431     0.999997      7031791    327680.00
  148242.431     0.999997      7031791    374491.43
  148373.503     0.999998      7031793    436906.67
  148766.719     0.999998      7031796    524288.00
  148897.791     0.999998      7031797    582542.22
  149159.935     0.999998      7031801    655360.00
  149159.935     0.999999      7031801    748982.86
  149159.935     0.999999      7031801    873813.33
  149422.079     0.999999      7031803   1048576.00
  149422.079     0.999999      7031803   1165084.44
  149553.151     0.999999      7031805   1310720.00
  149553.151     0.999999      7031805   1497965.71
  149553.151     0.999999      7031805   1747626.67
  149684.223     1.000000      7031806   2097152.00
  149684.223     1.000000      7031806   2330168.89
  149946.367     1.000000      7031807   2621440.00
  149946.367     1.000000      7031807   2995931.43
  149946.367     1.000000      7031807   3495253.33
  150077.439     1.000000      7031808   4194304.00
  150077.439     1.000000      7031808   4660337.78
  150077.439     1.000000      7031808   5242880.00
  150077.439     1.000000      7031808   5991862.86
  150077.439     1.000000      7031808   6990506.67
  150208.511     1.000000      7031809   8388608.00
  150208.511     1.000000      7031809          inf
#[Mean    =    63742.699, StdDeviation   =    21464.402]
#[Max     =   150077.440, Total count    =      7031809]
#[Buckets =           27, SubBuckets     =         2048]
----------------------------------------------------------
  7047879 requests in 60.00m, 3.18GB read
  Socket errors: connect 0, read 50, write 453, timeout 32904
  Non-2xx or 3xx responses: 201957
Requests/sec:   1957.75
Transfer/sec:      0.90MB
