Running 60m test @ http://20.117.150.141:60/wrk2-api/home-timeline/read
  2 threads and 1000 connections
  Thread calibration: mean lat.: 112.965ms, rate sampling interval: 584ms
  Thread calibration: mean lat.: 109.317ms, rate sampling interval: 567ms
  Thread Stats   Avg      Stdev     99%   +/- Stdev
    Latency    12.13m     7.25m   25.99m    58.88%
    Req/Sec   282.57     38.67   361.00     73.34%
  Latency Distribution (HdrHistogram - Recorded Latency)
 50.000%   11.95m 
 75.000%   18.19m 
 90.000%   22.14m 
 99.000%   25.99m 
 99.900%   27.53m 
 99.990%   28.43m 
 99.999%   28.89m 
100.000%   29.34m 

  Detailed Percentile spectrum:
       Value   Percentile   TotalCount 1/(1-Percentile)

       7.763     0.000000            1         1.00
  134610.943     0.100000       203188         1.11
  280756.223     0.200000       406312         1.25
  427294.719     0.300000       609086         1.43
  570425.343     0.400000       812125         1.67
  717225.983     0.500000      1015207         2.00
  791150.591     0.550000      1116785         2.22
  865075.199     0.600000      1218081         2.50
  940048.383     0.650000      1319750         2.86
 1016070.143     0.700000      1421252         3.33
 1091567.615     0.750000      1522868         4.00
 1130364.927     0.775000      1574475         4.44
 1168113.663     0.800000      1624686         5.00
 1206910.975     0.825000      1675498         5.71
 1245708.287     0.850000      1725776         6.67
 1285554.175     0.875000      1776574         8.00
 1306525.695     0.887500      1802162         8.89
 1328545.791     0.900000      1827521        10.00
 1351614.463     0.912500      1853401        11.43
 1375731.711     0.925000      1878875        13.33
 1400897.535     0.937500      1903872        16.00
 1414529.023     0.943750      1916627        17.78
 1428160.511     0.950000      1928792        20.00
 1442840.575     0.956250      1941332        22.86
 1459617.791     0.962500      1954510        26.67
 1477443.583     0.968750      1967375        32.00
 1485832.191     0.971875      1973086        35.56
 1496317.951     0.975000      1979821        40.00
 1506803.711     0.978125      1985834        45.71
 1518338.047     0.981250      1992188        53.33
 1530920.959     0.984375      1998552        64.00
 1538260.991     0.985938      2001841        71.11
 1545601.023     0.987500      2004932        80.00
 1553989.631     0.989062      2008131        91.43
 1562378.239     0.990625      2011208       106.67
 1571815.423     0.992188      2014361       128.00
 1577058.303     0.992969      2015997       142.22
 1582301.183     0.993750      2017506       160.00
 1588592.639     0.994531      2019051       182.86
 1595932.671     0.995313      2020748       213.33
 1603272.703     0.996094      2022205       256.00
 1607467.007     0.996484      2023051       284.44
 1611661.311     0.996875      2023766       320.00
 1616904.191     0.997266      2024602       365.71
 1622147.071     0.997656      2025361       426.67
 1629487.103     0.998047      2026186       512.00
 1633681.407     0.998242      2026604       568.89
 1636827.135     0.998437      2026944       640.00
 1642070.015     0.998633      2027392       731.43
 1646264.319     0.998828      2027733       853.33
 1652555.775     0.999023      2028162      1024.00
 1655701.503     0.999121      2028332      1137.78
 1659895.807     0.999219      2028578      1280.00
 1663041.535     0.999316      2028737      1462.86
 1667235.839     0.999414      2028931      1706.67
 1672478.719     0.999512      2029123      2048.00
 1675624.447     0.999561      2029260      2275.56
 1677721.599     0.999609      2029350      2560.00
 1680867.327     0.999658      2029437      2925.71
 1682964.479     0.999707      2029516      3413.33
 1687158.783     0.999756      2029621      4096.00
 1689255.935     0.999780      2029664      4551.11
 1692401.663     0.999805      2029734      5120.00
 1695547.391     0.999829      2029774      5851.43
 1698693.119     0.999854      2029817      6826.67
 1702887.423     0.999878      2029872      8192.00
 1703935.999     0.999890      2029887      9102.22
 1707081.727     0.999902      2029921     10240.00
 1709178.879     0.999915      2029937     11702.86
 1712324.607     0.999927      2029963     13653.33
 1715470.335     0.999939      2029991     16384.00
 1716518.911     0.999945      2030002     18204.44
 1718616.063     0.999951      2030015     20480.00
 1719664.639     0.999957      2030026     23405.71
 1721761.791     0.999963      2030040     27306.67
 1722810.367     0.999969      2030049     32768.00
 1723858.943     0.999973      2030057     36408.89
 1724907.519     0.999976      2030061     40960.00
 1727004.671     0.999979      2030072     46811.43
 1728053.247     0.999982      2030078     54613.33
 1729101.823     0.999985      2030082     65536.00
 1730150.399     0.999986      2030084     72817.78
 1731198.975     0.999988      2030086     81920.00
 1733296.127     0.999989      2030090     93622.86
 1734344.703     0.999991      2030094    109226.67
 1736441.855     0.999992      2030095    131072.00
 1741684.735     0.999993      2030097    145635.56
 1747976.191     0.999994      2030098    163840.00
 1756364.799     0.999995      2030106    187245.71
 1756364.799     0.999995      2030106    218453.33
 1756364.799     0.999996      2030106    262144.00
 1756364.799     0.999997      2030106    291271.11
 1756364.799     0.999997      2030106    327680.00
 1756364.799     0.999997      2030106    374491.43
 1756364.799     0.999998      2030106    436906.67
 1757413.375     0.999998      2030107    524288.00
 1757413.375     0.999998      2030107    582542.22
 1757413.375     0.999998      2030107    655360.00
 1758461.951     0.999999      2030108    748982.86
 1758461.951     0.999999      2030108    873813.33
 1759510.527     0.999999      2030109   1048576.00
 1759510.527     0.999999      2030109   1165084.44
 1759510.527     0.999999      2030109   1310720.00
 1759510.527     0.999999      2030109   1497965.71
 1759510.527     0.999999      2030109   1747626.67
 1760559.103     1.000000      2030110   2097152.00
 1760559.103     1.000000      2030110          inf
#[Mean    =   727823.961, StdDeviation   =   435202.021]
#[Max     =  1759510.528, Total count    =      2030110]
#[Buckets =           27, SubBuckets     =         2048]
----------------------------------------------------------
  2039294 requests in 60.00m, 27.42GB read
  Socket errors: connect 0, read 4241, write 21810, timeout 243538
  Non-2xx or 3xx responses: 263
Requests/sec:    566.47
Transfer/sec:      7.80MB
