Running 60m test @ http://20.117.150.141:60/wrk2-api/post/compose
  2 threads and 1000 connections
  Thread calibration: mean lat.: 1122.048ms, rate sampling interval: 5939ms
  Thread calibration: mean lat.: 1062.098ms, rate sampling interval: 5337ms
  Thread Stats   Avg      Stdev     99%   +/- Stdev
    Latency    22.16m    13.05m   43.90m    56.87%
    Req/Sec   131.08     16.27   187.00     83.46%
  Latency Distribution (HdrHistogram - Recorded Latency)
 50.000%   22.23m 
 75.000%   33.45m 
 90.000%   40.54m 
 99.000%   43.90m 
 99.900%   45.23m 
 99.990%   46.03m 
 99.999%   46.56m 
100.000%   46.80m 

  Detailed Percentile spectrum:
       Value   Percentile   TotalCount 1/(1-Percentile)

     131.711     0.000000            1         1.00
  254541.823     0.100000        94488         1.11
  512491.519     0.200000       188962         1.25
  771227.647     0.300000       283472         1.43
 1045430.271     0.400000       377922         1.67
 1333788.671     0.500000       472630         2.00
 1471152.127     0.550000       519810         2.22
 1600126.975     0.600000       566940         2.50
 1721761.791     0.650000       614074         2.86
 1853882.367     0.700000       661459         3.33
 2006974.463     0.750000       708494         4.00
 2089811.967     0.775000       732224         4.44
 2172649.471     0.800000       756168         5.00
 2248146.943     0.825000       779399         5.71
 2321547.263     0.850000       803563         6.67
 2380267.519     0.875000       826522         8.00
 2407530.495     0.887500       838389         8.89
 2432696.319     0.900000       850385        10.00
 2455764.991     0.912500       862190        11.43
 2478833.663     0.925000       873778        13.33
 2503999.487     0.937500       886389        16.00
 2514485.247     0.943750       891565        17.78
 2527068.159     0.950000       897710        20.00
 2539651.071     0.956250       903488        22.86
 2554331.135     0.962500       909941        26.67
 2566914.047     0.968750       915148        32.00
 2575302.655     0.971875       918336        35.56
 2583691.263     0.975000       921330        40.00
 2592079.871     0.978125       924165        45.71
 2602565.631     0.981250       927425        53.33
 2610954.239     0.984375       929794        64.00
 2617245.695     0.985938       931512        71.11
 2623537.151     0.987500       933002        80.00
 2629828.607     0.989062       934443        91.43
 2636120.063     0.990625       935751       106.67
 2644508.671     0.992188       937359       128.00
 2648702.975     0.992969       938032       142.22
 2654994.431     0.993750       938901       160.00
 2659188.735     0.994531       939509       182.86
 2665480.191     0.995313       940276       213.33
 2671771.647     0.996094       940967       256.00
 2675965.951     0.996484       941364       284.44
 2680160.255     0.996875       941759       320.00
 2684354.559     0.997266       942138       365.71
 2688548.863     0.997656       942434       426.67
 2692743.167     0.998047       942698       512.00
 2696937.471     0.998242       942938       568.89
 2701131.775     0.998437       943151       640.00
 2705326.079     0.998633       943321       731.43
 2709520.383     0.998828       943489       853.33
 2713714.687     0.999023       943640      1024.00
 2717908.991     0.999121       943779      1137.78
 2720006.143     0.999219       943854      1280.00
 2722103.295     0.999316       943919      1462.86
 2726297.599     0.999414       944024      1706.67
 2730491.903     0.999512       944129      2048.00
 2730491.903     0.999561       944129      2275.56
 2732589.055     0.999609       944181      2560.00
 2734686.207     0.999658       944219      2925.71
 2738880.511     0.999707       944280      3413.33
 2740977.663     0.999756       944312      4096.00
 2743074.815     0.999780       944340      4551.11
 2745171.967     0.999805       944360      5120.00
 2749366.271     0.999829       944391      5851.43
 2751463.423     0.999854       944402      6826.67
 2757754.879     0.999878       944430      8192.00
 2759852.031     0.999890       944443      9102.22
 2761949.183     0.999902       944458     10240.00
 2764046.335     0.999915       944464     11702.86
 2766143.487     0.999927       944473     13653.33
 2774532.095     0.999939       944486     16384.00
 2776629.247     0.999945       944489     18204.44
 2778726.399     0.999951       944494     20480.00
 2782920.703     0.999957       944504     23405.71
 2785017.855     0.999963       944510     27306.67
 2787115.007     0.999969       944512     32768.00
 2789212.159     0.999973       944519     36408.89
 2789212.159     0.999976       944519     40960.00
 2791309.311     0.999979       944524     46811.43
 2791309.311     0.999982       944524     54613.33
 2793406.463     0.999985       944532     65536.00
 2793406.463     0.999986       944532     72817.78
 2793406.463     0.999988       944532     81920.00
 2793406.463     0.999989       944532     93622.86
 2793406.463     0.999991       944532    109226.67
 2795503.615     0.999992       944534    131072.00
 2795503.615     0.999993       944534    145635.56
 2797600.767     0.999994       944536    163840.00
 2797600.767     0.999995       944536    187245.71
 2797600.767     0.999995       944536    218453.33
 2801795.071     0.999996       944537    262144.00
 2801795.071     0.999997       944537    291271.11
 2803892.223     0.999997       944538    327680.00
 2803892.223     0.999997       944538    374491.43
 2803892.223     0.999998       944538    436906.67
 2808086.527     0.999998       944540    524288.00
 2808086.527     1.000000       944540          inf
#[Mean    =  1329345.573, StdDeviation   =   783140.586]
#[Max     =  2805989.376, Total count    =       944540]
#[Buckets =           27, SubBuckets     =         2048]
----------------------------------------------------------
  948044 requests in 60.00m, 192.56MB read
  Socket errors: connect 0, read 446, write 6061, timeout 1075021
  Non-2xx or 3xx responses: 137775
Requests/sec:    263.34
Transfer/sec:     54.77KB
