Running 30m test @ http://13.87.64.224:60
  2 threads and 1000 connections
  Thread calibration: mean lat.: 16.691ms, rate sampling interval: 62ms
  Thread calibration: mean lat.: 16.515ms, rate sampling interval: 61ms
  Thread Stats   Avg      Stdev     99%   +/- Stdev
    Latency     3.51s     3.13s   12.79s    73.48%
    Req/Sec     0.99k   247.81     1.62k    85.24%
  Latency Distribution (HdrHistogram - Recorded Latency)
 50.000%    2.98s 
 75.000%    5.12s 
 90.000%    7.23s 
 99.000%   12.79s 
 99.900%   28.31s 
 99.990%   35.42s 
 99.999%   39.16s 
100.000%   43.06s 

  Detailed Percentile spectrum:
       Value   Percentile   TotalCount 1/(1-Percentile)

       0.159     0.000000            1         1.00
     160.767     0.100000       352099         1.11
     832.511     0.200000       704136         1.25
    1529.855     0.300000      1056407         1.43
    2244.607     0.400000      1408673         1.67
    2981.887     0.500000      1760636         2.00
    3364.863     0.550000      1937171         2.22
    3760.127     0.600000      2112983         2.50
    4177.919     0.650000      2289025         2.86
    4624.383     0.700000      2464707         3.33
    5119.999     0.750000      2641270         4.00
    5390.335     0.775000      2728964         4.44
    5681.151     0.800000      2816871         5.00
    6000.639     0.825000      2905146         5.71
    6352.895     0.850000      2992497         6.67
    6758.399     0.875000      3081048         8.00
    6983.679     0.887500      3124840         8.89
    7229.439     0.900000      3168724        10.00
    7507.967     0.912500      3212747        11.43
    7823.359     0.925000      3256900        13.33
    8191.999     0.937500      3300902        16.00
    8404.991     0.943750      3323202        17.78
    8634.367     0.950000      3344842        20.00
    8896.511     0.956250      3366465        22.86
    9215.999     0.962500      3388831        26.67
    9592.831     0.968750      3410815        32.00
    9814.015     0.971875      3421750        35.56
   10067.967     0.975000      3432574        40.00
   10371.071     0.978125      3443703        45.71
   10739.711     0.981250      3454567        53.33
   11214.847     0.984375      3465490        64.00
   11517.951     0.985938      3471002        71.11
   11902.975     0.987500      3476549        80.00
   12402.687     0.989062      3482066        91.43
   13082.623     0.990625      3487528       106.67
   14204.927     0.992188      3492992       128.00
   15089.663     0.992969      3495746       142.22
   16179.199     0.993750      3498483       160.00
   17432.575     0.994531      3501246       182.86
   18825.215     0.995313      3504004       213.33
   20365.311     0.996094      3506753       256.00
   21184.511     0.996484      3508132       284.44
   22052.863     0.996875      3509499       320.00
   23003.135     0.997266      3510866       365.71
   23986.175     0.997656      3512235       426.67
   25051.135     0.998047      3513617       512.00
   25657.343     0.998242      3514299       568.89
   26263.551     0.998437      3514999       640.00
   26918.911     0.998633      3515685       731.43
   27607.039     0.998828      3516366       853.33
   28393.471     0.999023      3517046      1024.00
   28786.687     0.999121      3517390      1137.78
   29294.591     0.999219      3517736      1280.00
   29868.031     0.999316      3518091      1462.86
   30343.167     0.999414      3518428      1706.67
   30949.375     0.999512      3518764      2048.00
   31342.591     0.999561      3518939      2275.56
   31752.191     0.999609      3519111      2560.00
   32227.327     0.999658      3519284      2925.71
   32718.847     0.999707      3519456      3413.33
   33210.367     0.999756      3519624      4096.00
   33505.279     0.999780      3519709      4551.11
   33783.807     0.999805      3519794      5120.00
   34177.023     0.999829      3519882      5851.43
   34603.007     0.999854      3519966      6826.67
   34996.223     0.999878      3520056      8192.00
   35192.831     0.999890      3520095      9102.22
   35454.975     0.999902      3520145     10240.00
   35717.119     0.999915      3520190     11702.86
   36012.031     0.999927      3520225     13653.33
   36470.783     0.999939      3520270     16384.00
   36667.391     0.999945      3520291     18204.44
   36929.535     0.999951      3520311     20480.00
   37126.143     0.999957      3520333     23405.71
   37388.287     0.999963      3520357     27306.67
   37486.591     0.999969      3520377     32768.00
   37617.663     0.999973      3520389     36408.89
   37748.735     0.999976      3520401     40960.00
   37814.271     0.999979      3520407     46811.43
   38010.879     0.999982      3520417     54613.33
   38436.863     0.999985      3520431     65536.00
   38535.167     0.999986      3520433     72817.78
   38928.383     0.999988      3520439     81920.00
   39092.223     0.999989      3520444     93622.86
   39321.599     0.999991      3520449    109226.67
   39780.351     0.999992      3520455    131072.00
   39944.191     0.999993      3520457    145635.56
   40140.799     0.999994      3520460    163840.00
   40271.871     0.999995      3520463    187245.71
   40566.783     0.999995      3520465    218453.33
   40927.231     0.999996      3520468    262144.00
   41091.071     0.999997      3520469    291271.11
   41582.591     0.999997      3520471    327680.00
   41844.735     0.999997      3520472    374491.43
   42074.111     0.999998      3520473    436906.67
   42336.255     0.999998      3520475    524288.00
   42336.255     0.999998      3520475    582542.22
   42762.239     0.999998      3520476    655360.00
   42860.543     0.999999      3520478    748982.86
   42860.543     0.999999      3520478    873813.33
   42860.543     0.999999      3520478   1048576.00
   42860.543     0.999999      3520478   1165084.44
   42893.311     0.999999      3520479   1310720.00
   42893.311     0.999999      3520479   1497965.71
   42893.311     0.999999      3520479   1747626.67
   43024.383     1.000000      3520480   2097152.00
   43024.383     1.000000      3520480   2330168.89
   43024.383     1.000000      3520480   2621440.00
   43024.383     1.000000      3520480   2995931.43
   43024.383     1.000000      3520480   3495253.33
   43057.151     1.000000      3520481   4194304.00
   43057.151     1.000000      3520481          inf
#[Mean    =     3512.620, StdDeviation   =     3129.009]
#[Max     =    43024.384, Total count    =      3520481]
#[Buckets =           27, SubBuckets     =         2048]
----------------------------------------------------------
  3539245 requests in 30.00m, 1.61GB read
  Socket errors: connect 0, read 2037, write 10186, timeout 16232
  Non-2xx or 3xx responses: 1
Requests/sec:   1966.25
Transfer/sec:      0.92MB
