Running 30m test @ http://20.117.97.211:60/wrk2-api/post/compose
  2 threads and 1000 connections
  Thread calibration: mean lat.: 579.720ms, rate sampling interval: 2807ms
  Thread calibration: mean lat.: 552.701ms, rate sampling interval: 2236ms
  Thread Stats   Avg      Stdev     99%   +/- Stdev
    Latency     4.89m     3.05m   11.22m    59.63%
    Req/Sec   327.94     28.99   383.00     74.27%
  Latency Distribution (HdrHistogram - Recorded Latency)
 50.000%    4.68m 
 75.000%    7.37m 
 90.000%    9.18m 
 99.000%   11.22m 
 99.900%   12.46m 
 99.990%   13.21m 
 99.999%   13.75m 
100.000%   13.83m 

  Detailed Percentile spectrum:
       Value   Percentile   TotalCount 1/(1-Percentile)

       6.315     0.000000            1         1.00
   52297.727     0.100000       117567         1.11
  108068.863     0.200000       235095         1.25
  164102.143     0.300000       352720         1.43
  221773.823     0.400000       470361         1.67
  280756.223     0.500000       588074         2.00
  310640.639     0.550000       646546         2.22
  341311.487     0.600000       705340         2.50
  374341.631     0.650000       764374         2.86
  407633.919     0.700000       822935         3.33
  442236.927     0.750000       881819         4.00
  459276.287     0.775000       911273         4.44
  476577.791     0.800000       940394         5.00
  494141.439     0.825000       969859         5.71
  512229.375     0.850000       999072         6.67
  531103.743     0.875000      1028755         8.00
  541065.215     0.887500      1043798         8.89
  551026.687     0.900000      1058077        10.00
  562036.735     0.912500      1072879        11.43
  573571.071     0.925000      1087457        13.33
  586153.983     0.937500      1102041        16.00
  592969.727     0.943750      1109639        17.78
  599261.183     0.950000      1116521        20.00
  606601.215     0.956250      1124035        22.86
  614465.535     0.962500      1131278        26.67
  622854.143     0.968750      1138663        32.00
  627572.735     0.971875      1142307        35.56
  633339.903     0.975000      1146047        40.00
  640155.647     0.978125      1149760        45.71
  646971.391     0.981250      1153494        53.33
  654835.711     0.984375      1156978        64.00
  660078.591     0.985938      1158946        71.11
  664797.183     0.987500      1160638        80.00
  670040.063     0.989062      1162539        91.43
  675282.943     0.990625      1164406       106.67
  681574.399     0.992188      1166146       128.00
  685768.703     0.992969      1167110       142.22
  689963.007     0.993750      1168058       160.00
  694157.311     0.994531      1168950       182.86
  698875.903     0.995313      1169858       213.33
  705167.359     0.996094      1170751       256.00
  708837.375     0.996484      1171212       284.44
  712507.391     0.996875      1171644       320.00
  717750.271     0.997266      1172095       365.71
  723517.439     0.997656      1172576       426.67
  728236.031     0.998047      1172993       512.00
  731906.047     0.998242      1173253       568.89
  735051.775     0.998437      1173452       640.00
  739246.079     0.998633      1173698       731.43
  744488.959     0.998828      1173937       853.33
  748158.975     0.999023      1174147      1024.00
  750256.127     0.999121      1174255      1137.78
  753926.143     0.999219      1174372      1280.00
  756547.583     0.999316      1174482      1462.86
  759693.311     0.999414      1174617      1706.67
  762839.039     0.999512      1174713      2048.00
  765460.479     0.999561      1174771      2275.56
  769130.495     0.999609      1174834      2560.00
  771227.647     0.999658      1174893      2925.71
  773849.087     0.999707      1174949      3413.33
  777519.103     0.999756      1174999      4096.00
  780140.543     0.999780      1175030      4551.11
  783286.271     0.999805      1175058      5120.00
  786431.999     0.999829      1175092      5851.43
  788529.151     0.999854      1175113      6826.67
  790102.015     0.999878      1175147      8192.00
  791150.591     0.999890      1175158      9102.22
  793247.743     0.999902      1175172     10240.00
  795344.895     0.999915      1175186     11702.86
  797442.047     0.999927      1175202     13653.33
  800063.487     0.999939      1175217     16384.00
  803209.215     0.999945      1175222     18204.44
  804257.791     0.999951      1175228     20480.00
  806354.943     0.999957      1175239     23405.71
  806879.231     0.999963      1175243     27306.67
  807927.807     0.999969      1175250     32768.00
  808452.095     0.999973      1175256     36408.89
  808976.383     0.999976      1175258     40960.00
  810024.959     0.999979      1175260     46811.43
  815267.839     0.999982      1175264     54613.33
  823132.159     0.999985      1175270     65536.00
  823132.159     0.999986      1175270     72817.78
  824180.735     0.999988      1175271     81920.00
  825229.311     0.999989      1175275     93622.86
  825229.311     0.999991      1175275    109226.67
  827850.751     0.999992      1175277    131072.00
  827850.751     0.999993      1175277    145635.56
  828375.039     0.999994      1175278    163840.00
  828899.327     0.999995      1175280    187245.71
  828899.327     0.999995      1175280    218453.33
  829423.615     0.999996      1175281    262144.00
  829423.615     0.999997      1175281    291271.11
  829947.903     0.999997      1175285    327680.00
  829947.903     1.000000      1175285          inf
#[Mean    =   293304.178, StdDeviation   =   183155.952]
#[Max     =   829423.616, Total count    =      1175285]
#[Buckets =           27, SubBuckets     =         2048]
----------------------------------------------------------
  1181824 requests in 30.00m, 237.38MB read
  Socket errors: connect 0, read 434, write 44960, timeout 122005
  Non-2xx or 3xx responses: 113702
Requests/sec:    656.57
Transfer/sec:    135.04KB
