Running 30m test @ http://20.117.97.211:60/wrk2-api/home-timeline/read
  2 threads and 1000 connections
  Thread calibration: mean lat.: 10.644ms, rate sampling interval: 37ms
  Thread calibration: mean lat.: 10.504ms, rate sampling interval: 36ms
  Thread Stats   Avg      Stdev     99%   +/- Stdev
    Latency     1.54m     1.10m    4.11m    60.87%
    Req/Sec   454.09    148.99     0.86k    70.40%
  Latency Distribution (HdrHistogram - Recorded Latency)
 50.000%    1.48m 
 75.000%    2.37m 
 90.000%    3.05m 
 99.000%    4.11m 
 99.900%    4.88m 
 99.990%    5.37m 
 99.999%    5.67m 
100.000%    5.77m 

  Detailed Percentile spectrum:
       Value   Percentile   TotalCount 1/(1-Percentile)

       0.275     0.000000            1         1.00
    4886.527     0.100000       159442         1.11
   24346.623     0.200000       318999         1.25
   45776.895     0.300000       478427         1.43
   67371.007     0.400000       637782         1.67
   88866.815     0.500000       797349         2.00
   99221.503     0.550000       877387         2.22
  109379.583     0.600000       957105         2.50
  119865.343     0.650000      1036730         2.86
  130547.711     0.700000      1116493         3.33
  142082.047     0.750000      1195903         4.00
  147980.287     0.775000      1235714         4.44
  153747.455     0.800000      1275749         5.00
  160169.983     0.825000      1316056         5.71
  166985.727     0.850000      1355615         6.67
  174325.759     0.875000      1395161         8.00
  178388.991     0.887500      1415512         8.89
  182845.439     0.900000      1435313        10.00
  187957.247     0.912500      1455168        11.43
  193462.271     0.925000      1475264        13.33
  199622.655     0.937500      1495086        16.00
  202899.455     0.943750      1504948        17.78
  206438.399     0.950000      1514733        20.00
  210632.703     0.956250      1524878        22.86
  215220.223     0.962500      1534776        26.67
  220332.031     0.968750      1544713        32.00
  223215.615     0.971875      1549729        35.56
  226230.271     0.975000      1554625        40.00
  229507.071     0.978125      1559557        45.71
  233308.159     0.981250      1564535        53.33
  237633.535     0.984375      1569494        64.00
  239992.831     0.985938      1572087        71.11
  242352.127     0.987500      1574525        80.00
  244973.567     0.989062      1577021        91.43
  247857.151     0.990625      1579480       106.67
  251527.167     0.992188      1581993       128.00
  253493.247     0.992969      1583227       142.22
  255852.543     0.993750      1584438       160.00
  258736.127     0.994531      1585734       182.86
  261750.783     0.995313      1586946       213.33
  265420.799     0.996094      1588182       256.00
  267649.023     0.996484      1588825       284.44
  270008.319     0.996875      1589448       320.00
  272891.903     0.997266      1590113       365.71
  274989.055     0.997656      1590672       426.67
  278921.215     0.998047      1591307       512.00
  281804.799     0.998242      1591624       568.89
  284688.383     0.998437      1591923       640.00
  287571.967     0.998633      1592226       731.43
  290717.695     0.998828      1592556       853.33
  293076.991     0.999023      1592869      1024.00
  294387.711     0.999121      1593004      1137.78
  296222.719     0.999219      1593157      1280.00
  298582.015     0.999316      1593308      1462.86
  301727.743     0.999414      1593481      1706.67
  303824.895     0.999512      1593644      2048.00
  304611.327     0.999561      1593699      2275.56
  306184.191     0.999609      1593791      2560.00
  307232.767     0.999658      1593866      2925.71
  308281.343     0.999707      1593933      3413.33
  310116.351     0.999756      1594008      4096.00
  311427.071     0.999780      1594047      4551.11
  313524.223     0.999805      1594086      5120.00
  315883.519     0.999829      1594129      5851.43
  317718.527     0.999854      1594166      6826.67
  319815.679     0.999878      1594204      8192.00
  320864.255     0.999890      1594223      9102.22
  322174.975     0.999902      1594244     10240.00
  323485.695     0.999915      1594261     11702.86
  326107.135     0.999927      1594281     13653.33
  328204.287     0.999939      1594303     16384.00
  329252.863     0.999945      1594310     18204.44
  331087.871     0.999951      1594321     20480.00
  332660.735     0.999957      1594330     23405.71
  334757.887     0.999963      1594339     27306.67
  335806.463     0.999969      1594349     32768.00
  336330.751     0.999973      1594356     36408.89
  336855.039     0.999976      1594360     40960.00
  337379.327     0.999979      1594363     46811.43
  338165.759     0.999982      1594368     54613.33
  339214.335     0.999985      1594374     65536.00
  339738.623     0.999986      1594377     72817.78
  340000.767     0.999988      1594380     81920.00
  340000.767     0.999989      1594380     93622.86
  340262.911     0.999991      1594383    109226.67
  341311.487     0.999992      1594386    131072.00
  341573.631     0.999993      1594387    145635.56
  342097.919     0.999994      1594388    163840.00
  342360.063     0.999995      1594390    187245.71
  342360.063     0.999995      1594390    218453.33
  343146.495     0.999996      1594391    262144.00
  344195.071     0.999997      1594393    291271.11
  344195.071     0.999997      1594393    327680.00
  344195.071     0.999997      1594393    374491.43
  344981.503     0.999998      1594394    436906.67
  344981.503     0.999998      1594394    524288.00
  345505.791     0.999998      1594395    582542.22
  345505.791     0.999998      1594395    655360.00
  345505.791     0.999999      1594395    748982.86
  346030.079     0.999999      1594396    873813.33
  346030.079     0.999999      1594396   1048576.00
  346030.079     0.999999      1594396   1165084.44
  346030.079     0.999999      1594396   1310720.00
  346030.079     0.999999      1594396   1497965.71
  346292.223     0.999999      1594397   1747626.67
  346292.223     1.000000      1594397          inf
#[Mean    =    92589.600, StdDeviation   =    65984.440]
#[Max     =   346030.080, Total count    =      1594397]
#[Buckets =           27, SubBuckets     =         2048]
----------------------------------------------------------
  1603850 requests in 30.00m, 21.66GB read
  Socket errors: connect 0, read 4151, write 190013, timeout 122019
  Non-2xx or 3xx responses: 251
Requests/sec:    891.02
Transfer/sec:     12.32MB
