Running 60m test @ http://51.140.52.151:60
  2 threads and 1000 connections
  Thread calibration: mean lat.: 872.917ms, rate sampling interval: 3719ms
  Thread calibration: mean lat.: 879.286ms, rate sampling interval: 3803ms
  Thread Stats   Avg      Stdev     99%   +/- Stdev
    Latency    44.27s    18.47s    1.51m    69.67%
    Req/Sec     0.99k    42.56     1.07k    77.10%
  Latency Distribution (HdrHistogram - Recorded Latency)
 50.000%   43.97s 
 75.000%    0.93m 
 90.000%    1.13m 
 99.000%    1.51m 
 99.900%    1.88m 
 99.990%    2.06m 
 99.999%    2.13m 
100.000%    2.19m 

  Detailed Percentile spectrum:
       Value   Percentile   TotalCount 1/(1-Percentile)

       3.297     0.000000            1         1.00
   21086.207     0.100000       708065         1.11
   29294.591     0.200000      1415185         1.25
   35028.991     0.300000      2126695         1.43
   39714.815     0.400000      2835104         1.67
   43974.655     0.500000      3537722         2.00
   46104.575     0.550000      3893657         2.22
   48300.031     0.600000      4248076         2.50
   50626.559     0.650000      4599329         2.86
   53182.463     0.700000      4956268         3.33
   56000.511     0.750000      5309844         4.00
   57540.607     0.775000      5483904         4.44
   59211.775     0.800000      5661645         5.00
   61014.015     0.825000      5838743         5.71
   62980.095     0.850000      6016678         6.67
   65175.551     0.875000      6192830         8.00
   66420.735     0.887500      6281374         8.89
   67764.223     0.900000      6369684        10.00
   69206.015     0.912500      6456421        11.43
   70844.415     0.925000      6545986        13.33
   72679.423     0.937500      6633298        16.00
   73727.999     0.943750      6677456        17.78
   74907.647     0.950000      6722510        20.00
   76218.367     0.956250      6767271        22.86
   77660.159     0.962500      6811467        26.67
   79364.095     0.968750      6855566        32.00
   80347.135     0.971875      6877384        35.56
   81395.711     0.975000      6899081        40.00
   82640.895     0.978125      6921123        45.71
   84082.687     0.981250      6943140        53.33
   85786.623     0.984375      6964953        64.00
   86835.199     0.985938      6976193        71.11
   88014.847     0.987500      6987373        80.00
   89325.567     0.989062      6998091        91.43
   91029.503     0.990625      7009235       106.67
   93192.191     0.992188      7020218       128.00
   94568.447     0.992969      7025794       142.22
   96075.775     0.993750      7031224       160.00
   97648.639     0.994531      7036888       182.86
   99418.111     0.995313      7042268       213.33
  101384.191     0.996094      7047836       256.00
  102498.303     0.996484      7050541       284.44
  103612.415     0.996875      7053375       320.00
  104857.599     0.997266      7056173       365.71
  106233.855     0.997656      7058950       426.67
  107806.719     0.998047      7061703       512.00
  108658.687     0.998242      7063056       568.89
  109510.655     0.998437      7064408       640.00
  110428.159     0.998633      7065779       731.43
  111542.271     0.998828      7067150       853.33
  112787.455     0.999023      7068572      1024.00
  113442.815     0.999121      7069237      1137.78
  114163.711     0.999219      7069913      1280.00
  114950.143     0.999316      7070594      1462.86
  115802.111     0.999414      7071312      1706.67
  116719.615     0.999512      7071975      2048.00
  117309.439     0.999561      7072309      2275.56
  117964.799     0.999609      7072674      2560.00
  118685.695     0.999658      7073030      2925.71
  119406.591     0.999707      7073364      3413.33
  120324.095     0.999756      7073704      4096.00
  120782.847     0.999780      7073863      4551.11
  121372.671     0.999805      7074049      5120.00
  121896.959     0.999829      7074208      5851.43
  122421.247     0.999854      7074397      6826.67
  122945.535     0.999878      7074572      8192.00
  123273.215     0.999890      7074647      9102.22
  123600.895     0.999902      7074733     10240.00
  123928.575     0.999915      7074815     11702.86
  124256.255     0.999927      7074908     13653.33
  124518.399     0.999939      7074991     16384.00
  124715.007     0.999945      7075041     18204.44
  124846.079     0.999951      7075075     20480.00
  125042.687     0.999957      7075124     23405.71
  125304.831     0.999963      7075162     27306.67
  125632.511     0.999969      7075200     32768.00
  125829.119     0.999973      7075223     36408.89
  126091.263     0.999976      7075243     40960.00
  126353.407     0.999979      7075269     46811.43
  126550.015     0.999982      7075288     54613.33
  127008.767     0.999985      7075314     65536.00
  127074.303     0.999986      7075318     72817.78
  127336.447     0.999988      7075330     81920.00
  127533.055     0.999989      7075340     93622.86
  127664.127     0.999991      7075352    109226.67
  127795.199     0.999992      7075363    131072.00
  127926.271     0.999993      7075368    145635.56
  127991.807     0.999994      7075372    163840.00
  128253.951     0.999995      7075379    187245.71
  128516.095     0.999995      7075385    218453.33
  128843.775     0.999996      7075390    262144.00
  128909.311     0.999997      7075394    291271.11
  128909.311     0.999997      7075394    327680.00
  129105.919     0.999997      7075398    374491.43
  129236.991     0.999998      7075402    436906.67
  129236.991     0.999998      7075402    524288.00
  129302.527     0.999998      7075404    582542.22
  129433.599     0.999998      7075405    655360.00
  129695.743     0.999999      7075406    748982.86
  129826.815     0.999999      7075407    873813.33
  130220.031     0.999999      7075410   1048576.00
  130220.031     0.999999      7075410   1165084.44
  130220.031     0.999999      7075410   1310720.00
  130482.175     0.999999      7075411   1497965.71
  130482.175     0.999999      7075411   1747626.67
  130875.391     1.000000      7075413   2097152.00
  130875.391     1.000000      7075413   2330168.89
  130875.391     1.000000      7075413   2621440.00
  130875.391     1.000000      7075413   2995931.43
  130875.391     1.000000      7075413   3495253.33
  131268.607     1.000000      7075415   4194304.00
  131268.607     1.000000      7075415          inf
#[Mean    =    44265.487, StdDeviation   =    18471.981]
#[Max     =   131203.072, Total count    =      7075415]
#[Buckets =           27, SubBuckets     =         2048]
----------------------------------------------------------
  7091524 requests in 60.00m, 3.20GB read
  Socket errors: connect 0, read 31, write 497, timeout 32799
  Non-2xx or 3xx responses: 222941
Requests/sec:   1969.87
Transfer/sec:      0.91MB
