Running 60m test @ http://51.140.50.174:60/wrk2-api/home-timeline/read
  2 threads and 1000 connections
  Thread calibration: mean lat.: 2984.030ms, rate sampling interval: 11804ms
  Thread calibration: mean lat.: 2972.313ms, rate sampling interval: 11886ms
  Thread Stats   Avg      Stdev     99%   +/- Stdev
    Latency    20.27m    12.66m   48.37m    72.88%
    Req/Sec   106.15     62.94   330.00     79.01%
  Latency Distribution (HdrHistogram - Recorded Latency)
 50.000%   16.11m 
 75.000%   30.18m 
 90.000%   40.16m 
 99.000%   48.37m 
 99.900%   51.35m 
 99.990%   53.02m 
 99.999%   53.62m 
100.000%   53.83m 

  Detailed Percentile spectrum:
       Value   Percentile   TotalCount 1/(1-Percentile)

    2955.263     0.000000            1         1.00
  478937.087     0.100000        76765         1.11
  510918.655     0.200000       153394         1.25
  616562.687     0.300000       229651         1.43
  737673.215     0.400000       306451         1.67
  966787.071     0.500000       382781         2.00
 1142947.839     0.550000       421093         2.22
 1310719.999     0.600000       459438         2.50
 1482686.463     0.650000       497792         2.86
 1645215.743     0.700000       535881         3.33
 1810890.751     0.750000       574178         4.00
 1902116.863     0.775000       593289         4.44
 1996488.703     0.800000       612549         5.00
 2094006.271     0.825000       631631         5.71
 2195718.143     0.850000       650741         6.67
 2300575.743     0.875000       669891         8.00
 2355101.695     0.887500       679562         8.89
 2409627.647     0.900000       689154        10.00
 2462056.447     0.912500       698521        11.43
 2516582.399     0.925000       708098        13.33
 2575302.655     0.937500       717914        16.00
 2604662.783     0.943750       722570        17.78
 2636120.063     0.950000       727489        20.00
 2667577.343     0.956250       732120        22.86
 2701131.775     0.962500       736843        26.67
 2736783.359     0.968750       741628        32.00
 2755657.727     0.971875       744036        35.56
 2776629.247     0.975000       746519        40.00
 2797600.767     0.978125       748860        45.71
 2820669.439     0.981250       751222        53.33
 2845835.263     0.984375       753608        64.00
 2858418.175     0.985938       754690        71.11
 2875195.391     0.987500       755987        80.00
 2891972.607     0.989062       757183        91.43
 2908749.823     0.990625       758292       106.67
 2929721.343     0.992188       759565       128.00
 2940207.103     0.992969       760173       142.22
 2950692.863     0.993750       760728       160.00
 2961178.623     0.994531       761259       182.86
 2975858.687     0.995313       761913       213.33
 2990538.751     0.996094       762488       256.00
 2998927.359     0.996484       762801       284.44
 3007315.967     0.996875       763108       320.00
 3015704.575     0.997266       763376       365.71
 3026190.335     0.997656       763668       426.67
 3036676.095     0.998047       763950       512.00
 3042967.551     0.998242       764102       568.89
 3051356.159     0.998437       764267       640.00
 3059744.767     0.998633       764404       731.43
 3070230.527     0.998828       764561       853.33
 3080716.287     0.999023       764708      1024.00
 3087007.743     0.999121       764794      1137.78
 3093299.199     0.999219       764873      1280.00
 3099590.655     0.999316       764940      1462.86
 3105882.111     0.999414       765012      1706.67
 3114270.719     0.999512       765081      2048.00
 3118465.023     0.999561       765109      2275.56
 3124756.479     0.999609       765155      2560.00
 3131047.935     0.999658       765193      2925.71
 3137339.391     0.999707       765229      3413.33
 3145727.999     0.999756       765262      4096.00
 3149922.303     0.999780       765279      4551.11
 3154116.607     0.999805       765296      5120.00
 3160408.063     0.999829       765316      5851.43
 3166699.519     0.999854       765334      6826.67
 3175088.127     0.999878       765353      8192.00
 3177185.279     0.999890       765362      9102.22
 3181379.583     0.999902       765378     10240.00
 3183476.735     0.999915       765383     11702.86
 3187671.039     0.999927       765391     13653.33
 3191865.343     0.999939       765399     16384.00
 3193962.495     0.999945       765403     18204.44
 3196059.647     0.999951       765408     20480.00
 3198156.799     0.999957       765414     23405.71
 3200253.951     0.999963       765417     27306.67
 3202351.103     0.999969       765423     32768.00
 3204448.255     0.999973       765430     36408.89
 3204448.255     0.999976       765430     40960.00
 3204448.255     0.999979       765430     46811.43
 3208642.559     0.999982       765433     54613.33
 3212836.863     0.999985       765434     65536.00
 3214934.015     0.999986       765436     72817.78
 3214934.015     0.999988       765436     81920.00
 3217031.167     0.999989       765438     93622.86
 3217031.167     0.999991       765438    109226.67
 3219128.319     0.999992       765440    131072.00
 3219128.319     0.999993       765440    145635.56
 3221225.471     0.999994       765442    163840.00
 3221225.471     0.999995       765442    187245.71
 3221225.471     0.999995       765442    218453.33
 3223322.623     0.999996       765443    262144.00
 3223322.623     0.999997       765443    291271.11
 3223322.623     0.999997       765443    327680.00
 3223322.623     0.999997       765443    374491.43
 3227516.927     0.999998       765444    436906.67
 3227516.927     0.999998       765444    524288.00
 3227516.927     0.999998       765444    582542.22
 3227516.927     0.999998       765444    655360.00
 3227516.927     0.999999       765444    748982.86
 3229614.079     0.999999       765445    873813.33
 3229614.079     1.000000       765445          inf
#[Mean    =  1216317.485, StdDeviation   =   759727.294]
#[Max     =  3227516.928, Total count    =       765445]
#[Buckets =           27, SubBuckets     =         2048]
----------------------------------------------------------
  767608 requests in 60.00m, 6.69GB read
  Socket errors: connect 0, read 22395, write 122095, timeout 283493
  Non-2xx or 3xx responses: 225730
Requests/sec:    213.22
Transfer/sec:      1.90MB
