Running 30m test @ http://20.117.66.236:60/wrk2-api/home-timeline/read
  2 threads and 1000 connections
  Thread calibration: mean lat.: 813.548ms, rate sampling interval: 4288ms
  Thread calibration: mean lat.: 817.225ms, rate sampling interval: 4202ms
  Thread Stats   Avg      Stdev     99%   +/- Stdev
    Latency    11.46m     6.68m   22.91m    57.78%
    Req/Sec   114.39     10.04   140.00     80.29%
  Latency Distribution (HdrHistogram - Recorded Latency)
 50.000%   11.48m 
 75.000%   17.21m 
 90.000%   20.69m 
 99.000%   22.91m 
 99.900%   23.56m 
 99.990%   23.99m 
 99.999%   24.19m 
100.000%   24.34m 

  Detailed Percentile spectrum:
       Value   Percentile   TotalCount 1/(1-Percentile)

     419.839     0.000000            1         1.00
  131858.431     0.100000        41120         1.11
  270008.319     0.200000        82292         1.25
  409206.783     0.300000       123419         1.43
  550502.399     0.400000       164560         1.67
  688914.431     0.500000       205669         2.00
  758644.735     0.550000       226241         2.22
  828375.039     0.600000       246721         2.50
  897056.767     0.650000       267352         2.86
  964689.919     0.700000       287945         3.33
 1032847.359     0.750000       308389         4.00
 1067450.367     0.775000       318716         4.44
 1103101.951     0.800000       329065         5.00
 1137704.959     0.825000       339495         5.71
 1172307.967     0.850000       349741         6.67
 1206910.975     0.875000       359971         8.00
 1224736.767     0.887500       365151         8.89
 1241513.983     0.900000       370109        10.00
 1259339.775     0.912500       375421        11.43
 1276116.991     0.925000       380365        13.33
 1293942.783     0.937500       385581        16.00
 1303379.967     0.943750       388343        17.78
 1311768.575     0.950000       390785        20.00
 1320157.183     0.956250       393194        22.86
 1329594.367     0.962500       395959        26.67
 1337982.975     0.968750       398357        32.00
 1343225.855     0.971875       399810        35.56
 1347420.159     0.975000       400963        40.00
 1352663.039     0.978125       402365        45.71
 1357905.919     0.981250       403623        53.33
 1363148.799     0.984375       404832        64.00
 1366294.527     0.985938       405535        71.11
 1369440.255     0.987500       406181        80.00
 1372585.983     0.989062       406786        91.43
 1375731.711     0.990625       407340       106.67
 1379926.015     0.992188       408008       128.00
 1382023.167     0.992969       408328       142.22
 1384120.319     0.993750       408613       160.00
 1387266.047     0.994531       408964       182.86
 1390411.775     0.995313       409325       213.33
 1393557.503     0.996094       409609       256.00
 1395654.655     0.996484       409788       284.44
 1397751.807     0.996875       409965       320.00
 1398800.383     0.997266       410040       365.71
 1401946.111     0.997656       410262       426.67
 1404043.263     0.998047       410391       512.00
 1405091.839     0.998242       410443       568.89
 1407188.991     0.998437       410549       640.00
 1409286.143     0.998633       410643       731.43
 1411383.295     0.998828       410700       853.33
 1413480.447     0.999023       410771      1024.00
 1414529.023     0.999121       410812      1137.78
 1416626.175     0.999219       410852      1280.00
 1417674.751     0.999316       410881      1462.86
 1420820.479     0.999414       410936      1706.67
 1422917.631     0.999512       410974      2048.00
 1423966.207     0.999561       410997      2275.56
 1425014.783     0.999609       411014      2560.00
 1426063.359     0.999658       411035      2925.71
 1427111.935     0.999707       411046      3413.33
 1429209.087     0.999756       411068      4096.00
 1430257.663     0.999780       411076      4551.11
 1431306.239     0.999805       411084      5120.00
 1433403.391     0.999829       411095      5851.43
 1434451.967     0.999854       411105      6826.67
 1436549.119     0.999878       411111      8192.00
 1438646.271     0.999890       411119      9102.22
 1440743.423     0.999902       411122     10240.00
 1441791.999     0.999915       411129     11702.86
 1442840.575     0.999927       411134     13653.33
 1443889.151     0.999939       411136     16384.00
 1444937.727     0.999945       411139     18204.44
 1445986.303     0.999951       411142     20480.00
 1447034.879     0.999957       411147     23405.71
 1447034.879     0.999963       411147     27306.67
 1448083.455     0.999969       411153     32768.00
 1448083.455     0.999973       411153     36408.89
 1448083.455     0.999976       411153     40960.00
 1448083.455     0.999979       411153     46811.43
 1449132.031     0.999982       411154     54613.33
 1450180.607     0.999985       411155     65536.00
 1451229.183     0.999986       411157     72817.78
 1451229.183     0.999988       411157     81920.00
 1451229.183     0.999989       411157     93622.86
 1457520.639     0.999991       411158    109226.67
 1457520.639     0.999992       411158    131072.00
 1459617.791     0.999993       411160    145635.56
 1459617.791     0.999994       411160    163840.00
 1459617.791     0.999995       411160    187245.71
 1459617.791     0.999995       411160    218453.33
 1459617.791     0.999996       411160    262144.00
 1459617.791     0.999997       411160    291271.11
 1459617.791     0.999997       411160    327680.00
 1459617.791     0.999997       411160    374491.43
 1460666.367     0.999998       411161    436906.67
 1460666.367     1.000000       411161          inf
#[Mean    =   687523.916, StdDeviation   =   400770.704]
#[Max     =  1459617.792, Total count    =       411161]
#[Buckets =           27, SubBuckets     =         2048]
----------------------------------------------------------
  417679 requests in 30.00m, 5.54GB read
  Socket errors: connect 0, read 9274, write 16080, timeout 121606
  Non-2xx or 3xx responses: 149
Requests/sec:    232.04
Transfer/sec:      3.15MB
