Running 30m test @ http://20.117.66.236:60/wrk2-api/post/compose
  2 threads and 1000 connections
  Thread calibration: mean lat.: 2540.731ms, rate sampling interval: 12124ms
  Thread calibration: mean lat.: 2506.954ms, rate sampling interval: 12165ms
  Thread Stats   Avg      Stdev     99%   +/- Stdev
    Latency    12.31m     7.20m   25.06m    58.27%
    Req/Sec    72.24      5.86    84.00     80.61%
  Latency Distribution (HdrHistogram - Recorded Latency)
 50.000%   12.27m 
 75.000%   18.30m 
 90.000%   22.49m 
 99.000%   25.06m 
 99.900%   25.81m 
 99.990%   26.20m 
 99.999%   26.37m 
100.000%   26.44m 

  Detailed Percentile spectrum:
       Value   Percentile   TotalCount 1/(1-Percentile)

    1298.431     0.000000            1         1.00
  146800.639     0.100000        26033         1.11
  290717.695     0.200000        52042         1.25
  434634.751     0.300000        78079         1.43
  584056.831     0.400000       104126         1.67
  736100.351     0.500000       130083         2.00
  811597.823     0.550000       143128         2.22
  883949.567     0.600000       156147         2.50
  951582.719     0.650000       169113         2.86
 1021313.023     0.700000       182140         3.33
 1097859.071     0.750000       195125         4.00
 1139802.111     0.775000       201623         4.44
 1181745.151     0.800000       208144         5.00
 1225785.343     0.825000       214642         5.71
 1269825.535     0.850000       221225         6.67
 1311768.575     0.875000       227762         8.00
 1331691.519     0.887500       231054         8.89
 1349517.311     0.900000       234182        10.00
 1368391.679     0.912500       237449        11.43
 1387266.047     0.925000       240796        13.33
 1405091.839     0.937500       244045        16.00
 1414529.023     0.943750       245704        17.78
 1423966.207     0.950000       247258        20.00
 1433403.391     0.956250       248847        22.86
 1443889.151     0.962500       250420        26.67
 1455423.487     0.968750       252090        32.00
 1461714.943     0.971875       252943        35.56
 1468006.399     0.975000       253744        40.00
 1474297.855     0.978125       254514        45.71
 1480589.311     0.981250       255284        53.33
 1487929.343     0.984375       256093        64.00
 1492123.647     0.985938       256504        71.11
 1496317.951     0.987500       256892        80.00
 1501560.831     0.989062       257364        91.43
 1505755.135     0.990625       257714       106.67
 1512046.591     0.992188       258188       128.00
 1514143.743     0.992969       258319       142.22
 1517289.471     0.993750       258543       160.00
 1520435.199     0.994531       258738       182.86
 1523580.927     0.995313       258941       213.33
 1528823.807     0.996094       259182       256.00
 1529872.383     0.996484       259241       284.44
 1531969.535     0.996875       259344       320.00
 1535115.263     0.997266       259474       365.71
 1537212.415     0.997656       259547       426.67
 1540358.143     0.998047       259655       512.00
 1541406.719     0.998242       259691       568.89
 1543503.871     0.998437       259753       640.00
 1545601.023     0.998633       259811       731.43
 1547698.175     0.998828       259853       853.33
 1549795.327     0.999023       259901      1024.00
 1550843.903     0.999121       259925      1137.78
 1551892.479     0.999219       259940      1280.00
 1553989.631     0.999316       259968      1462.86
 1556086.783     0.999414       259997      1706.67
 1558183.935     0.999512       260024      2048.00
 1559232.511     0.999561       260031      2275.56
 1560281.087     0.999609       260042      2560.00
 1561329.663     0.999658       260053      2925.71
 1563426.815     0.999707       260066      3413.33
 1565523.967     0.999756       260079      4096.00
 1566572.543     0.999780       260086      4551.11
 1567621.119     0.999805       260096      5120.00
 1568669.695     0.999829       260100      5851.43
 1569718.271     0.999854       260107      6826.67
 1571815.423     0.999878       260115      8192.00
 1571815.423     0.999890       260115      9102.22
 1572863.999     0.999902       260118     10240.00
 1573912.575     0.999915       260121     11702.86
 1574961.151     0.999927       260123     13653.33
 1577058.303     0.999939       260128     16384.00
 1577058.303     0.999945       260128     18204.44
 1578106.879     0.999951       260130     20480.00
 1578106.879     0.999957       260130     23405.71
 1579155.455     0.999963       260134     27306.67
 1579155.455     0.999969       260134     32768.00
 1579155.455     0.999973       260134     36408.89
 1580204.031     0.999976       260136     40960.00
 1580204.031     0.999979       260136     46811.43
 1582301.183     0.999982       260138     54613.33
 1582301.183     0.999985       260138     65536.00
 1582301.183     0.999986       260138     72817.78
 1582301.183     0.999988       260138     81920.00
 1583349.759     0.999989       260139     93622.86
 1583349.759     0.999991       260139    109226.67
 1585446.911     0.999992       260140    131072.00
 1585446.911     0.999993       260140    145635.56
 1585446.911     0.999994       260140    163840.00
 1585446.911     0.999995       260140    187245.71
 1585446.911     0.999995       260140    218453.33
 1586495.487     0.999996       260141    262144.00
 1586495.487     1.000000       260141          inf
#[Mean    =   738445.172, StdDeviation   =   432201.398]
#[Max     =  1585446.912, Total count    =       260141]
#[Buckets =           27, SubBuckets     =         2048]
----------------------------------------------------------
  261356 requests in 30.00m, 54.39MB read
  Socket errors: connect 0, read 795, write 12723, timeout 768616
  Non-2xx or 3xx responses: 49391
Requests/sec:    145.19
Transfer/sec:     30.94KB
