Running 30m test @ http://20.117.74.126:60
  2 threads and 1000 connections
  Thread calibration: mean lat.: 11.299ms, rate sampling interval: 38ms
  Thread calibration: mean lat.: 11.376ms, rate sampling interval: 39ms
  Thread Stats   Avg      Stdev     99%   +/- Stdev
    Latency     2.63s     2.22s    9.51s    68.68%
    Req/Sec     1.01k   340.57     2.08k    88.07%
  Latency Distribution (HdrHistogram - Recorded Latency)
 50.000%    2.19s 
 75.000%    3.86s 
 90.000%    5.64s 
 99.000%    9.51s 
 99.900%   13.04s 
 99.990%   16.05s 
 99.999%   18.58s 
100.000%   20.45s 

  Detailed Percentile spectrum:
       Value   Percentile   TotalCount 1/(1-Percentile)

       0.159     0.000000            1         1.00
      84.479     0.100000       356463         1.11
     610.303     0.200000       712921         1.25
    1128.447     0.300000      1069613         1.43
    1649.663     0.400000      1426355         1.67
    2193.407     0.500000      1782282         2.00
    2482.175     0.550000      1961188         2.22
    2785.279     0.600000      2139545         2.50
    3108.863     0.650000      2317094         2.86
    3465.215     0.700000      2495557         3.33
    3862.527     0.750000      2674007         4.00
    4081.663     0.775000      2762675         4.44
    4321.279     0.800000      2851653         5.00
    4587.519     0.825000      2940907         5.71
    4886.527     0.850000      3030371         6.67
    5230.591     0.875000      3119612         8.00
    5423.103     0.887500      3163765         8.89
    5640.191     0.900000      3208770        10.00
    5877.759     0.912500      3253032        11.43
    6152.191     0.925000      3297730        13.33
    6463.487     0.937500      3341723        16.00
    6647.807     0.943750      3364209        17.78
    6848.511     0.950000      3386356        20.00
    7073.791     0.956250      3408552        22.86
    7331.839     0.962500      3430954        26.67
    7639.039     0.968750      3453215        32.00
    7815.167     0.971875      3464426        35.56
    8007.679     0.975000      3475379        40.00
    8228.863     0.978125      3486681        45.71
    8478.719     0.981250      3497723        53.33
    8781.823     0.984375      3508959        64.00
    8953.855     0.985938      3514492        71.11
    9142.271     0.987500      3519941        80.00
    9363.455     0.989062      3525613        91.43
    9617.407     0.990625      3531135       106.67
    9904.127     0.992188      3536639       128.00
   10076.159     0.992969      3539472       142.22
   10264.575     0.993750      3542259       160.00
   10477.567     0.994531      3545045       182.86
   10723.327     0.995313      3547788       213.33
   11018.239     0.996094      3550588       256.00
   11182.079     0.996484      3551938       284.44
   11370.495     0.996875      3553358       320.00
   11575.295     0.997266      3554736       365.71
   11804.671     0.997656      3556139       426.67
   12075.007     0.998047      3557526       512.00
   12222.463     0.998242      3558201       568.89
   12394.495     0.998437      3558881       640.00
   12582.911     0.998633      3559587       731.43
   12804.095     0.998828      3560286       853.33
   13082.623     0.999023      3560984      1024.00
   13230.079     0.999121      3561323      1137.78
   13393.919     0.999219      3561675      1280.00
   13582.335     0.999316      3562021      1462.86
   13803.519     0.999414      3562364      1706.67
   14065.663     0.999512      3562724      2048.00
   14204.927     0.999561      3562888      2275.56
   14352.383     0.999609      3563063      2560.00
   14532.607     0.999658      3563236      2925.71
   14704.639     0.999707      3563407      3413.33
   14950.399     0.999756      3563584      4096.00
   15073.279     0.999780      3563667      4551.11
   15220.735     0.999805      3563758      5120.00
   15384.575     0.999829      3563846      5851.43
   15556.607     0.999854      3563928      6826.67
   15802.367     0.999878      3564016      8192.00
   15966.207     0.999890      3564061      9102.22
   16064.511     0.999902      3564102     10240.00
   16220.159     0.999915      3564146     11702.86
   16408.575     0.999927      3564189     13653.33
   16605.183     0.999939      3564233     16384.00
   16678.911     0.999945      3564255     18204.44
   16793.599     0.999951      3564278     20480.00
   16957.439     0.999957      3564298     23405.71
   17154.047     0.999963      3564320     27306.67
   17350.655     0.999969      3564343     32768.00
   17514.495     0.999973      3564355     36408.89
   17596.415     0.999976      3564364     40960.00
   17760.255     0.999979      3564375     46811.43
   17956.863     0.999982      3564385     54613.33
   18137.087     0.999985      3564396     65536.00
   18268.159     0.999986      3564402     72817.78
   18382.847     0.999988      3564407     81920.00
   18530.303     0.999989      3564412     93622.86
   18628.607     0.999991      3564418    109226.67
   18710.527     0.999992      3564423    131072.00
   18857.983     0.999993      3564426    145635.56
   19054.591     0.999994      3564429    163840.00
   19316.735     0.999995      3564431    187245.71
   19562.495     0.999995      3564434    218453.33
   19775.487     0.999996      3564438    262144.00
   19775.487     0.999997      3564438    291271.11
   19922.943     0.999997      3564441    327680.00
   19922.943     0.999997      3564441    374491.43
   19988.479     0.999998      3564442    436906.67
   20135.935     0.999998      3564444    524288.00
   20135.935     0.999998      3564444    582542.22
   20152.319     0.999998      3564446    655360.00
   20152.319     0.999999      3564446    748982.86
   20152.319     0.999999      3564446    873813.33
   20168.703     0.999999      3564447   1048576.00
   20168.703     0.999999      3564447   1165084.44
   20217.855     0.999999      3564448   1310720.00
   20217.855     0.999999      3564448   1497965.71
   20217.855     0.999999      3564448   1747626.67
   20381.695     1.000000      3564449   2097152.00
   20381.695     1.000000      3564449   2330168.89
   20381.695     1.000000      3564449   2621440.00
   20381.695     1.000000      3564449   2995931.43
   20381.695     1.000000      3564449   3495253.33
   20447.231     1.000000      3564450   4194304.00
   20447.231     1.000000      3564450          inf
#[Mean    =     2625.516, StdDeviation   =     2220.419]
#[Max     =    20430.848, Total count    =      3564450]
#[Buckets =           27, SubBuckets     =         2048]
----------------------------------------------------------
  3583250 requests in 30.00m, 1.63GB read
  Socket errors: connect 0, read 1393, write 7707, timeout 16293
  Non-2xx or 3xx responses: 49409
Requests/sec:   1990.67
Transfer/sec:      0.93MB
