Running 60m test @ http://20.90.100.46:60/wrk2-api/post/compose
  2 threads and 1000 connections
  Thread calibration: mean lat.: 1129.624ms, rate sampling interval: 5369ms
  Thread calibration: mean lat.: 1138.334ms, rate sampling interval: 5984ms
  Thread Stats   Avg      Stdev     99%   +/- Stdev
    Latency    19.48m     9.91m   35.93m    57.49%
    Req/Sec   210.36     40.62   303.00     70.40%
  Latency Distribution (HdrHistogram - Recorded Latency)
 50.000%   19.91m 
 75.000%   28.31m 
 90.000%   32.49m 
 99.000%   35.93m 
 99.900%   37.57m 
 99.990%   38.69m 
 99.999%   39.36m 
100.000%   39.50m 

  Detailed Percentile spectrum:
       Value   Percentile   TotalCount 1/(1-Percentile)

      98.815     0.000000            1         1.00
  378798.079     0.100000       151407         1.11
  548405.247     0.200000       302932         1.25
  757071.871     0.300000       454126         1.43
  976224.255     0.400000       605733         1.67
 1194328.063     0.500000       756914         2.00
 1306525.695     0.550000       833008         2.22
 1411383.295     0.600000       908753         2.50
 1510998.015     0.650000       983978         2.86
 1606418.431     0.700000      1060322         3.33
 1698693.119     0.750000      1136041         4.00
 1741684.735     0.775000      1173442         4.44
 1784676.351     0.800000      1211472         5.00
 1826619.391     0.825000      1248944         5.71
 1868562.431     0.850000      1286903         6.67
 1908408.319     0.875000      1324587         8.00
 1929379.839     0.887500      1344200         8.89
 1949302.783     0.900000      1362420        10.00
 1970274.303     0.912500      1381612        11.43
 1991245.823     0.925000      1400765        13.33
 2013265.919     0.937500      1419123        16.00
 2025848.831     0.943750      1429210        17.78
 2038431.743     0.950000      1438559        20.00
 2051014.655     0.956250      1447654        22.86
 2064646.143     0.962500      1456926        26.67
 2080374.783     0.968750      1466728        32.00
 2088763.391     0.971875      1471578        35.56
 2097151.999     0.975000      1475951        40.00
 2107637.759     0.978125      1480774        45.71
 2118123.519     0.981250      1485305        53.33
 2130706.431     0.984375      1490348        64.00
 2136997.887     0.985938      1492667        71.11
 2143289.343     0.987500      1494866        80.00
 2151677.951     0.989062      1497477        91.43
 2160066.559     0.990625      1499788       106.67
 2170552.319     0.992188      1502232       128.00
 2174746.623     0.992969      1503194       142.22
 2181038.079     0.993750      1504461       160.00
 2187329.535     0.994531      1505625       182.86
 2193620.991     0.995313      1506633       213.33
 2202009.599     0.996094      1507941       256.00
 2206203.903     0.996484      1508489       284.44
 2210398.207     0.996875      1509034       320.00
 2216689.663     0.997266      1509644       365.71
 2220883.967     0.997656      1510076       426.67
 2229272.575     0.998047      1510712       512.00
 2233466.879     0.998242      1510995       568.89
 2237661.183     0.998437      1511345       640.00
 2241855.487     0.998633      1511642       731.43
 2248146.943     0.998828      1511923       853.33
 2254438.399     0.999023      1512151      1024.00
 2260729.855     0.999121      1512301      1137.78
 2264924.159     0.999219      1512440      1280.00
 2271215.615     0.999316      1512603      1462.86
 2277507.071     0.999414      1512737      1706.67
 2281701.375     0.999512      1512878      2048.00
 2283798.527     0.999561      1512951      2275.56
 2287992.831     0.999609      1513073      2560.00
 2290089.983     0.999658      1513123      2925.71
 2294284.287     0.999707      1513185      3413.33
 2300575.743     0.999756      1513254      4096.00
 2304770.047     0.999780      1513291      4551.11
 2308964.351     0.999805      1513331      5120.00
 2311061.503     0.999829      1513364      5851.43
 2315255.807     0.999854      1513418      6826.67
 2317352.959     0.999878      1513447      8192.00
 2319450.111     0.999890      1513458      9102.22
 2323644.415     0.999902      1513472     10240.00
 2325741.567     0.999915      1513490     11702.86
 2327838.719     0.999927      1513513     13653.33
 2332033.023     0.999939      1513534     16384.00
 2332033.023     0.999945      1513534     18204.44
 2334130.175     0.999951      1513542     20480.00
 2342518.783     0.999957      1513552     23405.71
 2348810.239     0.999963      1513570     27306.67
 2348810.239     0.999969      1513570     32768.00
 2350907.391     0.999973      1513580     36408.89
 2350907.391     0.999976      1513580     40960.00
 2353004.543     0.999979      1513583     46811.43
 2357198.847     0.999982      1513594     54613.33
 2357198.847     0.999985      1513594     65536.00
 2359295.999     0.999986      1513599     72817.78
 2359295.999     0.999988      1513599     81920.00
 2359295.999     0.999989      1513599     93622.86
 2361393.151     0.999991      1513607    109226.67
 2361393.151     0.999992      1513607    131072.00
 2361393.151     0.999993      1513607    145635.56
 2361393.151     0.999994      1513607    163840.00
 2361393.151     0.999995      1513607    187245.71
 2365587.455     0.999995      1513613    218453.33
 2365587.455     0.999996      1513613    262144.00
 2365587.455     0.999997      1513613    291271.11
 2365587.455     0.999997      1513613    327680.00
 2365587.455     0.999997      1513613    374491.43
 2365587.455     0.999998      1513613    436906.67
 2365587.455     0.999998      1513613    524288.00
 2365587.455     0.999998      1513613    582542.22
 2365587.455     0.999998      1513613    655360.00
 2365587.455     0.999999      1513613    748982.86
 2367684.607     0.999999      1513614    873813.33
 2367684.607     0.999999      1513614   1048576.00
 2367684.607     0.999999      1513614   1165084.44
 2367684.607     0.999999      1513614   1310720.00
 2367684.607     0.999999      1513614   1497965.71
 2369781.759     0.999999      1513615   1747626.67
 2369781.759     1.000000      1513615          inf
#[Mean    =  1168776.223, StdDeviation   =   594682.615]
#[Max     =  2367684.608, Total count    =      1513615]
#[Buckets =           27, SubBuckets     =         2048]
----------------------------------------------------------
  1516956 requests in 60.00m, 306.50MB read
  Socket errors: connect 0, read 62, write 1890, timeout 378974
  Non-2xx or 3xx responses: 179422
Requests/sec:    421.38
Transfer/sec:     87.18KB
