Running 60m test @ http://20.90.100.46:60/wrk2-api/home-timeline/read
  2 threads and 1000 connections
  Thread calibration: mean lat.: 112.208ms, rate sampling interval: 541ms
  Thread calibration: mean lat.: 114.554ms, rate sampling interval: 560ms
  Thread Stats   Avg      Stdev     99%   +/- Stdev
    Latency     5.65m     2.63m   12.15m    68.88%
    Req/Sec   409.97     64.73   540.00     67.19%
  Latency Distribution (HdrHistogram - Recorded Latency)
 50.000%    5.42m 
 75.000%    7.38m 
 90.000%    9.21m 
 99.000%   12.15m 
 99.900%   13.89m 
 99.990%   14.92m 
 99.999%   16.16m 
100.000%   16.48m 

  Detailed Percentile spectrum:
       Value   Percentile   TotalCount 1/(1-Percentile)

      18.815     0.000000            1         1.00
  146538.495     0.100000       294665         1.11
  209715.199     0.200000       589552         1.25
  251265.023     0.300000       883978         1.43
  287571.967     0.400000      1178437         1.67
  325058.559     0.500000      1473060         2.00
  346030.079     0.550000      1620526         2.22
  367525.887     0.600000      1766263         2.50
  390594.559     0.650000      1914253         2.86
  416284.671     0.700000      2062084         3.33
  443023.359     0.750000      2208869         4.00
  457703.423     0.775000      2281960         4.44
  472645.631     0.800000      2355238         5.00
  489684.991     0.825000      2428695         5.71
  508297.215     0.850000      2502252         6.67
  530055.167     0.875000      2576604         8.00
  541065.215     0.887500      2613405         8.89
  552599.551     0.900000      2649577        10.00
  566231.039     0.912500      2687230        11.43
  580911.103     0.925000      2723219        13.33
  598212.607     0.937500      2759779        16.00
  607649.791     0.943750      2778132        17.78
  617611.263     0.950000      2797193        20.00
  628097.023     0.956250      2815119        22.86
  639631.359     0.962500      2833524        26.67
  653787.135     0.968750      2852027        32.00
  662175.743     0.971875      2860923        35.56
  671612.927     0.975000      2870383        40.00
  681574.399     0.978125      2879528        45.71
  691535.871     0.981250      2888762        53.33
  702021.631     0.984375      2897732        64.00
  709361.663     0.985938      2902578        71.11
  716177.407     0.987500      2907228        80.00
  722993.151     0.989062      2911552        91.43
  732430.335     0.990625      2916259       106.67
  742391.807     0.992188      2920886       128.00
  747634.687     0.992969      2923168       142.22
  753401.855     0.993750      2925476       160.00
  759693.311     0.994531      2927650       182.86
  767557.631     0.995313      2929965       213.33
  777519.103     0.996094      2932301       256.00
  782237.695     0.996484      2933390       284.44
  788529.151     0.996875      2934520       320.00
  795344.895     0.997266      2935694       365.71
  803733.503     0.997656      2936891       426.67
  811597.823     0.998047      2938035       512.00
  815267.839     0.998242      2938595       568.89
  818937.855     0.998437      2939131       640.00
  824180.735     0.998633      2939703       731.43
  828899.327     0.998828      2940287       853.33
  834142.207     0.999023      2940886      1024.00
  836763.647     0.999121      2941145      1137.78
  840433.663     0.999219      2941447      1280.00
  844103.679     0.999316      2941717      1462.86
  848297.983     0.999414      2942010      1706.67
  853540.863     0.999512      2942304      2048.00
  855638.015     0.999561      2942445      2275.56
  858259.455     0.999609      2942582      2560.00
  861405.183     0.999658      2942717      2925.71
  864550.911     0.999707      2942856      3413.33
  870842.367     0.999756      2943004      4096.00
  873988.095     0.999780      2943072      4551.11
  877133.823     0.999805      2943145      5120.00
  880803.839     0.999829      2943220      5851.43
  883949.567     0.999854      2943289      6826.67
  889192.447     0.999878      2943360      8192.00
  892862.463     0.999890      2943393      9102.22
  896532.479     0.999902      2943433     10240.00
  899678.207     0.999915      2943465     11702.86
  905445.375     0.999927      2943502     13653.33
  915931.135     0.999939      2943537     16384.00
  929562.623     0.999945      2943553     18204.44
  934805.503     0.999951      2943571     20480.00
  940048.383     0.999957      2943593     23405.71
  944766.975     0.999963      2943607     27306.67
  950534.143     0.999969      2943626     32768.00
  952107.007     0.999973      2943636     36408.89
  955252.735     0.999976      2943643     40960.00
  960495.615     0.999979      2943652     46811.43
  964165.631     0.999982      2943661     54613.33
  966262.783     0.999985      2943671     65536.00
  966787.071     0.999986      2943677     72817.78
  967311.359     0.999988      2943679     81920.00
  968359.935     0.999989      2943684     93622.86
  969932.799     0.999991      2943688    109226.67
  971505.663     0.999992      2943693    131072.00
  972029.951     0.999993      2943694    145635.56
  974127.103     0.999994      2943699    163840.00
  974127.103     0.999995      2943699    187245.71
  974651.391     0.999995      2943701    218453.33
  976748.543     0.999996      2943703    262144.00
  978321.407     0.999997      2943704    291271.11
  978845.695     0.999997      2943706    327680.00
  979369.983     0.999997      2943707    374491.43
  979894.271     0.999998      2943708    436906.67
  980942.847     0.999998      2943709    524288.00
  980942.847     0.999998      2943709    582542.22
  984088.575     0.999998      2943710    655360.00
  984612.863     0.999999      2943711    748982.86
  984612.863     0.999999      2943711    873813.33
  985137.151     0.999999      2943712   1048576.00
  985137.151     0.999999      2943712   1165084.44
  985137.151     0.999999      2943712   1310720.00
  987234.303     0.999999      2943713   1497965.71
  987234.303     0.999999      2943713   1747626.67
  987234.303     1.000000      2943713   2097152.00
  987234.303     1.000000      2943713   2330168.89
  987234.303     1.000000      2943713   2621440.00
  988807.167     1.000000      2943714   2995931.43
  988807.167     1.000000      2943714          inf
#[Mean    =   338775.830, StdDeviation   =   157897.144]
#[Max     =   988282.880, Total count    =      2943714]
#[Buckets =           27, SubBuckets     =         2048]
----------------------------------------------------------
  2952829 requests in 60.00m, 37.78GB read
  Socket errors: connect 0, read 568, write 18538, timeout 243778
  Non-2xx or 3xx responses: 111897
Requests/sec:    820.23
Transfer/sec:     10.75MB
