Running 60m test @ http://20.108.158.195:60/wrk2-api/post/compose
  2 threads and 1000 connections
  Thread calibration: mean lat.: 3158.598ms, rate sampling interval: 14516ms
  Thread calibration: mean lat.: 2977.716ms, rate sampling interval: 13918ms
  Thread Stats   Avg      Stdev     99%   +/- Stdev
    Latency    19.44m    10.01m   38.59m    60.25%
    Req/Sec   182.39     45.72   308.00     75.00%
  Latency Distribution (HdrHistogram - Recorded Latency)
 50.000%   19.36m 
 75.000%   27.70m 
 90.000%   33.05m 
 99.000%   38.59m 
 99.900%   41.07m 
 99.990%   42.40m 
 99.999%   42.96m 
100.000%   43.24m 

  Detailed Percentile spectrum:
       Value   Percentile   TotalCount 1/(1-Percentile)

     213.247     0.000000            1         1.00
  375914.495     0.100000       131340         1.11
  566755.327     0.200000       262676         1.25
  770703.359     0.300000       394093         1.43
  967835.647     0.400000       525558         1.67
 1161822.207     0.500000       656879         2.00
 1261436.927     0.550000       722827         2.22
 1357905.919     0.600000       787876         2.50
 1460666.367     0.650000       853623         2.86
 1559232.511     0.700000       919196         3.33
 1661992.959     0.750000       984876         4.00
 1713373.183     0.775000      1017878         4.44
 1762656.255     0.800000      1050538         5.00
 1816133.631     0.825000      1083602         5.71
 1870659.583     0.850000      1116548         6.67
 1925185.535     0.875000      1148807         8.00
 1953497.087     0.887500      1165294         8.89
 1982857.215     0.900000      1182058        10.00
 2012217.343     0.912500      1198196        11.43
 2045771.775     0.925000      1214610        13.33
 2080374.783     0.937500      1231170        16.00
 2098200.575     0.943750      1239152        17.78
 2118123.519     0.950000      1247390        20.00
 2139095.039     0.956250      1255481        22.86
 2162163.711     0.962500      1263759        26.67
 2187329.535     0.968750      1271895        32.00
 2202009.599     0.971875      1276414        35.56
 2216689.663     0.975000      1280447        40.00
 2231369.727     0.978125      1284195        45.71
 2250244.095     0.981250      1288677        53.33
 2269118.463     0.984375      1292656        64.00
 2281701.375     0.985938      1294809        71.11
 2294284.287     0.987500      1296761        80.00
 2306867.199     0.989062      1298703        91.43
 2319450.111     0.990625      1300724       106.67
 2334130.175     0.992188      1302669       128.00
 2344615.935     0.992969      1303872       142.22
 2353004.543     0.993750      1304774       160.00
 2363490.303     0.994531      1305903       182.86
 2373976.063     0.995313      1306914       213.33
 2384461.823     0.996094      1307793       256.00
 2390753.279     0.996484      1308324       284.44
 2399141.887     0.996875      1308891       320.00
 2407530.495     0.997266      1309454       365.71
 2415919.103     0.997656      1309884       426.67
 2426404.863     0.998047      1310367       512.00
 2432696.319     0.998242      1310628       568.89
 2438987.775     0.998437      1310887       640.00
 2447376.383     0.998633      1311159       731.43
 2455764.991     0.998828      1311390       853.33
 2466250.751     0.999023      1311699      1024.00
 2468347.903     0.999121      1311763      1137.78
 2474639.359     0.999219      1311919      1280.00
 2478833.663     0.999316      1312046      1462.86
 2485125.119     0.999414      1312188      1706.67
 2491416.575     0.999512      1312290      2048.00
 2495610.879     0.999561      1312370      2275.56
 2499805.183     0.999609      1312421      2560.00
 2503999.487     0.999658      1312481      2925.71
 2508193.791     0.999707      1312538      3413.33
 2514485.247     0.999756      1312596      4096.00
 2520776.703     0.999780      1312643      4551.11
 2522873.855     0.999805      1312660      5120.00
 2529165.311     0.999829      1312692      5851.43
 2535456.767     0.999854      1312745      6826.67
 2537553.919     0.999878      1312757      8192.00
 2541748.223     0.999890      1312774      9102.22
 2545942.527     0.999902      1312795     10240.00
 2548039.679     0.999915      1312815     11702.86
 2550136.831     0.999927      1312821     13653.33
 2554331.135     0.999939      1312844     16384.00
 2554331.135     0.999945      1312844     18204.44
 2556428.287     0.999951      1312855     20480.00
 2558525.439     0.999957      1312864     23405.71
 2560622.591     0.999963      1312871     27306.67
 2562719.743     0.999969      1312880     32768.00
 2562719.743     0.999973      1312880     36408.89
 2564816.895     0.999976      1312884     40960.00
 2566914.047     0.999979      1312889     46811.43
 2569011.199     0.999982      1312893     54613.33
 2573205.503     0.999985      1312895     65536.00
 2575302.655     0.999986      1312900     72817.78
 2575302.655     0.999988      1312900     81920.00
 2577399.807     0.999989      1312904     93622.86
 2577399.807     0.999991      1312904    109226.67
 2579496.959     0.999992      1312905    131072.00
 2581594.111     0.999993      1312908    145635.56
 2581594.111     0.999994      1312908    163840.00
 2581594.111     0.999995      1312908    187245.71
 2583691.263     0.999995      1312909    218453.33
 2592079.871     0.999996      1312914    262144.00
 2592079.871     0.999997      1312914    291271.11
 2592079.871     0.999997      1312914    327680.00
 2592079.871     0.999997      1312914    374491.43
 2592079.871     0.999998      1312914    436906.67
 2592079.871     0.999998      1312914    524288.00
 2592079.871     0.999998      1312914    582542.22
 2592079.871     0.999998      1312914    655360.00
 2592079.871     0.999999      1312914    748982.86
 2592079.871     0.999999      1312914    873813.33
 2592079.871     0.999999      1312914   1048576.00
 2592079.871     0.999999      1312914   1165084.44
 2592079.871     0.999999      1312914   1310720.00
 2594177.023     0.999999      1312915   1497965.71
 2594177.023     1.000000      1312915          inf
#[Mean    =  1166227.576, StdDeviation   =   600501.288]
#[Max     =  2592079.872, Total count    =      1312915]
#[Buckets =           27, SubBuckets     =         2048]
----------------------------------------------------------
  1314685 requests in 60.00m, 262.94MB read
  Socket errors: connect 0, read 209, write 3208, timeout 810617
  Non-2xx or 3xx responses: 122983
Requests/sec:    365.19
Transfer/sec:     74.79KB
