Running 60m test @ http://20.117.150.139:60/wrk2-api/home-timeline/read
  2 threads and 1000 connections
  Thread calibration: mean lat.: 132.586ms, rate sampling interval: 645ms
  Thread calibration: mean lat.: 131.849ms, rate sampling interval: 673ms
  Thread Stats   Avg      Stdev     99%   +/- Stdev
    Latency     6.57m     2.91m   13.13m    67.74%
    Req/Sec   402.83     67.94   529.00     71.20%
  Latency Distribution (HdrHistogram - Recorded Latency)
 50.000%    6.48m 
 75.000%    8.62m 
 90.000%   10.42m 
 99.000%   13.13m 
 99.900%   14.94m 
 99.990%   16.86m 
 99.999%   17.67m 
100.000%   17.76m 

  Detailed Percentile spectrum:
       Value   Percentile   TotalCount 1/(1-Percentile)

       9.047     0.000000            1         1.00
  172883.967     0.100000       289563         1.11
  248512.511     0.200000       578972         1.25
  300941.311     0.300000       868787         1.43
  343932.927     0.400000      1158828         1.67
  388759.551     0.500000      1446733         2.00
  412352.511     0.550000      1591625         2.22
  436994.047     0.600000      1737447         2.50
  460849.151     0.650000      1881866         2.86
  487063.551     0.700000      2026393         3.33
  517210.111     0.750000      2170882         4.00
  531890.175     0.775000      2242319         4.44
  547356.671     0.800000      2315275         5.00
  564133.887     0.825000      2388323         5.71
  582483.967     0.850000      2460729         6.67
  601882.623     0.875000      2531952         8.00
  613416.959     0.887500      2568034         8.89
  625475.583     0.900000      2604410        10.00
  638582.783     0.912500      2640899        11.43
  652738.559     0.925000      2676113        13.33
  668991.487     0.937500      2713006        16.00
  677904.383     0.943750      2731262        17.78
  686817.279     0.950000      2748438        20.00
  697303.039     0.956250      2767024        22.86
  708313.087     0.962500      2785398        26.67
  720895.999     0.968750      2803368        32.00
  727711.743     0.971875      2812106        35.56
  735051.775     0.975000      2820821        40.00
  743964.671     0.978125      2829833        45.71
  754450.431     0.981250      2839380        53.33
  764411.903     0.984375      2848171        64.00
  769654.783     0.985938      2852746        71.11
  775946.239     0.987500      2857097        80.00
  783286.271     0.989062      2861669        91.43
  791674.879     0.990625      2866026       106.67
  800587.775     0.992188      2870530       128.00
  805830.655     0.992969      2872886       142.22
  812122.111     0.993750      2875051       160.00
  819462.143     0.994531      2877302       182.86
  827326.463     0.995313      2879550       213.33
  835715.071     0.996094      2881797       256.00
  839909.375     0.996484      2882935       284.44
  845152.255     0.996875      2884058       320.00
  850919.423     0.997266      2885236       365.71
  858259.455     0.997656      2886333       426.67
  867696.639     0.998047      2887458       512.00
  873988.095     0.998242      2888014       568.89
  880279.551     0.998437      2888606       640.00
  885522.431     0.998633      2889144       731.43
  891289.599     0.998828      2889710       853.33
  897056.767     0.999023      2890256      1024.00
  900726.783     0.999121      2890554      1137.78
  903348.223     0.999219      2890825      1280.00
  908591.103     0.999316      2891101      1462.86
  914358.271     0.999414      2891385      1706.67
  922222.591     0.999512      2891674      2048.00
  926416.895     0.999561      2891811      2275.56
  930086.911     0.999609      2891952      2560.00
  935854.079     0.999658      2892090      2925.71
  943718.399     0.999707      2892229      3413.33
  954204.159     0.999756      2892374      4096.00
  957349.887     0.999780      2892444      4551.11
  959971.327     0.999805      2892510      5120.00
  968359.935     0.999829      2892586      5851.43
  975175.679     0.999854      2892654      6826.67
  984088.575     0.999878      2892724      8192.00
  996671.487     0.999890      2892759      9102.22
 1014497.279     0.999902      2892794     10240.00
 1023410.175     0.999915      2892830     11702.86
 1027604.479     0.999927      2892865     13653.33
 1035993.087     0.999939      2892899     16384.00
 1040711.679     0.999945      2892919     18204.44
 1043333.119     0.999951      2892941     20480.00
 1043857.407     0.999957      2892954     23405.71
 1044905.983     0.999963      2892975     27306.67
 1047003.135     0.999969      2892991     32768.00
 1048051.711     0.999973      2892996     36408.89
 1049624.575     0.999976      2893010     40960.00
 1050148.863     0.999979      2893015     46811.43
 1051721.727     0.999982      2893023     54613.33
 1053818.879     0.999985      2893032     65536.00
 1056964.607     0.999986      2893036     72817.78
 1059061.759     0.999988      2893040     81920.00
 1059586.047     0.999989      2893045     93622.86
 1060634.623     0.999991      2893050    109226.67
 1061158.911     0.999992      2893056    131072.00
 1061158.911     0.999993      2893056    145635.56
 1061683.199     0.999994      2893058    163840.00
 1062731.775     0.999995      2893060    187245.71
 1063780.351     0.999995      2893062    218453.33
 1064304.639     0.999996      2893065    262144.00
 1064828.927     0.999997      2893069    291271.11
 1064828.927     0.999997      2893069    327680.00
 1064828.927     0.999997      2893069    374491.43
 1064828.927     0.999998      2893069    436906.67
 1065353.215     0.999998      2893073    524288.00
 1065353.215     0.999998      2893073    582542.22
 1065353.215     0.999998      2893073    655360.00
 1065353.215     0.999999      2893073    748982.86
 1065353.215     0.999999      2893073    873813.33
 1065353.215     0.999999      2893073   1048576.00
 1065353.215     0.999999      2893073   1165084.44
 1065353.215     0.999999      2893073   1310720.00
 1065877.503     0.999999      2893075   1497965.71
 1065877.503     1.000000      2893075          inf
#[Mean    =   394258.056, StdDeviation   =   174454.962]
#[Max     =  1065353.216, Total count    =      2893075]
#[Buckets =           27, SubBuckets     =         2048]
----------------------------------------------------------
  2902148 requests in 60.00m, 37.36GB read
  Socket errors: connect 0, read 731, write 21441, timeout 243728
  Non-2xx or 3xx responses: 90520
Requests/sec:    806.15
Transfer/sec:     10.63MB
