Running 30m test @ http://20.108.19.134:60/wrk2-api/home-timeline/read
  2 threads and 1000 connections
  Thread calibration: mean lat.: 198.949ms, rate sampling interval: 1298ms
  Thread calibration: mean lat.: 133.318ms, rate sampling interval: 510ms
  Thread Stats   Avg      Stdev     99%   +/- Stdev
    Latency     2.39m     1.69m    6.36m    60.68%
    Req/Sec   414.63     39.12   521.00     76.63%
  Latency Distribution (HdrHistogram - Recorded Latency)
 50.000%    2.29m 
 75.000%    3.66m 
 90.000%    4.71m 
 99.000%    6.36m 
 99.900%    7.45m 
 99.990%    8.23m 
 99.999%    8.46m 
100.000%    8.53m 

  Detailed Percentile spectrum:
       Value   Percentile   TotalCount 1/(1-Percentile)

       0.216     0.000000            1         1.00
   11010.047     0.100000       148296         1.11
   39190.527     0.200000       296691         1.25
   70975.487     0.300000       444983         1.43
  104726.527     0.400000       593407         1.67
  137101.311     0.500000       741402         2.00
  153878.527     0.550000       816152         2.22
  169738.239     0.600000       890143         2.50
  186253.311     0.650000       964389         2.86
  203030.527     0.700000      1038600         3.33
  219545.599     0.750000      1112597         4.00
  228065.279     0.775000      1149162         4.44
  237764.607     0.800000      1186484         5.00
  247988.223     0.825000      1223706         5.71
  258605.055     0.850000      1260546         6.67
  270008.319     0.875000      1297768         8.00
  276299.775     0.887500      1316719         8.89
  282853.375     0.900000      1334957        10.00
  289931.263     0.912500      1353172        11.43
  298057.727     0.925000      1372021        13.33
  307232.767     0.937500      1390162        16.00
  311951.359     0.943750      1399532        17.78
  317194.239     0.950000      1408802        20.00
  323223.551     0.956250      1418164        22.86
  330039.295     0.962500      1427424        26.67
  337641.471     0.968750      1436641        32.00
  341573.631     0.971875      1441120        35.56
  346030.079     0.975000      1445724        40.00
  351010.815     0.978125      1450400        45.71
  357302.271     0.981250      1455149        53.33
  363855.871     0.984375      1459690        64.00
  368050.175     0.985938      1461936        71.11
  373030.911     0.987500      1464318        80.00
  378273.791     0.989062      1466624        91.43
  383778.815     0.990625      1469003       106.67
  389283.839     0.992188      1471248       128.00
  392167.423     0.992969      1472362       142.22
  396099.583     0.993750      1473577       160.00
  401080.319     0.994531      1474725       182.86
  405798.911     0.995313      1475862       213.33
  410779.647     0.996094      1477027       256.00
  413138.943     0.996484      1477618       284.44
  416022.527     0.996875      1478181       320.00
  419430.399     0.997266      1478747       365.71
  424673.279     0.997656      1479335       426.67
  431489.023     0.998047      1479915       512.00
  434634.751     0.998242      1480184       568.89
  437780.479     0.998437      1480472       640.00
  440664.063     0.998633      1480777       731.43
  443285.503     0.998828      1481077       853.33
  447479.807     0.999023      1481347      1024.00
  450625.535     0.999121      1481488      1137.78
  453509.119     0.999219      1481642      1280.00
  456916.991     0.999316      1481783      1462.86
  461897.727     0.999414      1481924      1706.67
  465567.743     0.999512      1482067      2048.00
  467927.039     0.999561      1482144      2275.56
  469762.047     0.999609      1482208      2560.00
  471859.199     0.999658      1482291      2925.71
  473694.207     0.999707      1482355      3413.33
  476577.791     0.999756      1482432      4096.00
  478412.799     0.999780      1482465      4551.11
  481034.239     0.999805      1482501      5120.00
  483917.823     0.999829      1482536      5851.43
  486539.263     0.999854      1482570      6826.67
  490471.423     0.999878      1482608      8192.00
  493092.863     0.999890      1482629      9102.22
  493879.295     0.999902      1482646     10240.00
  495190.015     0.999915      1482661     11702.86
  498335.743     0.999927      1482680     13653.33
  499384.319     0.999939      1482699     16384.00
  499908.607     0.999945      1482707     18204.44
  500957.183     0.999951      1482717     20480.00
  501743.615     0.999957      1482724     23405.71
  502792.191     0.999963      1482735     27306.67
  503578.623     0.999969      1482748     32768.00
  503578.623     0.999973      1482748     36408.89
  504102.911     0.999976      1482752     40960.00
  504365.055     0.999979      1482757     46811.43
  504627.199     0.999982      1482760     54613.33
  505151.487     0.999985      1482765     65536.00
  505937.919     0.999986      1482768     72817.78
  506200.063     0.999988      1482771     81920.00
  507510.783     0.999989      1482772     93622.86
  507772.927     0.999991      1482774    109226.67
  508297.215     0.999992      1482777    131072.00
  508297.215     0.999993      1482777    145635.56
  508559.359     0.999994      1482779    163840.00
  508821.503     0.999995      1482780    187245.71
  509083.647     0.999995      1482781    218453.33
  510132.223     0.999996      1482783    262144.00
  510132.223     0.999997      1482783    291271.11
  510132.223     0.999997      1482783    327680.00
  510394.367     0.999997      1482784    374491.43
  510394.367     0.999998      1482784    436906.67
  510918.655     0.999998      1482785    524288.00
  510918.655     0.999998      1482785    582542.22
  510918.655     0.999998      1482785    655360.00
  511442.943     0.999999      1482786    748982.86
  511442.943     0.999999      1482786    873813.33
  511442.943     0.999999      1482786   1048576.00
  511442.943     0.999999      1482786   1165084.44
  511442.943     0.999999      1482786   1310720.00
  511967.231     0.999999      1482787   1497965.71
  511967.231     1.000000      1482787          inf
#[Mean    =   143640.855, StdDeviation   =   101160.982]
#[Max     =   511705.088, Total count    =      1482787]
#[Buckets =           27, SubBuckets     =         2048]
----------------------------------------------------------
  1491823 requests in 30.00m, 20.11GB read
  Socket errors: connect 0, read 11398, write 292910, timeout 121841
  Non-2xx or 3xx responses: 1000
Requests/sec:    828.79
Transfer/sec:     11.44MB
