Running 60m test @ http://51.140.52.202:60
  2 threads and 1000 connections
  Thread calibration: mean lat.: 665.981ms, rate sampling interval: 2863ms
  Thread calibration: mean lat.: 695.421ms, rate sampling interval: 3061ms
  Thread Stats   Avg      Stdev     99%   +/- Stdev
    Latency     2.33m     1.50m    5.59m    60.13%
    Req/Sec     0.92k    59.16     1.01k    71.79%
  Latency Distribution (HdrHistogram - Recorded Latency)
 50.000%    2.20m 
 75.000%    3.50m 
 90.000%    4.47m 
 99.000%    5.59m 
 99.900%    6.22m 
 99.990%    6.61m 
 99.999%    6.86m 
100.000%    6.95m 

  Detailed Percentile spectrum:
       Value   Percentile   TotalCount 1/(1-Percentile)

       6.467     0.000000            1         1.00
   24182.783     0.100000       658076         1.11
   48693.247     0.200000      1315936         1.25
   75104.255     0.300000      1974259         1.43
  102694.911     0.400000      2630965         1.67
  131858.431     0.500000      3288099         2.00
  146538.495     0.550000      3619501         2.22
  161611.775     0.600000      3946166         2.50
  176422.911     0.650000      4275788         2.86
  192675.839     0.700000      4603868         3.33
  210108.415     0.750000      4934548         4.00
  219021.311     0.775000      5098247         4.44
  228065.279     0.800000      5262114         5.00
  237371.391     0.825000      5426865         5.71
  247332.863     0.850000      5590711         6.67
  257294.335     0.875000      5754316         8.00
  262537.215     0.887500      5837200         8.89
  268173.311     0.900000      5920550        10.00
  273940.479     0.912500      6002208        11.43
  280231.935     0.925000      6085267        13.33
  286785.535     0.937500      6167533        16.00
  290455.551     0.943750      6207622        17.78
  294649.855     0.950000      6249436        20.00
  298582.015     0.956250      6288912        22.86
  303038.463     0.962500      6331240        26.67
  308019.199     0.968750      6371395        32.00
  310902.783     0.971875      6392216        35.56
  314048.511     0.975000      6412716        40.00
  317456.383     0.978125      6433284        45.71
  321388.543     0.981250      6453791        53.33
  325844.991     0.984375      6474287        64.00
  328204.287     0.985938      6484034        71.11
  330825.727     0.987500      6494539        80.00
  333709.311     0.989062      6504947        91.43
  336592.895     0.990625      6514547       106.67
  340262.911     0.992188      6524970       128.00
  342360.063     0.992969      6530210       142.22
  344719.359     0.993750      6535584       160.00
  347340.799     0.994531      6540562       182.86
  350224.383     0.995313      6545501       213.33
  353894.399     0.996094      6550762       256.00
  355729.407     0.996484      6553213       284.44
  357826.559     0.996875      6555724       320.00
  360185.855     0.997266      6558216       365.71
  363069.439     0.997656      6560991       426.67
  365690.879     0.998047      6563567       512.00
  367001.599     0.998242      6564862       568.89
  368312.319     0.998437      6566103       640.00
  369623.039     0.998633      6567235       731.43
  371195.903     0.998828      6568599       853.33
  373293.055     0.999023      6569842      1024.00
  374603.775     0.999121      6570517      1137.78
  375914.495     0.999219      6571061      1280.00
  377749.503     0.999316      6571718      1462.86
  380370.943     0.999414      6572380      1706.67
  383778.815     0.999512      6572989      2048.00
  385351.679     0.999561      6573361      2275.56
  386662.399     0.999609      6573654      2560.00
  388235.263     0.999658      6573953      2925.71
  389808.127     0.999707      6574302      3413.33
  391380.991     0.999756      6574602      4096.00
  392167.423     0.999780      6574806      4551.11
  392691.711     0.999805      6574921      5120.00
  393478.143     0.999829      6575075      5851.43
  394526.719     0.999854      6575236      6826.67
  395575.295     0.999878      6575399      8192.00
  396361.727     0.999890      6575481      9102.22
  397148.159     0.999902      6575558     10240.00
  398721.023     0.999915      6575658     11702.86
  399245.311     0.999927      6575718     13653.33
  400031.743     0.999939      6575815     16384.00
  400293.887     0.999945      6575842     18204.44
  400556.031     0.999951      6575877     20480.00
  401080.319     0.999957      6575922     23405.71
  401604.607     0.999963      6575957     27306.67
  402915.327     0.999969      6575996     32768.00
  405012.479     0.999973      6576017     36408.89
  408420.351     0.999976      6576042     40960.00
  409206.783     0.999979      6576061     46811.43
  409993.215     0.999982      6576079     54613.33
  410779.647     0.999985      6576102     65536.00
  411041.791     0.999986      6576111     72817.78
  411303.935     0.999988      6576121     81920.00
  411828.223     0.999989      6576133     93622.86
  412090.367     0.999991      6576138    109226.67
  412614.655     0.999992      6576147    131072.00
  413138.943     0.999993      6576154    145635.56
  413401.087     0.999994      6576160    163840.00
  413663.231     0.999995      6576166    187245.71
  413663.231     0.999995      6576166    218453.33
  414187.519     0.999996      6576174    262144.00
  414187.519     0.999997      6576174    291271.11
  414449.663     0.999997      6576177    327680.00
  414711.807     0.999997      6576180    374491.43
  414973.951     0.999998      6576183    436906.67
  415236.095     0.999998      6576186    524288.00
  415236.095     0.999998      6576186    582542.22
  415236.095     0.999998      6576186    655360.00
  415498.239     0.999999      6576188    748982.86
  415760.383     0.999999      6576189    873813.33
  416022.527     0.999999      6576192   1048576.00
  416022.527     0.999999      6576192   1165084.44
  416022.527     0.999999      6576192   1310720.00
  416022.527     0.999999      6576192   1497965.71
  416284.671     0.999999      6576193   1747626.67
  416284.671     1.000000      6576193   2097152.00
  416546.815     1.000000      6576194   2330168.89
  416546.815     1.000000      6576194   2621440.00
  416546.815     1.000000      6576194   2995931.43
  416808.959     1.000000      6576195   3495253.33
  416808.959     1.000000      6576195   4194304.00
  416808.959     1.000000      6576195   4660337.78
  416808.959     1.000000      6576195   5242880.00
  416808.959     1.000000      6576195   5991862.86
  417071.103     1.000000      6576196   6990506.67
  417071.103     1.000000      6576196          inf
#[Mean    =   139648.672, StdDeviation   =    90074.541]
#[Max     =   416808.960, Total count    =      6576196]
#[Buckets =           27, SubBuckets     =         2048]
----------------------------------------------------------
  6592810 requests in 60.00m, 3.00GB read
  Socket errors: connect 0, read 1, write 0, timeout 33078
  Non-2xx or 3xx responses: 15
Requests/sec:   1831.34
Transfer/sec:      0.85MB
