Running 60m test @ http://20.117.150.180:60/wrk2-api/post/compose
  2 threads and 1000 connections
  Thread calibration: mean lat.: 1398.338ms, rate sampling interval: 7974ms
  Thread calibration: mean lat.: 1360.083ms, rate sampling interval: 7643ms
  Thread Stats   Avg      Stdev     99%   +/- Stdev
    Latency    20.56m    10.50m   38.90m    59.15%
    Req/Sec   183.24     32.12   235.00     75.52%
  Latency Distribution (HdrHistogram - Recorded Latency)
 50.000%   21.32m 
 75.000%   29.34m 
 90.000%   34.52m 
 99.000%   38.90m 
 99.900%   41.03m 
 99.990%   42.82m 
 99.999%   43.76m 
100.000%   43.87m 

  Detailed Percentile spectrum:
       Value   Percentile   TotalCount 1/(1-Percentile)

     181.375     0.000000            1         1.00
  365953.023     0.100000       131930         1.11
  578813.951     0.200000       264093         1.25
  818413.567     0.300000       395940         1.43
 1061158.911     0.400000       527915         1.67
 1279262.719     0.500000       660339         2.00
 1373634.559     0.550000       726232         2.22
 1468006.399     0.600000       792307         2.50
 1563426.815     0.650000       858198         2.86
 1659895.807     0.700000       923801         3.33
 1760559.103     0.750000       989757         4.00
 1811939.327     0.775000      1022784         4.44
 1861222.399     0.800000      1055576         5.00
 1912602.623     0.825000      1088493         5.71
 1965031.423     0.850000      1121747         6.67
 2016411.647     0.875000      1154835         8.00
 2042626.047     0.887500      1171271         8.89
 2070937.599     0.900000      1187759        10.00
 2099249.151     0.912500      1203993        11.43
 2128609.279     0.925000      1220745        13.33
 2157969.407     0.937500      1237263        16.00
 2174746.623     0.943750      1245850        17.78
 2189426.687     0.950000      1253385        20.00
 2208301.055     0.956250      1262355        22.86
 2225078.271     0.962500      1270106        26.67
 2243952.639     0.968750      1278611        32.00
 2254438.399     0.971875      1282900        35.56
 2264924.159     0.975000      1286791        40.00
 2275409.919     0.978125      1290566        45.71
 2287992.831     0.981250      1294660        53.33
 2302672.895     0.984375      1298920        64.00
 2311061.503     0.985938      1301074        71.11
 2319450.111     0.987500      1303093        80.00
 2327838.719     0.989062      1305036        91.43
 2338324.479     0.990625      1307252       106.67
 2348810.239     0.992188      1309178       128.00
 2355101.695     0.992969      1310236       142.22
 2361393.151     0.993750      1311097       160.00
 2369781.759     0.994531      1312083       182.86
 2378170.367     0.995313      1313079       213.33
 2388656.127     0.996094      1314151       256.00
 2394947.583     0.996484      1314720       284.44
 2401239.039     0.996875      1315243       320.00
 2407530.495     0.997266      1315626       365.71
 2415919.103     0.997656      1316148       426.67
 2426404.863     0.998047      1316709       512.00
 2432696.319     0.998242      1317010       568.89
 2436890.623     0.998437      1317193       640.00
 2445279.231     0.998633      1317476       731.43
 2453667.839     0.998828      1317715       853.33
 2464153.599     0.999023      1317991      1024.00
 2468347.903     0.999121      1318086      1137.78
 2474639.359     0.999219      1318210      1280.00
 2483027.967     0.999316      1318361      1462.86
 2487222.271     0.999414      1318455      1706.67
 2495610.879     0.999512      1318612      2048.00
 2499805.183     0.999561      1318663      2275.56
 2506096.639     0.999609      1318739      2560.00
 2512388.095     0.999658      1318775      2925.71
 2520776.703     0.999707      1318851      3413.33
 2527068.159     0.999756      1318911      4096.00
 2531262.463     0.999780      1318946      4551.11
 2535456.767     0.999805      1318991      5120.00
 2537553.919     0.999829      1319011      5851.43
 2550136.831     0.999854      1319033      6826.67
 2560622.591     0.999878      1319069      8192.00
 2566914.047     0.999890      1319086      9102.22
 2569011.199     0.999902      1319101     10240.00
 2581594.111     0.999915      1319114     11702.86
 2589982.719     0.999927      1319130     13653.33
 2594177.023     0.999939      1319149     16384.00
 2596274.175     0.999945      1319160     18204.44
 2598371.327     0.999951      1319165     20480.00
 2600468.479     0.999957      1319170     23405.71
 2604662.783     0.999963      1319178     27306.67
 2608857.087     0.999969      1319195     32768.00
 2608857.087     0.999973      1319195     36408.89
 2608857.087     0.999976      1319195     40960.00
 2610954.239     0.999979      1319200     46811.43
 2613051.391     0.999982      1319205     54613.33
 2613051.391     0.999985      1319205     65536.00
 2617245.695     0.999986      1319207     72817.78
 2623537.151     0.999988      1319209     81920.00
 2625634.303     0.999989      1319213     93622.86
 2625634.303     0.999991      1319213    109226.67
 2627731.455     0.999992      1319219    131072.00
 2627731.455     0.999993      1319219    145635.56
 2627731.455     0.999994      1319219    163840.00
 2627731.455     0.999995      1319219    187245.71
 2627731.455     0.999995      1319219    218453.33
 2629828.607     0.999996      1319223    262144.00
 2629828.607     0.999997      1319223    291271.11
 2629828.607     0.999997      1319223    327680.00
 2629828.607     0.999997      1319223    374491.43
 2629828.607     0.999998      1319223    436906.67
 2629828.607     0.999998      1319223    524288.00
 2629828.607     0.999998      1319223    582542.22
 2629828.607     0.999998      1319223    655360.00
 2631925.759     0.999999      1319225    748982.86
 2631925.759     1.000000      1319225          inf
#[Mean    =  1233867.748, StdDeviation   =   630150.616]
#[Max     =  2629828.608, Total count    =      1319225]
#[Buckets =           27, SubBuckets     =         2048]
----------------------------------------------------------
  1321793 requests in 60.00m, 272.00MB read
  Socket errors: connect 0, read 107, write 1724, timeout 604608
  Non-2xx or 3xx responses: 188812
Requests/sec:    367.16
Transfer/sec:     77.37KB
