Running 60m test @ http://51.140.51.141:60
  2 threads and 1000 connections
  Thread calibration: mean lat.: 859.144ms, rate sampling interval: 3739ms
  Thread calibration: mean lat.: 836.799ms, rate sampling interval: 3524ms
  Thread Stats   Avg      Stdev     99%   +/- Stdev
    Latency    29.17s    12.30s    1.01m    69.96%
    Req/Sec     0.99k    36.45     1.09k    78.15%
  Latency Distribution (HdrHistogram - Recorded Latency)
 50.000%   28.52s 
 75.000%   36.86s 
 90.000%   45.29s 
 99.000%    1.01m 
 99.900%    1.21m 
 99.990%    1.37m 
 99.999%    1.47m 
100.000%    1.51m 

  Detailed Percentile spectrum:
       Value   Percentile   TotalCount 1/(1-Percentile)

       3.141     0.000000            1         1.00
   14221.311     0.100000       711120         1.11
   19267.583     0.200000      1422455         1.25
   22724.607     0.300000      2135991         1.43
   25673.727     0.400000      2845716         1.67
   28524.543     0.500000      3557619         2.00
   29982.719     0.550000      3913351         2.22
   31490.047     0.600000      4266430         2.50
   33112.063     0.650000      4621957         2.86
   34897.919     0.700000      4983168         3.33
   36863.999     0.750000      5338201         4.00
   37912.575     0.775000      5510910         4.44
   39092.223     0.800000      5690180         5.00
   40370.175     0.825000      5866911         5.71
   41811.967     0.850000      6046059         6.67
   43417.599     0.875000      6223035         8.00
   44302.335     0.887500      6312011         8.89
   45285.375     0.900000      6402341        10.00
   46333.951     0.912500      6489972        11.43
   47513.599     0.925000      6577873        13.33
   48889.855     0.937500      6666413        16.00
   49676.287     0.943750      6711295        17.78
   50528.255     0.950000      6756046        20.00
   51445.759     0.956250      6799785        22.86
   52494.335     0.962500      6844433        26.67
   53706.751     0.968750      6889210        32.00
   54394.879     0.971875      6911485        35.56
   55148.543     0.975000      6933723        40.00
   55967.743     0.978125      6955510        45.71
   56885.247     0.981250      6977426        53.33
   57966.591     0.984375      6999847        64.00
   58589.183     0.985938      7010967        71.11
   59244.543     0.987500      7021709        80.00
   59998.207     0.989062      7032910        91.43
   60850.175     0.990625      7044033       106.67
   61865.983     0.992188      7055204       128.00
   62423.039     0.992969      7060765       142.22
   63045.631     0.993750      7066271       160.00
   63733.759     0.994531      7071803       182.86
   64520.191     0.995313      7077266       213.33
   65470.463     0.996094      7082945       256.00
   66027.519     0.996484      7085739       284.44
   66584.575     0.996875      7088455       320.00
   67305.471     0.997266      7091390       365.71
   68026.367     0.997656      7094003       426.67
   69009.407     0.998047      7096840       512.00
   69533.695     0.998242      7098102       568.89
   70189.055     0.998437      7099563       640.00
   70909.951     0.998633      7100898       731.43
   71696.383     0.998828      7102274       853.33
   72679.423     0.999023      7103662      1024.00
   73203.711     0.999121      7104370      1137.78
   73793.535     0.999219      7105042      1280.00
   74579.967     0.999316      7105756      1462.86
   75431.935     0.999414      7106459      1706.67
   76414.975     0.999512      7107153      2048.00
   76939.263     0.999561      7107494      2275.56
   77463.551     0.999609      7107835      2560.00
   78053.375     0.999658      7108188      2925.71
   78577.663     0.999707      7108517      3413.33
   79298.559     0.999756      7108881      4096.00
   79626.239     0.999780      7109025      4551.11
   80084.991     0.999805      7109210      5120.00
   80478.207     0.999829      7109376      5851.43
   81068.031     0.999854      7109554      6826.67
   81723.391     0.999878      7109728      8192.00
   82051.071     0.999890      7109812      9102.22
   82378.751     0.999902      7109897     10240.00
   82771.967     0.999915      7109991     11702.86
   83230.719     0.999927      7110069     13653.33
   83951.615     0.999939      7110159     16384.00
   84344.831     0.999945      7110194     18204.44
   84869.119     0.999951      7110243     20480.00
   85262.335     0.999957      7110285     23405.71
   85786.623     0.999963      7110329     27306.67
   86310.911     0.999969      7110370     32768.00
   86835.199     0.999973      7110396     36408.89
   87031.807     0.999976      7110411     40960.00
   87359.487     0.999979      7110433     46811.43
   87687.167     0.999982      7110457     54613.33
   88014.847     0.999985      7110477     65536.00
   88145.919     0.999986      7110487     72817.78
   88276.991     0.999988      7110500     81920.00
   88408.063     0.999989      7110513     93622.86
   88539.135     0.999991      7110525    109226.67
   88670.207     0.999992      7110531    131072.00
   88801.279     0.999993      7110536    145635.56
   88932.351     0.999994      7110542    163840.00
   89063.423     0.999995      7110547    187245.71
   89128.959     0.999995      7110552    218453.33
   89260.031     0.999996      7110559    262144.00
   89325.567     0.999997      7110563    291271.11
   89325.567     0.999997      7110563    327680.00
   89391.103     0.999997      7110568    374491.43
   89391.103     0.999998      7110568    436906.67
   89587.711     0.999998      7110572    524288.00
   89587.711     0.999998      7110572    582542.22
   89718.783     0.999998      7110575    655360.00
   89718.783     0.999999      7110575    748982.86
   89784.319     0.999999      7110578    873813.33
   89784.319     0.999999      7110578   1048576.00
   89784.319     0.999999      7110578   1165084.44
   89849.855     0.999999      7110581   1310720.00
   89849.855     0.999999      7110581   1497965.71
   89849.855     0.999999      7110581   1747626.67
   89849.855     1.000000      7110581   2097152.00
   89849.855     1.000000      7110581   2330168.89
   90111.999     1.000000      7110582   2621440.00
   90111.999     1.000000      7110582   2995931.43
   90111.999     1.000000      7110582   3495253.33
   90439.679     1.000000      7110583   4194304.00
   90439.679     1.000000      7110583   4660337.78
   90439.679     1.000000      7110583   5242880.00
   90439.679     1.000000      7110583   5991862.86
   90439.679     1.000000      7110583   6990506.67
   90570.751     1.000000      7110584   8388608.00
   90570.751     1.000000      7110584          inf
#[Mean    =    29169.190, StdDeviation   =    12295.558]
#[Max     =    90505.216, Total count    =      7110584]
#[Buckets =           27, SubBuckets     =         2048]
----------------------------------------------------------
  7126692 requests in 60.00m, 3.21GB read
  Socket errors: connect 0, read 32, write 484, timeout 32813
  Non-2xx or 3xx responses: 204778
Requests/sec:   1979.64
Transfer/sec:      0.91MB
