Running 30m test @ http://20.108.10.35:60
  2 threads and 1000 connections
  Thread calibration: mean lat.: 4428.346ms, rate sampling interval: 14778ms
  Thread calibration: mean lat.: 4336.074ms, rate sampling interval: 14417ms
  Thread Stats   Avg      Stdev     99%   +/- Stdev
    Latency    12.49m     7.17m   24.75m    57.85%
    Req/Sec   167.62      7.54   180.00     82.45%
  Latency Distribution (HdrHistogram - Recorded Latency)
 50.000%   12.45m 
 75.000%   18.70m 
 90.000%   22.46m 
 99.000%   24.75m 
 99.900%   25.22m 
 99.990%   25.50m 
 99.999%   25.60m 
100.000%   25.64m 

  Detailed Percentile spectrum:
       Value   Percentile   TotalCount 1/(1-Percentile)

    3696.639     0.000000            1         1.00
  154402.815     0.100000        60213         1.11
  303824.895     0.200000       120360         1.25
  451149.823     0.300000       180525         1.43
  599261.183     0.400000       240757         1.67
  747110.399     0.500000       300903         2.00
  823132.159     0.550000       330929         2.22
  897056.767     0.600000       361188         2.50
  972029.951     0.650000       391110         2.86
 1046478.847     0.700000       421184         3.33
 1121976.319     0.750000       451238         4.00
 1159725.055     0.775000       466576         4.44
 1198522.367     0.800000       481680         5.00
 1234173.951     0.825000       496610         5.71
 1270874.111     0.850000       511601         6.67
 1309671.423     0.875000       526440         8.00
 1328545.791     0.887500       534025         8.89
 1347420.159     0.900000       541732        10.00
 1365245.951     0.912500       549175        11.43
 1384120.319     0.925000       556630        13.33
 1404043.263     0.937500       564406        16.00
 1413480.447     0.943750       567827        17.78
 1423966.207     0.950000       571916        20.00
 1433403.391     0.956250       575728        22.86
 1441791.999     0.962500       579107        26.67
 1451229.183     0.968750       582938        32.00
 1456472.063     0.971875       585102        35.56
 1460666.367     0.975000       586811        40.00
 1464860.671     0.978125       588511        45.71
 1470103.551     0.981250       590547        53.33
 1475346.431     0.984375       592492        64.00
 1477443.583     0.985938       593245        71.11
 1480589.311     0.987500       594323        80.00
 1482686.463     0.989062       595068        91.43
 1485832.191     0.990625       596003       106.67
 1490026.495     0.992188       597205       128.00
 1491075.071     0.992969       597520       142.22
 1493172.223     0.993750       598067       160.00
 1494220.799     0.994531       598338       182.86
 1496317.951     0.995313       598809       213.33
 1499463.679     0.996094       599389       256.00
 1500512.255     0.996484       599582       284.44
 1501560.831     0.996875       599756       320.00
 1503657.983     0.997266       600057       365.71
 1505755.135     0.997656       600321       426.67
 1507852.287     0.998047       600552       512.00
 1508900.863     0.998242       600656       568.89
 1509949.439     0.998437       600771       640.00
 1510998.015     0.998633       600862       731.43
 1512046.591     0.998828       600958       853.33
 1513095.167     0.999023       601033      1024.00
 1514143.743     0.999121       601110      1137.78
 1515192.319     0.999219       601178      1280.00
 1516240.895     0.999316       601225      1462.86
 1517289.471     0.999414       601279      1706.67
 1519386.623     0.999512       601356      2048.00
 1519386.623     0.999561       601356      2275.56
 1520435.199     0.999609       601395      2560.00
 1521483.775     0.999658       601433      2925.71
 1522532.351     0.999707       601456      3413.33
 1523580.927     0.999756       601478      4096.00
 1524629.503     0.999780       601499      4551.11
 1525678.079     0.999805       601514      5120.00
 1526726.655     0.999829       601526      5851.43
 1527775.231     0.999854       601539      6826.67
 1528823.807     0.999878       601548      8192.00
 1529872.383     0.999890       601559      9102.22
 1529872.383     0.999902       601559     10240.00
 1530920.959     0.999915       601577     11702.86
 1530920.959     0.999927       601577     13653.33
 1531969.535     0.999939       601589     16384.00
 1531969.535     0.999945       601589     18204.44
 1531969.535     0.999951       601589     20480.00
 1533018.111     0.999957       601600     23405.71
 1533018.111     0.999963       601600     27306.67
 1533018.111     0.999969       601600     32768.00
 1534066.687     0.999973       601602     36408.89
 1535115.263     0.999976       601607     40960.00
 1535115.263     0.999979       601607     46811.43
 1535115.263     0.999982       601607     54613.33
 1536163.839     0.999985       601611     65536.00
 1536163.839     0.999986       601611     72817.78
 1536163.839     0.999988       601611     81920.00
 1536163.839     0.999989       601611     93622.86
 1537212.415     0.999991       601614    109226.67
 1537212.415     0.999992       601614    131072.00
 1537212.415     0.999993       601614    145635.56
 1537212.415     0.999994       601614    163840.00
 1537212.415     0.999995       601614    187245.71
 1538260.991     0.999995       601617    218453.33
 1538260.991     1.000000       601617          inf
#[Mean    =   749471.577, StdDeviation   =   430233.443]
#[Max     =  1537212.416, Total count    =       601617]
#[Buckets =           27, SubBuckets     =         2048]
----------------------------------------------------------
  604400 requests in 30.00m, 281.64MB read
  Socket errors: connect 0, read 198, write 808, timeout 16244
  Non-2xx or 3xx responses: 1
Requests/sec:    335.78
Transfer/sec:    160.22KB
