Running 30m test @ http://13.87.71.220:60
  2 threads and 1000 connections
  Thread calibration: mean lat.: 6.847ms, rate sampling interval: 24ms
  Thread calibration: mean lat.: 6.794ms, rate sampling interval: 24ms
  Thread Stats   Avg      Stdev     99%   +/- Stdev
    Latency     3.63s     2.88s   11.71s    65.42%
    Req/Sec     1.02k   335.08     1.78k    83.76%
  Latency Distribution (HdrHistogram - Recorded Latency)
 50.000%    3.17s 
 75.000%    5.45s 
 90.000%    7.63s 
 99.000%   11.71s 
 99.900%   15.06s 
 99.990%   17.89s 
 99.999%   20.28s 
100.000%   22.18s 

  Detailed Percentile spectrum:
       Value   Percentile   TotalCount 1/(1-Percentile)

       0.142     0.000000            1         1.00
     192.639     0.100000       356547         1.11
     886.271     0.200000       713181         1.25
    1614.847     0.300000      1069902         1.43
    2375.679     0.400000      1426007         1.67
    3166.207     0.500000      1783289         2.00
    3575.807     0.550000      1960774         2.22
    4001.791     0.600000      2139653         2.50
    4448.255     0.650000      2318378         2.86
    4927.487     0.700000      2496526         3.33
    5447.679     0.750000      2673961         4.00
    5734.399     0.775000      2763625         4.44
    6037.503     0.800000      2852704         5.00
    6365.183     0.825000      2941290         5.71
    6733.823     0.850000      3030780         6.67
    7143.423     0.875000      3119547         8.00
    7376.895     0.887500      3164407         8.89
    7626.751     0.900000      3208847        10.00
    7905.279     0.912500      3253459        11.43
    8216.575     0.925000      3297874        13.33
    8568.831     0.937500      3342248        16.00
    8773.631     0.943750      3364753        17.78
    8994.815     0.950000      3387108        20.00
    9240.575     0.956250      3409617        22.86
    9510.911     0.962500      3431284        26.67
    9838.591     0.968750      3453692        32.00
   10027.007     0.971875      3464860        35.56
   10231.807     0.975000      3476169        40.00
   10452.991     0.978125      3487083        45.71
   10706.943     0.981250      3498352        53.33
   11001.855     0.984375      3509405        64.00
   11165.695     0.985938      3514848        71.11
   11362.303     0.987500      3520556        80.00
   11567.103     0.989062      3526068        91.43
   11812.863     0.990625      3531649       106.67
   12099.583     0.992188      3537166       128.00
   12255.231     0.992969      3539902       142.22
   12435.455     0.993750      3542721       160.00
   12640.255     0.994531      3545554       182.86
   12861.439     0.995313      3548262       213.33
   13131.775     0.996094      3551092       256.00
   13287.423     0.996484      3552435       284.44
   13459.455     0.996875      3553854       320.00
   13656.063     0.997266      3555249       365.71
   13885.439     0.997656      3556650       426.67
   14139.391     0.998047      3558038       512.00
   14286.847     0.998242      3558721       568.89
   14450.687     0.998437      3559406       640.00
   14639.103     0.998633      3560107       731.43
   14860.287     0.998828      3560815       853.33
   15089.663     0.999023      3561494      1024.00
   15237.119     0.999121      3561835      1137.78
   15392.767     0.999219      3562192      1280.00
   15589.375     0.999316      3562541      1462.86
   15810.559     0.999414      3562886      1706.67
   16048.127     0.999512      3563238      2048.00
   16171.007     0.999561      3563406      2275.56
   16326.655     0.999609      3563575      2560.00
   16482.303     0.999658      3563749      2925.71
   16662.527     0.999707      3563926      3413.33
   16842.751     0.999756      3564102      4096.00
   16990.207     0.999780      3564187      4551.11
   17104.895     0.999805      3564275      5120.00
   17268.735     0.999829      3564360      5851.43
   17448.959     0.999854      3564449      6826.67
   17661.951     0.999878      3564531      8192.00
   17793.023     0.999890      3564580      9102.22
   17924.095     0.999902      3564618     10240.00
   18087.935     0.999915      3564663     11702.86
   18235.391     0.999927      3564708     13653.33
   18399.231     0.999939      3564752     16384.00
   18530.303     0.999945      3564771     18204.44
   18694.143     0.999951      3564794     20480.00
   18808.831     0.999957      3564818     23405.71
   19021.823     0.999963      3564836     27306.67
   19251.199     0.999969      3564858     32768.00
   19398.655     0.999973      3564869     36408.89
   19562.495     0.999976      3564879     40960.00
   19726.335     0.999979      3564892     46811.43
   19857.407     0.999982      3564902     54613.33
   20037.631     0.999985      3564912     65536.00
   20103.167     0.999986      3564918     72817.78
   20168.703     0.999988      3564926     81920.00
   20201.471     0.999989      3564929     93622.86
   20398.079     0.999991      3564935    109226.67
   20479.999     0.999992      3564939    131072.00
   20774.911     0.999993      3564942    145635.56
   20791.295     0.999994      3564945    163840.00
   20824.063     0.999995      3564947    187245.71
   20889.599     0.999995      3564950    218453.33
   21069.823     0.999996      3564953    262144.00
   21102.591     0.999997      3564954    291271.11
   21184.511     0.999997      3564956    327680.00
   21233.663     0.999997      3564957    374491.43
   21282.815     0.999998      3564958    436906.67
   21364.735     0.999998      3564960    524288.00
   21364.735     0.999998      3564960    582542.22
   21413.887     0.999998      3564961    655360.00
   21446.655     0.999999      3564963    748982.86
   21446.655     0.999999      3564963    873813.33
   21446.655     0.999999      3564963   1048576.00
   21446.655     0.999999      3564963   1165084.44
   21528.575     0.999999      3564964   1310720.00
   21528.575     0.999999      3564964   1497965.71
   21528.575     0.999999      3564964   1747626.67
   21970.943     1.000000      3564965   2097152.00
   21970.943     1.000000      3564965   2330168.89
   21970.943     1.000000      3564965   2621440.00
   21970.943     1.000000      3564965   2995931.43
   21970.943     1.000000      3564965   3495253.33
   22183.935     1.000000      3564966   4194304.00
   22183.935     1.000000      3564966          inf
#[Mean    =     3628.016, StdDeviation   =     2876.657]
#[Max     =    22167.552, Total count    =      3564966]
#[Buckets =           27, SubBuckets     =         2048]
----------------------------------------------------------
  3583803 requests in 30.00m, 1.63GB read
  Socket errors: connect 0, read 2950, write 9867, timeout 16312
  Non-2xx or 3xx responses: 46250
Requests/sec:   1991.00
Transfer/sec:      0.93MB
