Running 60m test @ http://20.117.150.131:60/wrk2-api/home-timeline/read
  2 threads and 1000 connections
  Thread calibration: mean lat.: 134.135ms, rate sampling interval: 734ms
  Thread calibration: mean lat.: 138.326ms, rate sampling interval: 786ms
  Thread Stats   Avg      Stdev     99%   +/- Stdev
    Latency     8.94m     4.26m   17.76m    65.60%
    Req/Sec   364.80     61.68   479.00     69.59%
  Latency Distribution (HdrHistogram - Recorded Latency)
 50.000%    8.98m 
 75.000%   12.13m 
 90.000%   14.58m 
 99.000%   17.76m 
 99.900%   19.70m 
 99.990%   21.09m 
 99.999%   22.91m 
100.000%   23.09m 

  Detailed Percentile spectrum:
       Value   Percentile   TotalCount 1/(1-Percentile)

      24.879     0.000000            1         1.00
  191889.407     0.100000       262148         1.11
  314310.655     0.200000       524263         1.25
  393740.287     0.300000       786692         1.43
  466092.031     0.400000      1048403         1.67
  538968.063     0.500000      1312185         2.00
  572522.495     0.550000      1442762         2.22
  608174.079     0.600000      1572964         2.50
  646447.103     0.650000      1704129         2.86
  685768.703     0.700000      1835263         3.33
  727711.743     0.750000      1966968         4.00
  749207.551     0.775000      2031413         4.44
  772276.223     0.800000      2097838         5.00
  795869.183     0.825000      2162495         5.71
  820510.719     0.850000      2227480         6.67
  847249.407     0.875000      2294157         8.00
  860356.607     0.887500      2326483         8.89
  875036.671     0.900000      2358915        10.00
  891289.599     0.912500      2392123        11.43
  909115.391     0.925000      2424806        13.33
  928514.047     0.937500      2457541        16.00
  938999.807     0.943750      2473923        17.78
  950009.855     0.950000      2489918        20.00
  961544.191     0.956250      2506594        22.86
  974127.103     0.962500      2522570        26.67
  989331.455     0.968750      2539147        32.00
  997195.775     0.971875      2547186        35.56
 1005584.383     0.975000      2555379        40.00
 1014497.279     0.978125      2563223        45.71
 1025507.327     0.981250      2571582        53.33
 1037565.951     0.984375      2579822        64.00
 1044381.695     0.985938      2583792        71.11
 1052246.015     0.987500      2587936        80.00
 1060634.623     0.989062      2592056        91.43
 1069023.231     0.990625      2596187       106.67
 1077936.127     0.992188      2600068       128.00
 1084227.583     0.992969      2602439       142.22
 1090519.039     0.993750      2604459       160.00
 1096810.495     0.994531      2606339       182.86
 1105199.103     0.995313      2608281       213.33
 1114636.287     0.996094      2610314       256.00
 1120927.743     0.996484      2611461       284.44
 1127219.199     0.996875      2612381       320.00
 1134559.231     0.997266      2613464       365.71
 1141899.263     0.997656      2614448       426.67
 1151336.447     0.998047      2615506       512.00
 1155530.751     0.998242      2615935       568.89
 1160773.631     0.998437      2616449       640.00
 1168113.663     0.998633      2617022       731.43
 1175453.695     0.998828      2617482       853.33
 1182793.727     0.999023      2618001      1024.00
 1186988.031     0.999121      2618283      1137.78
 1190133.759     0.999219      2618495      1280.00
 1194328.063     0.999316      2618745      1462.86
 1199570.943     0.999414      2619024      1706.67
 1209008.127     0.999512      2619267      2048.00
 1212153.855     0.999561      2619373      2275.56
 1219493.887     0.999609      2619519      2560.00
 1224736.767     0.999658      2619631      2925.71
 1231028.223     0.999707      2619762      3413.33
 1236271.103     0.999756      2619903      4096.00
 1240465.407     0.999780      2619957      4551.11
 1245708.287     0.999805      2620028      5120.00
 1249902.591     0.999829      2620088      5851.43
 1258291.199     0.999854      2620142      6826.67
 1262485.503     0.999878      2620215      8192.00
 1264582.655     0.999890      2620248      9102.22
 1265631.231     0.999902      2620269     10240.00
 1268776.959     0.999915      2620310     11702.86
 1270874.111     0.999927      2620349     13653.33
 1274019.839     0.999939      2620365     16384.00
 1284505.599     0.999945      2620381     18204.44
 1293942.783     0.999951      2620398     20480.00
 1306525.695     0.999957      2620413     23405.71
 1311768.575     0.999963      2620431     27306.67
 1337982.975     0.999969      2620447     32768.00
 1347420.159     0.999973      2620454     36408.89
 1351614.463     0.999976      2620469     40960.00
 1351614.463     0.999979      2620469     46811.43
 1352663.039     0.999982      2620479     54613.33
 1355808.767     0.999985      2620485     65536.00
 1362100.223     0.999986      2620489     72817.78
 1367343.103     0.999988      2620493     81920.00
 1373634.559     0.999989      2620497     93622.86
 1375731.711     0.999991      2620507    109226.67
 1375731.711     0.999992      2620507    131072.00
 1375731.711     0.999993      2620507    145635.56
 1376780.287     0.999994      2620512    163840.00
 1376780.287     0.999995      2620512    187245.71
 1377828.863     0.999995      2620515    218453.33
 1377828.863     0.999996      2620515    262144.00
 1378877.439     0.999997      2620518    291271.11
 1378877.439     0.999997      2620518    327680.00
 1378877.439     0.999997      2620518    374491.43
 1379926.015     0.999998      2620521    436906.67
 1379926.015     0.999998      2620521    524288.00
 1379926.015     0.999998      2620521    582542.22
 1379926.015     0.999998      2620521    655360.00
 1379926.015     0.999999      2620521    748982.86
 1380974.591     0.999999      2620522    873813.33
 1380974.591     0.999999      2620522   1048576.00
 1380974.591     0.999999      2620522   1165084.44
 1382023.167     0.999999      2620523   1310720.00
 1382023.167     0.999999      2620523   1497965.71
 1382023.167     0.999999      2620523   1747626.67
 1382023.167     1.000000      2620523   2097152.00
 1382023.167     1.000000      2620523   2330168.89
 1385168.895     1.000000      2620524   2621440.00
 1385168.895     1.000000      2620524          inf
#[Mean    =   536576.597, StdDeviation   =   255725.457]
#[Max     =  1384120.320, Total count    =      2620524]
#[Buckets =           27, SubBuckets     =         2048]
----------------------------------------------------------
  2629447 requests in 60.00m, 34.05GB read
  Socket errors: connect 0, read 562, write 15090, timeout 243929
  Non-2xx or 3xx responses: 74982
Requests/sec:    730.40
Transfer/sec:      9.68MB
