Running 30m test @ http://20.108.11.36:60
  2 threads and 1000 connections
  Thread calibration: mean lat.: 4390.456ms, rate sampling interval: 14163ms
  Thread calibration: mean lat.: 4466.165ms, rate sampling interval: 14450ms
  Thread Stats   Avg      Stdev     99%   +/- Stdev
    Latency    12.37m     7.10m   24.52m    57.85%
    Req/Sec   175.23      9.47   191.00     85.54%
  Latency Distribution (HdrHistogram - Recorded Latency)
 50.000%   12.30m 
 75.000%   18.52m 
 90.000%   22.28m 
 99.000%   24.52m 
 99.900%   25.03m 
 99.990%   25.31m 
 99.999%   25.45m 
100.000%   25.50m 

  Detailed Percentile spectrum:
       Value   Percentile   TotalCount 1/(1-Percentile)

    3055.615     0.000000            1         1.00
  154402.815     0.100000        62922         1.11
  299892.735     0.200000       125765         1.25
  447741.951     0.300000       188636         1.43
  594542.591     0.400000       251733         1.67
  738197.503     0.500000       314427         2.00
  810549.247     0.550000       345907         2.22
  885522.431     0.600000       377410         2.50
  959971.327     0.650000       408868         2.86
 1035468.799     0.700000       440335         3.33
 1111490.559     0.750000       471985         4.00
 1148190.719     0.775000       487659         4.44
 1185939.455     0.800000       503129         5.00
 1223688.191     0.825000       518972         5.71
 1261436.927     0.850000       534858         6.67
 1299185.663     0.875000       550352         8.00
 1318060.031     0.887500       558194         8.89
 1336934.399     0.900000       566289        10.00
 1354760.191     0.912500       574108        11.43
 1372585.983     0.925000       581833        13.33
 1391460.351     0.937500       589780        16.00
 1400897.535     0.943750       593606        17.78
 1410334.719     0.950000       597646        20.00
 1419771.903     0.956250       601627        22.86
 1429209.087     0.962500       605664        26.67
 1437597.695     0.968750       609260        32.00
 1442840.575     0.971875       611494        35.56
 1447034.879     0.975000       613281        40.00
 1452277.759     0.978125       615438        45.71
 1456472.063     0.981250       617134        53.33
 1461714.943     0.984375       619078        64.00
 1463812.095     0.985938       619939        71.11
 1466957.823     0.987500       621120        80.00
 1470103.551     0.989062       622231        91.43
 1472200.703     0.990625       622896       106.67
 1475346.431     0.992188       623876       128.00
 1477443.583     0.992969       624448       142.22
 1479540.735     0.993750       624978       160.00
 1481637.887     0.994531       625437       182.86
 1483735.039     0.995313       625888       213.33
 1486880.767     0.996094       626506       256.00
 1487929.343     0.996484       626720       284.44
 1488977.919     0.996875       626909       320.00
 1490026.495     0.997266       627070       365.71
 1492123.647     0.997656       627350       426.67
 1494220.799     0.998047       627581       512.00
 1495269.375     0.998242       627691       568.89
 1497366.527     0.998437       627873       640.00
 1498415.103     0.998633       627968       731.43
 1499463.679     0.998828       628053       853.33
 1501560.831     0.999023       628190      1024.00
 1502609.407     0.999121       628251      1137.78
 1503657.983     0.999219       628311      1280.00
 1504706.559     0.999316       628370      1462.86
 1505755.135     0.999414       628419      1706.67
 1506803.711     0.999512       628476      2048.00
 1507852.287     0.999561       628517      2275.56
 1508900.863     0.999609       628553      2560.00
 1509949.439     0.999658       628594      2925.71
 1509949.439     0.999707       628594      3413.33
 1512046.591     0.999756       628640      4096.00
 1512046.591     0.999780       628640      4551.11
 1513095.167     0.999805       628658      5120.00
 1514143.743     0.999829       628672      5851.43
 1516240.895     0.999854       628695      6826.67
 1517289.471     0.999878       628705      8192.00
 1518338.047     0.999890       628717      9102.22
 1518338.047     0.999902       628717     10240.00
 1519386.623     0.999915       628731     11702.86
 1519386.623     0.999927       628731     13653.33
 1521483.775     0.999939       628742     16384.00
 1522532.351     0.999945       628748     18204.44
 1522532.351     0.999951       628748     20480.00
 1523580.927     0.999957       628755     23405.71
 1523580.927     0.999963       628755     27306.67
 1524629.503     0.999969       628763     32768.00
 1524629.503     0.999973       628763     36408.89
 1524629.503     0.999976       628763     40960.00
 1525678.079     0.999979       628770     46811.43
 1525678.079     0.999982       628770     54613.33
 1525678.079     0.999985       628770     65536.00
 1525678.079     0.999986       628770     72817.78
 1525678.079     0.999988       628770     81920.00
 1526726.655     0.999989       628771     93622.86
 1527775.231     0.999991       628774    109226.67
 1527775.231     0.999992       628774    131072.00
 1527775.231     0.999993       628774    145635.56
 1527775.231     0.999994       628774    163840.00
 1527775.231     0.999995       628774    187245.71
 1528823.807     0.999995       628776    218453.33
 1528823.807     0.999996       628776    262144.00
 1528823.807     0.999997       628776    291271.11
 1528823.807     0.999997       628776    327680.00
 1528823.807     0.999997       628776    374491.43
 1528823.807     0.999998       628776    436906.67
 1528823.807     0.999998       628776    524288.00
 1528823.807     0.999998       628776    582542.22
 1529872.383     0.999998       628777    655360.00
 1529872.383     1.000000       628777          inf
#[Mean    =   742082.955, StdDeviation   =   426088.963]
#[Max     =  1528823.808, Total count    =       628777]
#[Buckets =           27, SubBuckets     =         2048]
----------------------------------------------------------
  631764 requests in 30.00m, 294.03MB read
  Socket errors: connect 0, read 164, write 766, timeout 16310
  Non-2xx or 3xx responses: 3388
Requests/sec:    350.98
Transfer/sec:    167.27KB
