Running 60m test @ http://51.140.51.66:60/wrk2-api/home-timeline/read
  2 threads and 1000 connections
  Thread calibration: mean lat.: 3058.299ms, rate sampling interval: 12410ms
  Thread calibration: mean lat.: 3005.901ms, rate sampling interval: 12173ms
  Thread Stats   Avg      Stdev     99%   +/- Stdev
    Latency    21.61m    12.94m   48.37m    70.99%
    Req/Sec   106.45     57.29   281.00     71.18%
  Latency Distribution (HdrHistogram - Recorded Latency)
 50.000%   18.52m 
 75.000%   32.31m 
 90.000%   41.45m 
 99.000%   48.37m 
 99.900%   50.72m 
 99.990%   51.87m 
 99.999%   52.46m 
100.000%   53.13m 

  Detailed Percentile spectrum:
       Value   Percentile   TotalCount 1/(1-Percentile)

    3569.663     0.000000            1         1.00
  532938.751     0.100000        76829         1.11
  563085.311     0.200000       154544         1.25
  630194.175     0.300000       230510         1.43
  795869.183     0.400000       307043         1.67
 1111490.559     0.500000       383896         2.00
 1277165.567     0.550000       422196         2.22
 1452277.759     0.600000       460605         2.50
 1619001.343     0.650000       498979         2.86
 1775239.167     0.700000       537205         3.33
 1938817.023     0.750000       575711         4.00
 2025848.831     0.775000       594818         4.44
 2117074.943     0.800000       614159         5.00
 2208301.055     0.825000       633171         5.71
 2302672.895     0.850000       652530         6.67
 2397044.735     0.875000       671893         8.00
 2441084.927     0.887500       681156         8.89
 2487222.271     0.900000       691040        10.00
 2531262.463     0.912500       700506        11.43
 2577399.807     0.925000       710252        13.33
 2625634.303     0.937500       719905        16.00
 2648702.975     0.943750       724301        17.78
 2675965.951     0.950000       729290        20.00
 2703228.927     0.956250       733956        22.86
 2732589.055     0.962500       738760        26.67
 2764046.335     0.968750       743676        32.00
 2778726.399     0.971875       745855        35.56
 2797600.767     0.975000       748450        40.00
 2814377.983     0.978125       750731        45.71
 2833252.351     0.981250       753079        53.33
 2856321.023     0.984375       755548        64.00
 2868903.935     0.985938       756801        71.11
 2879389.695     0.987500       757837        80.00
 2894069.759     0.989062       759169        91.43
 2908749.823     0.990625       760400       106.67
 2923429.887     0.992188       761534       128.00
 2931818.495     0.992969       762125       142.22
 2940207.103     0.993750       762699       160.00
 2950692.863     0.994531       763275       182.86
 2961178.623     0.995313       763846       213.33
 2973761.535     0.996094       764445       256.00
 2980052.991     0.996484       764750       284.44
 2986344.447     0.996875       765048       320.00
 2994733.055     0.997266       765390       365.71
 3003121.663     0.997656       765687       426.67
 3011510.271     0.998047       765940       512.00
 3017801.727     0.998242       766096       568.89
 3024093.183     0.998437       766249       640.00
 3030384.639     0.998633       766398       731.43
 3036676.095     0.998828       766544       853.33
 3042967.551     0.999023       766673      1024.00
 3047161.855     0.999121       766756      1137.78
 3051356.159     0.999219       766826      1280.00
 3055550.463     0.999316       766898      1462.86
 3061841.919     0.999414       766984      1706.67
 3068133.375     0.999512       767048      2048.00
 3072327.679     0.999561       767099      2275.56
 3074424.831     0.999609       767125      2560.00
 3078619.135     0.999658       767171      2925.71
 3082813.439     0.999707       767205      3413.33
 3087007.743     0.999756       767237      4096.00
 3089104.895     0.999780       767252      4551.11
 3095396.351     0.999805       767276      5120.00
 3099590.655     0.999829       767295      5851.43
 3101687.807     0.999854       767310      6826.67
 3107979.263     0.999878       767334      8192.00
 3110076.415     0.999890       767341      9102.22
 3114270.719     0.999902       767354     10240.00
 3116367.871     0.999915       767360     11702.86
 3118465.023     0.999927       767366     13653.33
 3122659.327     0.999939       767376     16384.00
 3124756.479     0.999945       767381     18204.44
 3126853.631     0.999951       767383     20480.00
 3131047.935     0.999957       767389     23405.71
 3133145.087     0.999963       767392     27306.67
 3137339.391     0.999969       767402     32768.00
 3137339.391     0.999973       767402     36408.89
 3137339.391     0.999976       767402     40960.00
 3139436.543     0.999979       767405     46811.43
 3141533.695     0.999982       767409     54613.33
 3141533.695     0.999985       767409     65536.00
 3143630.847     0.999986       767410     72817.78
 3147825.151     0.999988       767412     81920.00
 3147825.151     0.999989       767412     93622.86
 3149922.303     0.999991       767413    109226.67
 3162505.215     0.999992       767415    131072.00
 3162505.215     0.999993       767415    145635.56
 3172990.975     0.999994       767416    163840.00
 3172990.975     0.999995       767416    187245.71
 3181379.583     0.999995       767417    218453.33
 3185573.887     0.999996       767419    262144.00
 3185573.887     0.999997       767419    291271.11
 3185573.887     0.999997       767419    327680.00
 3185573.887     0.999997       767419    374491.43
 3185573.887     0.999998       767419    436906.67
 3185573.887     0.999998       767419    524288.00
 3185573.887     0.999998       767419    582542.22
 3185573.887     0.999998       767419    655360.00
 3185573.887     0.999999       767419    748982.86
 3187671.039     0.999999       767420    873813.33
 3187671.039     1.000000       767420          inf
#[Mean    =  1296523.347, StdDeviation   =   776186.126]
#[Max     =  3185573.888, Total count    =       767420]
#[Buckets =           27, SubBuckets     =         2048]
----------------------------------------------------------
  769221 requests in 60.00m, 7.12GB read
  Socket errors: connect 0, read 28737, write 133739, timeout 264244
  Non-2xx or 3xx responses: 206140
Requests/sec:    213.67
Transfer/sec:      2.02MB
