Running 60m test @ http://51.140.51.66:60/wrk2-api/post/compose
  2 threads and 1000 connections
  Thread calibration: mean lat.: 4301.713ms, rate sampling interval: 15319ms
  Thread calibration: mean lat.: 4231.497ms, rate sampling interval: 15130ms
  Thread Stats   Avg      Stdev     99%   +/- Stdev
    Latency    18.33m    12.92m   45.30m    62.38%
    Req/Sec   107.50     79.70   460.00     91.08%
  Latency Distribution (HdrHistogram - Recorded Latency)
 50.000%   15.43m 
 75.000%   28.66m 
 90.000%   37.75m 
 99.000%   45.30m 
 99.900%   48.09m 
 99.990%   49.67m 
 99.999%   50.33m 
100.000%   50.61m 

  Detailed Percentile spectrum:
       Value   Percentile   TotalCount 1/(1-Percentile)

     190.335     0.000000            1         1.00
  115474.431     0.100000        77508         1.11
  422051.839     0.200000       155115         1.25
  548405.247     0.300000       232824         1.43
  678952.959     0.400000       310151         1.67
  925892.607     0.500000       387589         2.00
 1096810.495     0.550000       426410         2.22
 1266679.807     0.600000       465183         2.50
 1417674.751     0.650000       504007         2.86
 1566572.543     0.700000       542638         3.33
 1719664.639     0.750000       581376         4.00
 1803550.719     0.775000       600710         4.44
 1895825.407     0.800000       620071         5.00
 1992294.399     0.825000       639572         5.71
 2084569.087     0.850000       658874         6.67
 2176843.775     0.875000       678338         8.00
 2220883.967     0.887500       688012         8.89
 2264924.159     0.900000       697558        10.00
 2311061.503     0.912500       707393        11.43
 2359295.999     0.925000       717237        13.33
 2409627.647     0.937500       726841        16.00
 2436890.623     0.943750       731655        17.78
 2464153.599     0.950000       736294        20.00
 2495610.879     0.956250       741517        22.86
 2524971.007     0.962500       746074        26.67
 2558525.439     0.968750       750857        32.00
 2577399.807     0.971875       753412        35.56
 2594177.023     0.975000       755683        40.00
 2615148.543     0.978125       758247        45.71
 2636120.063     0.981250       760537        53.33
 2661285.887     0.984375       762942        64.00
 2675965.951     0.985938       764214        71.11
 2690646.015     0.987500       765404        80.00
 2707423.231     0.989062       766676        91.43
 2724200.447     0.990625       767838       106.67
 2745171.967     0.992188       769100       128.00
 2753560.575     0.992969       769620       142.22
 2766143.487     0.993750       770288       160.00
 2776629.247     0.994531       770806       182.86
 2791309.311     0.995313       771447       213.33
 2805989.375     0.996094       772102       256.00
 2812280.831     0.996484       772354       284.44
 2820669.439     0.996875       772663       320.00
 2829058.047     0.997266       772968       365.71
 2837446.655     0.997656       773249       426.67
 2847932.415     0.998047       773548       512.00
 2854223.871     0.998242       773708       568.89
 2860515.327     0.998437       773852       640.00
 2868903.935     0.998633       774012       731.43
 2875195.391     0.998828       774134       853.33
 2885681.151     0.999023       774276      1024.00
 2891972.607     0.999121       774367      1137.78
 2898264.063     0.999219       774452      1280.00
 2904555.519     0.999316       774524      1462.86
 2910846.975     0.999414       774580      1706.67
 2919235.583     0.999512       774669      2048.00
 2921332.735     0.999561       774695      2275.56
 2927624.191     0.999609       774737      2560.00
 2931818.495     0.999658       774768      2925.71
 2940207.103     0.999707       774811      3413.33
 2946498.559     0.999756       774845      4096.00
 2950692.863     0.999780       774868      4551.11
 2956984.319     0.999805       774890      5120.00
 2959081.471     0.999829       774901      5851.43
 2967470.079     0.999854       774927      6826.67
 2971664.383     0.999878       774938      8192.00
 2975858.687     0.999890       774948      9102.22
 2980052.991     0.999902       774958     10240.00
 2986344.447     0.999915       774966     11702.86
 2990538.751     0.999927       774983     13653.33
 2992635.903     0.999939       774987     16384.00
 2994733.055     0.999945       774993     18204.44
 2996830.207     0.999951       774996     20480.00
 2998927.359     0.999957       775000     23405.71
 3005218.815     0.999963       775007     27306.67
 3009413.119     0.999969       775010     32768.00
 3011510.271     0.999973       775014     36408.89
 3011510.271     0.999976       775014     40960.00
 3013607.423     0.999979       775016     46811.43
 3015704.575     0.999982       775020     54613.33
 3017801.727     0.999985       775023     65536.00
 3017801.727     0.999986       775023     72817.78
 3017801.727     0.999988       775023     81920.00
 3019898.879     0.999989       775025     93622.86
 3019898.879     0.999991       775025    109226.67
 3021996.031     0.999992       775027    131072.00
 3021996.031     0.999993       775027    145635.56
 3024093.183     0.999994       775028    163840.00
 3024093.183     0.999995       775028    187245.71
 3026190.335     0.999995       775030    218453.33
 3026190.335     0.999996       775030    262144.00
 3026190.335     0.999997       775030    291271.11
 3026190.335     0.999997       775030    327680.00
 3026190.335     0.999997       775030    374491.43
 3028287.487     0.999998       775031    436906.67
 3028287.487     0.999998       775031    524288.00
 3028287.487     0.999998       775031    582542.22
 3028287.487     0.999998       775031    655360.00
 3028287.487     0.999999       775031    748982.86
 3036676.095     0.999999       775032    873813.33
 3036676.095     1.000000       775032          inf
#[Mean    =  1099582.119, StdDeviation   =   775328.168]
#[Max     =  3034578.944, Total count    =       775032]
#[Buckets =           27, SubBuckets     =         2048]
----------------------------------------------------------
  776248 requests in 60.00m, 176.60MB read
  Socket errors: connect 0, read 13363, write 81089, timeout 1538087
  Non-2xx or 3xx responses: 221285
Requests/sec:    215.62
Transfer/sec:     50.23KB
