Running 30m test @ http://20.108.188.234:60/wrk2-api/home-timeline/read
  2 threads and 1000 connections
  Thread calibration: mean lat.: 3814.795ms, rate sampling interval: 13320ms
  Thread calibration: mean lat.: 3637.156ms, rate sampling interval: 13139ms
  Thread Stats   Avg      Stdev     99%   +/- Stdev
    Latency    16.89m     7.82m   28.38m    62.19%
    Req/Sec    33.21     13.43    54.00     67.41%
  Latency Distribution (HdrHistogram - Recorded Latency)
 50.000%   18.44m 
 75.000%   23.26m 
 90.000%   26.11m 
 99.000%   28.38m 
 99.900%   29.38m 
 99.990%   29.69m 
 99.999%   29.80m 
100.000%   29.81m 

  Detailed Percentile spectrum:
       Value   Percentile   TotalCount 1/(1-Percentile)

    4718.591     0.000000            1         1.00
  254803.967     0.100000        12078         1.11
  532676.607     0.200000        24158         1.25
  818937.855     0.300000        36244         1.43
  989855.743     0.400000        48333         1.67
 1106247.679     0.500000        60471         2.00
 1162870.783     0.550000        66487         2.22
 1219493.887     0.600000        72569         2.50
 1278214.143     0.650000        78593         2.86
 1335885.823     0.700000        84570         3.33
 1395654.655     0.750000        90621         4.00
 1423966.207     0.775000        93609         4.44
 1453326.335     0.800000        96707         5.00
 1482686.463     0.825000        99662         5.71
 1510998.015     0.850000       102704         6.67
 1539309.567     0.875000       105732         8.00
 1551892.479     0.887500       107186         8.89
 1566572.543     0.900000       108702        10.00
 1582301.183     0.912500       110280        11.43
 1596981.247     0.925000       111726        13.33
 1613758.463     0.937500       113259        16.00
 1622147.071     0.943750       114023        17.78
 1631584.255     0.950000       114794        20.00
 1641021.439     0.956250       115545        22.86
 1650458.623     0.962500       116318        26.67
 1658847.231     0.968750       117046        32.00
 1664090.111     0.971875       117441        35.56
 1668284.415     0.975000       117765        40.00
 1673527.295     0.978125       118161        45.71
 1678770.175     0.981250       118527        53.33
 1686110.207     0.984375       118933        64.00
 1689255.935     0.985938       119080        71.11
 1694498.815     0.987500       119271        80.00
 1699741.695     0.989062       119475        91.43
 1704984.575     0.990625       119645       106.67
 1713373.183     0.992188       119846       128.00
 1717567.487     0.992969       119926       142.22
 1723858.943     0.993750       120025       160.00
 1729101.823     0.994531       120114       182.86
 1734344.703     0.995313       120218       213.33
 1739587.583     0.996094       120304       256.00
 1742733.311     0.996484       120354       284.44
 1745879.039     0.996875       120404       320.00
 1749024.767     0.997266       120443       365.71
 1752170.495     0.997656       120489       426.67
 1755316.223     0.998047       120542       512.00
 1757413.375     0.998242       120570       568.89
 1758461.951     0.998437       120595       640.00
 1759510.527     0.998633       120612       731.43
 1761607.679     0.998828       120636       853.33
 1763704.831     0.999023       120663      1024.00
 1764753.407     0.999121       120678      1137.78
 1764753.407     0.999219       120678      1280.00
 1766850.559     0.999316       120689      1462.86
 1768947.711     0.999414       120703      1706.67
 1771044.863     0.999512       120718      2048.00
 1771044.863     0.999561       120718      2275.56
 1772093.439     0.999609       120729      2560.00
 1772093.439     0.999658       120729      2925.71
 1774190.591     0.999707       120740      3413.33
 1775239.167     0.999756       120745      4096.00
 1775239.167     0.999780       120745      4551.11
 1776287.743     0.999805       120747      5120.00
 1777336.319     0.999829       120752      5851.43
 1778384.895     0.999854       120753      6826.67
 1781530.623     0.999878       120758      8192.00
 1781530.623     0.999890       120758      9102.22
 1782579.199     0.999902       120760     10240.00
 1782579.199     0.999915       120760     11702.86
 1783627.775     0.999927       120763     13653.33
 1783627.775     0.999939       120763     16384.00
 1784676.351     0.999945       120766     18204.44
 1784676.351     0.999951       120766     20480.00
 1784676.351     0.999957       120766     23405.71
 1784676.351     0.999963       120766     27306.67
 1785724.927     0.999969       120768     32768.00
 1785724.927     0.999973       120768     36408.89
 1785724.927     0.999976       120768     40960.00
 1785724.927     0.999979       120768     46811.43
 1785724.927     0.999982       120768     54613.33
 1787822.079     0.999985       120769     65536.00
 1787822.079     0.999986       120769     72817.78
 1787822.079     0.999988       120769     81920.00
 1787822.079     0.999989       120769     93622.86
 1787822.079     0.999991       120769    109226.67
 1788870.655     0.999992       120770    131072.00
 1788870.655     1.000000       120770          inf
#[Mean    =  1013581.445, StdDeviation   =   469262.648]
#[Max     =  1787822.080, Total count    =       120770]
#[Buckets =           27, SubBuckets     =         2048]
----------------------------------------------------------
  121666 requests in 30.00m, 1.56GB read
  Socket errors: connect 0, read 99449, write 677998, timeout 142006
  Non-2xx or 3xx responses: 3382
Requests/sec:     67.59
Transfer/sec:      0.89MB
