Running 30m test @ http://20.90.251.39:60/wrk2-api/home-timeline/read
  2 threads and 1000 connections
  Thread calibration: mean lat.: 2855.425ms, rate sampling interval: 10018ms
  Thread calibration: mean lat.: 2847.838ms, rate sampling interval: 9994ms
  Thread Stats   Avg      Stdev     99%   +/- Stdev
    Latency    14.04m     7.46m   26.62m    58.53%
    Req/Sec    59.72     10.52    78.00     62.36%
  Latency Distribution (HdrHistogram - Recorded Latency)
 50.000%   14.56m 
 75.000%   20.24m 
 90.000%   23.98m 
 99.000%   26.62m 
 99.900%   27.40m 
 99.990%   27.70m 
 99.999%   27.93m 
100.000%   28.05m 

  Detailed Percentile spectrum:
       Value   Percentile   TotalCount 1/(1-Percentile)

    2584.575     0.000000            1         1.00
  182976.511     0.100000        21584         1.11
  369098.751     0.200000        43159         1.25
  591921.151     0.300000        64743         1.43
  741867.519     0.400000        86363         1.67
  873463.807     0.500000       107889         2.00
  938475.519     0.550000       118687         2.22
 1001914.367     0.600000       129443         2.50
 1067450.367     0.650000       140229         2.86
 1137704.959     0.700000       151086         3.33
 1214251.007     0.750000       161851         4.00
 1255145.471     0.775000       167248         4.44
 1293942.783     0.800000       172718         5.00
 1331691.519     0.825000       178075         5.71
 1368391.679     0.850000       183499         6.67
 1404043.263     0.875000       188923         8.00
 1420820.479     0.887500       191560         8.89
 1438646.271     0.900000       194273        10.00
 1456472.063     0.912500       196862        11.43
 1475346.431     0.925000       199668        13.33
 1492123.647     0.937500       202381        16.00
 1500512.255     0.943750       203667        17.78
 1508900.863     0.950000       204965        20.00
 1518338.047     0.956250       206365        22.86
 1527775.231     0.962500       207684        26.67
 1539309.567     0.968750       209100        32.00
 1544552.447     0.971875       209761        35.56
 1550843.903     0.975000       210423        40.00
 1558183.935     0.978125       211093        45.71
 1566572.543     0.981250       211745        53.33
 1576009.727     0.984375       212391        64.00
 1581252.607     0.985938       212726        71.11
 1587544.063     0.987500       213094        80.00
 1592786.943     0.989062       213388        91.43
 1599078.399     0.990625       213726       106.67
 1606418.431     0.992188       214091       128.00
 1609564.159     0.992969       214243       142.22
 1612709.887     0.993750       214402       160.00
 1616904.191     0.994531       214610       182.86
 1620049.919     0.995313       214759       213.33
 1623195.647     0.996094       214904       256.00
 1625292.799     0.996484       214982       284.44
 1628438.527     0.996875       215096       320.00
 1630535.679     0.997266       215178       365.71
 1632632.831     0.997656       215245       426.67
 1635778.559     0.998047       215342       512.00
 1636827.135     0.998242       215365       568.89
 1638924.287     0.998437       215419       640.00
 1639972.863     0.998633       215453       731.43
 1642070.015     0.998828       215485       853.33
 1644167.167     0.999023       215535      1024.00
 1645215.743     0.999121       215547      1137.78
 1647312.895     0.999219       215582      1280.00
 1648361.471     0.999316       215599      1462.86
 1649410.047     0.999414       215617      1706.67
 1650458.623     0.999512       215630      2048.00
 1651507.199     0.999561       215641      2275.56
 1652555.775     0.999609       215651      2560.00
 1653604.351     0.999658       215664      2925.71
 1655701.503     0.999707       215679      3413.33
 1657798.655     0.999756       215687      4096.00
 1657798.655     0.999780       215687      4551.11
 1658847.231     0.999805       215698      5120.00
 1658847.231     0.999829       215698      5851.43
 1660944.383     0.999854       215707      6826.67
 1661992.959     0.999878       215712      8192.00
 1661992.959     0.999890       215712      9102.22
 1663041.535     0.999902       215714     10240.00
 1664090.111     0.999915       215717     11702.86
 1665138.687     0.999927       215719     13653.33
 1666187.263     0.999939       215721     16384.00
 1668284.415     0.999945       215724     18204.44
 1668284.415     0.999951       215724     20480.00
 1669332.991     0.999957       215727     23405.71
 1669332.991     0.999963       215727     27306.67
 1670381.567     0.999969       215728     32768.00
 1671430.143     0.999973       215729     36408.89
 1671430.143     0.999976       215729     40960.00
 1672478.719     0.999979       215730     46811.43
 1673527.295     0.999982       215731     54613.33
 1673527.295     0.999985       215731     65536.00
 1675624.447     0.999986       215732     72817.78
 1675624.447     0.999988       215732     81920.00
 1675624.447     0.999989       215732     93622.86
 1676673.023     0.999991       215733    109226.67
 1676673.023     0.999992       215733    131072.00
 1676673.023     0.999993       215733    145635.56
 1676673.023     0.999994       215733    163840.00
 1676673.023     0.999995       215733    187245.71
 1682964.479     0.999995       215734    218453.33
 1682964.479     1.000000       215734          inf
#[Mean    =   842158.019, StdDeviation   =   447618.177]
#[Max     =  1681915.904, Total count    =       215734]
#[Buckets =           27, SubBuckets     =         2048]
----------------------------------------------------------
  218837 requests in 30.00m, 2.88GB read
  Socket errors: connect 0, read 44244, write 258206, timeout 122704
  Non-2xx or 3xx responses: 1626
Requests/sec:    121.58
Transfer/sec:      1.64MB
