Running 30m test @ http://20.90.255.19:60
  2 threads and 1000 connections
  Thread calibration: mean lat.: 9.016ms, rate sampling interval: 30ms
  Thread calibration: mean lat.: 8.864ms, rate sampling interval: 29ms
  Thread Stats   Avg      Stdev     99%   +/- Stdev
    Latency     2.21s     2.23s    9.72s    86.79%
    Req/Sec     1.01k   286.45     1.70k    80.74%
  Latency Distribution (HdrHistogram - Recorded Latency)
 50.000%    1.69s 
 75.000%    3.23s 
 90.000%    4.94s 
 99.000%    9.72s 
 99.900%   18.51s 
 99.990%   24.48s 
 99.999%   28.54s 
100.000%   33.52s 

  Detailed Percentile spectrum:
       Value   Percentile   TotalCount 1/(1-Percentile)

       0.102     0.000000            1         1.00
      12.199     0.100000       354299         1.11
     332.543     0.200000       708607         1.25
     760.319     0.300000      1063017         1.43
    1209.343     0.400000      1417018         1.67
    1690.623     0.500000      1771794         2.00
    1949.695     0.550000      1948593         2.22
    2226.175     0.600000      2125997         2.50
    2525.183     0.650000      2303576         2.86
    2854.911     0.700000      2480574         3.33
    3225.599     0.750000      2657301         4.00
    3432.447     0.775000      2745547         4.44
    3661.823     0.800000      2834607         5.00
    3915.775     0.825000      2923036         5.71
    4202.495     0.850000      3011374         6.67
    4538.367     0.875000      3100303         8.00
    4726.783     0.887500      3144152         8.89
    4939.775     0.900000      3189002        10.00
    5173.247     0.912500      3232911        11.43
    5443.583     0.925000      3277286        13.33
    5763.071     0.937500      3321168        16.00
    5951.487     0.943750      3343602        17.78
    6156.287     0.950000      3365334        20.00
    6397.951     0.956250      3387598        22.86
    6680.575     0.962500      3409707        26.67
    7028.735     0.968750      3431846        32.00
    7229.439     0.971875      3442825        35.56
    7471.103     0.975000      3453989        40.00
    7749.631     0.978125      3464987        45.71
    8085.503     0.981250      3476053        53.33
    8503.295     0.984375      3487219        64.00
    8765.439     0.985938      3492772        71.11
    9068.543     0.987500      3498224        80.00
    9453.567     0.989062      3503743        91.43
    9928.703     0.990625      3509262       106.67
   10534.911     0.992188      3514789       128.00
   10919.935     0.992969      3517586       142.22
   11362.303     0.993750      3520347       160.00
   11919.359     0.994531      3523125       182.86
   12550.143     0.995313      3525865       213.33
   13336.575     0.996094      3528624       256.00
   13803.519     0.996484      3530014       284.44
   14295.039     0.996875      3531403       320.00
   14827.519     0.997266      3532782       365.71
   15450.111     0.997656      3534154       426.67
   16146.431     0.998047      3535544       512.00
   16531.455     0.998242      3536238       568.89
   16973.823     0.998437      3536924       640.00
   17448.959     0.998633      3537634       731.43
   17989.631     0.998828      3538317       853.33
   18579.455     0.999023      3538997      1024.00
   18972.671     0.999121      3539343      1137.78
   19365.887     0.999219      3539691      1280.00
   19775.487     0.999316      3540038      1462.86
   20234.239     0.999414      3540391      1706.67
   20709.375     0.999512      3540727      2048.00
   21004.287     0.999561      3540912      2275.56
   21299.199     0.999609      3541074      2560.00
   21626.879     0.999658      3541249      2925.71
   22003.711     0.999707      3541421      3413.33
   22380.543     0.999756      3541593      4096.00
   22659.071     0.999780      3541686      4551.11
   22986.751     0.999805      3541767      5120.00
   23330.815     0.999829      3541853      5851.43
   23707.647     0.999854      3541939      6826.67
   24035.327     0.999878      3542024      8192.00
   24248.319     0.999890      3542071      9102.22
   24526.847     0.999902      3542113     10240.00
   24805.375     0.999915      3542154     11702.86
   25133.055     0.999927      3542197     13653.33
   25444.351     0.999939      3542241     16384.00
   25608.191     0.999945      3542262     18204.44
   25853.951     0.999951      3542284     20480.00
   26099.711     0.999957      3542305     23405.71
   26411.007     0.999963      3542329     27306.67
   26771.455     0.999969      3542349     32768.00
   26935.295     0.999973      3542359     36408.89
   27394.047     0.999976      3542370     40960.00
   27721.727     0.999979      3542382     46811.43
   27869.183     0.999982      3542392     54613.33
   28098.559     0.999985      3542402     65536.00
   28180.479     0.999986      3542408     72817.78
   28196.863     0.999988      3542413     81920.00
   28459.007     0.999989      3542419     93622.86
   28655.615     0.999991      3542424    109226.67
   28819.455     0.999992      3542430    131072.00
   28917.759     0.999993      3542432    145635.56
   29130.751     0.999994      3542435    163840.00
   29769.727     0.999995      3542438    187245.71
   29917.183     0.999995      3542440    218453.33
   30195.711     0.999996      3542443    262144.00
   30212.095     0.999997      3542446    291271.11
   30212.095     0.999997      3542446    327680.00
   30638.079     0.999997      3542447    374491.43
   30916.607     0.999998      3542448    436906.67
   31784.959     0.999998      3542450    524288.00
   31784.959     0.999998      3542450    582542.22
   31965.183     0.999998      3542451    655360.00
   32358.399     0.999999      3542452    748982.86
   32358.399     0.999999      3542452    873813.33
   32440.319     0.999999      3542453   1048576.00
   32440.319     0.999999      3542453   1165084.44
   32489.471     0.999999      3542454   1310720.00
   32489.471     0.999999      3542454   1497965.71
   32489.471     0.999999      3542454   1747626.67
   32735.231     1.000000      3542455   2097152.00
   32735.231     1.000000      3542455   2330168.89
   32735.231     1.000000      3542455   2621440.00
   32735.231     1.000000      3542455   2995931.43
   32735.231     1.000000      3542455   3495253.33
   33521.663     1.000000      3542456   4194304.00
   33521.663     1.000000      3542456          inf
#[Mean    =     2207.687, StdDeviation   =     2227.712]
#[Max     =    33505.280, Total count    =      3542456]
#[Buckets =           27, SubBuckets     =         2048]
----------------------------------------------------------
  3561327 requests in 30.00m, 1.62GB read
  Socket errors: connect 0, read 1193, write 6817, timeout 16270
  Non-2xx or 3xx responses: 1
Requests/sec:   1978.51
Transfer/sec:      0.92MB
