Running 30m test @ http://20.108.188.48:60/wrk2-api/post/compose
  2 threads and 1000 connections
  Thread calibration: mean lat.: 4854.096ms, rate sampling interval: 15753ms
  Thread calibration: mean lat.: 4879.033ms, rate sampling interval: 15859ms
  Thread Stats   Avg      Stdev     99%   +/- Stdev
    Latency     6.76m     4.14m   15.45m    60.17%
    Req/Sec    10.37      9.82    25.00     88.34%
  Latency Distribution (HdrHistogram - Recorded Latency)
 50.000%    6.61m 
 75.000%   10.04m 
 90.000%   12.31m 
 99.000%   15.45m 
 99.900%   21.83m 
 99.990%   23.47m 
 99.999%   23.58m 
100.000%   23.58m 

  Detailed Percentile spectrum:
       Value   Percentile   TotalCount 1/(1-Percentile)

    5554.175     0.000000            1         1.00
   75956.223     0.100000         3795         1.11
  152436.735     0.200000         7592         1.25
  232259.583     0.300000        11381         1.43
  311951.359     0.400000        15173         1.67
  396361.727     0.500000        18963         2.00
  437780.479     0.550000        20863         2.22
  478412.799     0.600000        22771         2.50
  520093.695     0.650000        24664         2.86
  560988.159     0.700000        26557         3.33
  602406.911     0.750000        28445         4.00
  623378.431     0.775000        29405         4.44
  645398.527     0.800000        30342         5.00
  667942.911     0.825000        31292         5.71
  690487.295     0.850000        32249         6.67
  714080.255     0.875000        33186         8.00
  726663.167     0.887500        33681         8.89
  738721.791     0.900000        34137        10.00
  752877.567     0.912500        34611        11.43
  768606.207     0.925000        35090        13.33
  784334.847     0.937500        35557        16.00
  793772.031     0.943750        35796        17.78
  804257.791     0.950000        36030        20.00
  816840.703     0.956250        36270        22.86
  828899.327     0.962500        36509        26.67
  840433.663     0.968750        36741        32.00
  848822.271     0.971875        36859        35.56
  857735.167     0.975000        36976        40.00
  865599.487     0.978125        37099        45.71
  876609.535     0.981250        37215        53.33
  889192.447     0.984375        37332        64.00
  896532.479     0.985938        37392        71.11
  907542.527     0.987500        37450        80.00
  919601.151     0.989062        37513        91.43
  933756.927     0.990625        37571       106.67
  950534.143     0.992188        37630       128.00
  961544.191     0.992969        37659       142.22
  968884.223     0.993750        37687       160.00
 1008730.111     0.994531        37717       182.86
 1039663.103     0.995313        37747       213.33
 1073217.535     0.996094        37776       256.00
 1097859.071     0.996484        37792       284.44
 1129316.351     0.996875        37806       320.00
 1162870.783     0.997266        37821       365.71
 1190133.759     0.997656        37836       426.67
 1222639.615     0.998047        37850       512.00
 1236271.103     0.998242        37858       568.89
 1248854.015     0.998437        37865       640.00
 1280311.295     0.998633        37873       731.43
 1301282.815     0.998828        37880       853.33
 1310719.999     0.999023        37887      1024.00
 1329594.367     0.999121        37893      1137.78
 1332740.095     0.999219        37895      1280.00
 1342177.279     0.999316        37899      1462.86
 1344274.431     0.999414        37903      1706.67
 1369440.255     0.999512        37906      2048.00
 1376780.287     0.999561        37908      2275.56
 1379926.015     0.999609        37910      2560.00
 1393557.503     0.999658        37912      2925.71
 1401946.111     0.999707        37913      3413.33
 1404043.263     0.999756        37915      4096.00
 1408237.567     0.999780        37920      4551.11
 1408237.567     0.999805        37920      5120.00
 1408237.567     0.999829        37920      5851.43
 1408237.567     0.999854        37920      6826.67
 1408237.567     0.999878        37920      8192.00
 1408237.567     0.999890        37920      9102.22
 1410334.719     0.999902        37921     10240.00
 1410334.719     0.999915        37921     11702.86
 1412431.871     0.999927        37923     13653.33
 1412431.871     0.999939        37923     16384.00
 1412431.871     0.999945        37923     18204.44
 1412431.871     0.999951        37923     20480.00
 1412431.871     0.999957        37923     23405.71
 1412431.871     0.999963        37923     27306.67
 1412431.871     0.999969        37923     32768.00
 1412431.871     0.999973        37923     36408.89
 1414529.023     0.999976        37924     40960.00
 1414529.023     1.000000        37924          inf
#[Mean    =   405486.202, StdDeviation   =   248156.853]
#[Max     =  1413480.448, Total count    =        37924]
#[Buckets =           27, SubBuckets     =         2048]
----------------------------------------------------------
  38439 requests in 30.02m, 7.30MB read
  Socket errors: connect 0, read 3240, write 1358850, timeout 170288
  Non-2xx or 3xx responses: 961
Requests/sec:     21.34
Transfer/sec:      4.15KB
