Running 30m test @ http://20.117.73.33:60
  2 threads and 1000 connections
  Thread calibration: mean lat.: 8.969ms, rate sampling interval: 31ms
  Thread calibration: mean lat.: 8.897ms, rate sampling interval: 30ms
  Thread Stats   Avg      Stdev     99%   +/- Stdev
    Latency     2.51s     2.27s   10.09s    75.13%
    Req/Sec     1.01k   308.71     1.80k    82.80%
  Latency Distribution (HdrHistogram - Recorded Latency)
 50.000%    2.08s 
 75.000%    3.55s 
 90.000%    5.17s 
 99.000%   10.09s 
 99.900%   19.71s 
 99.990%   26.00s 
 99.999%   30.39s 
100.000%   32.28s 

  Detailed Percentile spectrum:
       Value   Percentile   TotalCount 1/(1-Percentile)

       0.161     0.000000            1         1.00
     112.191     0.100000       354011         1.11
     653.311     0.200000       708173         1.25
    1138.687     0.300000      1062453         1.43
    1604.607     0.400000      1416484         1.67
    2081.791     0.500000      1770646         2.00
    2332.671     0.550000      1947354         2.22
    2598.911     0.600000      2124704         2.50
    2883.583     0.650000      2301073         2.86
    3196.927     0.700000      2477983         3.33
    3551.231     0.750000      2655497         4.00
    3747.839     0.775000      2743821         4.44
    3962.879     0.800000      2831952         5.00
    4206.591     0.825000      2921750         5.71
    4476.927     0.850000      3009527         6.67
    4792.319     0.875000      3097950         8.00
    4972.543     0.887500      3142486         8.89
    5169.151     0.900000      3185988        10.00
    5394.431     0.912500      3230401        11.43
    5656.575     0.925000      3274966        13.33
    5967.871     0.937500      3319098        16.00
    6148.095     0.943750      3341122        17.78
    6352.895     0.950000      3363191        20.00
    6586.367     0.956250      3385076        22.86
    6868.991     0.962500      3407355        26.67
    7213.055     0.968750      3429472        32.00
    7417.855     0.971875      3440518        35.56
    7651.327     0.975000      3451514        40.00
    7933.951     0.978125      3462550        45.71
    8290.303     0.981250      3473664        53.33
    8732.671     0.984375      3484665        64.00
    9019.391     0.985938      3490293        71.11
    9355.263     0.987500      3495736        80.00
    9789.439     0.989062      3501254        91.43
   10330.111     0.990625      3506785       106.67
   11075.583     0.992188      3512299       128.00
   11542.527     0.992969      3515060       142.22
   12066.815     0.993750      3517802       160.00
   12689.407     0.994531      3520573       182.86
   13426.687     0.995313      3523339       213.33
   14311.423     0.996094      3526107       256.00
   14761.983     0.996484      3527492       284.44
   15286.271     0.996875      3528875       320.00
   15843.327     0.997266      3530254       365.71
   16531.455     0.997656      3531642       426.67
   17235.967     0.998047      3533018       512.00
   17661.951     0.998242      3533719       568.89
   18104.319     0.998437      3534414       640.00
   18595.839     0.998633      3535109       731.43
   19152.895     0.998828      3535794       853.33
   19791.871     0.999023      3536473      1024.00
   20168.703     0.999121      3536827      1137.78
   20578.303     0.999219      3537164      1280.00
   21053.439     0.999316      3537512      1462.86
   21577.727     0.999414      3537854      1706.67
   22118.399     0.999512      3538197      2048.00
   22446.079     0.999561      3538373      2275.56
   22773.759     0.999609      3538546      2560.00
   23134.207     0.999658      3538721      2925.71
   23527.423     0.999707      3538894      3413.33
   23969.791     0.999756      3539062      4096.00
   24199.167     0.999780      3539150      4551.11
   24494.079     0.999805      3539236      5120.00
   24838.143     0.999829      3539321      5851.43
   25165.823     0.999854      3539409      6826.67
   25542.655     0.999878      3539493      8192.00
   25772.031     0.999890      3539538      9102.22
   26034.175     0.999902      3539580     10240.00
   26296.319     0.999915      3539626     11702.86
   26558.463     0.999927      3539666     13653.33
   26869.759     0.999939      3539710     16384.00
   27099.135     0.999945      3539731     18204.44
   27361.279     0.999951      3539753     20480.00
   27639.807     0.999957      3539777     23405.71
   27934.719     0.999963      3539796     27306.67
   28295.167     0.999969      3539817     32768.00
   28540.927     0.999973      3539829     36408.89
   28688.383     0.999976      3539839     40960.00
   29245.439     0.999979      3539850     46811.43
   29540.351     0.999982      3539861     54613.33
   29786.111     0.999985      3539871     65536.00
   29949.951     0.999986      3539877     72817.78
   30097.407     0.999988      3539882     81920.00
   30392.319     0.999989      3539891     93622.86
   30457.855     0.999991      3539895    109226.67
   30572.543     0.999992      3539898    131072.00
   30621.695     0.999993      3539902    145635.56
   30638.079     0.999994      3539904    163840.00
   30736.383     0.999995      3539907    187245.71
   30818.303     0.999995      3539909    218453.33
   31014.911     0.999996      3539912    262144.00
   31031.295     0.999997      3539913    291271.11
   31064.063     0.999997      3539915    327680.00
   31129.599     0.999997      3539916    374491.43
   31145.983     0.999998      3539917    436906.67
   31309.823     0.999998      3539919    524288.00
   31309.823     0.999998      3539919    582542.22
   31522.815     0.999998      3539920    655360.00
   31555.583     0.999999      3539921    748982.86
   31555.583     0.999999      3539921    873813.33
   31850.495     0.999999      3539922   1048576.00
   31850.495     0.999999      3539922   1165084.44
   32047.103     0.999999      3539923   1310720.00
   32047.103     0.999999      3539923   1497965.71
   32047.103     0.999999      3539923   1747626.67
   32079.871     1.000000      3539924   2097152.00
   32079.871     1.000000      3539924   2330168.89
   32079.871     1.000000      3539924   2621440.00
   32079.871     1.000000      3539924   2995931.43
   32079.871     1.000000      3539924   3495253.33
   32276.479     1.000000      3539925   4194304.00
   32276.479     1.000000      3539925          inf
#[Mean    =     2508.658, StdDeviation   =     2266.374]
#[Max     =    32260.096, Total count    =      3539925]
#[Buckets =           27, SubBuckets     =         2048]
----------------------------------------------------------
  3558743 requests in 30.00m, 1.62GB read
  Socket errors: connect 0, read 1512, write 7483, timeout 16301
  Non-2xx or 3xx responses: 1
Requests/sec:   1977.07
Transfer/sec:      0.92MB
