Running 60m test @ http://20.117.66.236:60/wrk2-api/post/compose
  2 threads and 1000 connections
  Thread calibration: mean lat.: 3301.839ms, rate sampling interval: 14508ms
  Thread calibration: mean lat.: 3215.726ms, rate sampling interval: 14319ms
  Thread Stats   Avg      Stdev     99%   +/- Stdev
    Latency    19.41m     9.98m   38.41m    59.94%
    Req/Sec   177.90     49.25   342.00     74.85%
  Latency Distribution (HdrHistogram - Recorded Latency)
 50.000%   19.36m 
 75.000%   27.60m 
 90.000%   33.01m 
 99.000%   38.41m 
 99.900%   41.28m 
 99.990%   42.82m 
 99.999%   43.48m 
100.000%   43.76m 

  Detailed Percentile spectrum:
       Value   Percentile   TotalCount 1/(1-Percentile)

     182.527     0.000000            1         1.00
  372506.623     0.100000       128105         1.11
  558891.007     0.200000       256441         1.25
  774897.663     0.300000       384442         1.43
  967311.359     0.400000       512434         1.67
 1161822.207     0.500000       640950         2.00
 1261436.927     0.550000       704796         2.22
 1360003.071     0.600000       769065         2.50
 1454374.911     0.650000       832716         2.86
 1552941.055     0.700000       896967         3.33
 1655701.503     0.750000       961030         4.00
 1706033.151     0.775000       993133         4.44
 1757413.375     0.800000      1025254         5.00
 1810890.751     0.825000      1057207         5.71
 1865416.703     0.850000      1089090         6.67
 1922039.807     0.875000      1121314         8.00
 1951399.935     0.887500      1137271         8.89
 1980760.063     0.900000      1152891        10.00
 2012217.343     0.912500      1168966        11.43
 2043674.623     0.925000      1185144        13.33
 2077229.055     0.937500      1201012        16.00
 2096103.423     0.943750      1209117        17.78
 2116026.367     0.950000      1216979        20.00
 2136997.887     0.956250      1224913        22.86
 2162163.711     0.962500      1233469        26.67
 2187329.535     0.968750      1241442        32.00
 2199912.447     0.971875      1244977        35.56
 2214592.511     0.975000      1248982        40.00
 2231369.727     0.978125      1253333        45.71
 2246049.791     0.981250      1256999        53.33
 2264924.159     0.984375      1261106        64.00
 2275409.919     0.985938      1263207        71.11
 2285895.679     0.987500      1265147        80.00
 2296381.439     0.989062      1266898        91.43
 2311061.503     0.990625      1268904       106.67
 2329935.871     0.992188      1270943       128.00
 2340421.631     0.992969      1272015       142.22
 2350907.391     0.993750      1272956       160.00
 2361393.151     0.994531      1273904       182.86
 2373976.063     0.995313      1274886       213.33
 2388656.127     0.996094      1275928       256.00
 2397044.735     0.996484      1276405       284.44
 2407530.495     0.996875      1276987       320.00
 2415919.103     0.997266      1277447       365.71
 2426404.863     0.997656      1277919       426.67
 2436890.623     0.998047      1278400       512.00
 2445279.231     0.998242      1278709       568.89
 2451570.687     0.998437      1278892       640.00
 2459959.295     0.998633      1279180       731.43
 2468347.903     0.998828      1279434       853.33
 2476736.511     0.999023      1279660      1024.00
 2483027.967     0.999121      1279806      1137.78
 2487222.271     0.999219      1279899      1280.00
 2493513.727     0.999316      1280025      1462.86
 2501902.335     0.999414      1280152      1706.67
 2510290.943     0.999512      1280280      2048.00
 2514485.247     0.999561      1280346      2275.56
 2516582.399     0.999609      1280392      2560.00
 2522873.855     0.999658      1280470      2925.71
 2529165.311     0.999707      1280533      3413.33
 2537553.919     0.999756      1280579      4096.00
 2543845.375     0.999780      1280626      4551.11
 2545942.527     0.999805      1280641      5120.00
 2552233.983     0.999829      1280676      5851.43
 2556428.287     0.999854      1280707      6826.67
 2562719.743     0.999878      1280738      8192.00
 2564816.895     0.999890      1280748      9102.22
 2569011.199     0.999902      1280768     10240.00
 2573205.503     0.999915      1280787     11702.86
 2577399.807     0.999927      1280799     13653.33
 2581594.111     0.999939      1280815     16384.00
 2583691.263     0.999945      1280820     18204.44
 2587885.567     0.999951      1280829     20480.00
 2589982.719     0.999957      1280834     23405.71
 2598371.327     0.999963      1280845     27306.67
 2600468.479     0.999969      1280853     32768.00
 2600468.479     0.999973      1280853     36408.89
 2602565.631     0.999976      1280858     40960.00
 2604662.783     0.999979      1280868     46811.43
 2604662.783     0.999982      1280868     54613.33
 2606759.935     0.999985      1280873     65536.00
 2606759.935     0.999986      1280873     72817.78
 2606759.935     0.999988      1280873     81920.00
 2608857.087     0.999989      1280875     93622.86
 2610954.239     0.999991      1280878    109226.67
 2613051.391     0.999992      1280880    131072.00
 2613051.391     0.999993      1280880    145635.56
 2615148.543     0.999994      1280884    163840.00
 2615148.543     0.999995      1280884    187245.71
 2615148.543     0.999995      1280884    218453.33
 2615148.543     0.999996      1280884    262144.00
 2615148.543     0.999997      1280884    291271.11
 2617245.695     0.999997      1280885    327680.00
 2617245.695     0.999997      1280885    374491.43
 2621439.999     0.999998      1280886    436906.67
 2621439.999     0.999998      1280886    524288.00
 2621439.999     0.999998      1280886    582542.22
 2625634.303     0.999998      1280888    655360.00
 2625634.303     1.000000      1280888          inf
#[Mean    =  1164795.950, StdDeviation   =   598704.400]
#[Max     =  2623537.152, Total count    =      1280888]
#[Buckets =           27, SubBuckets     =         2048]
----------------------------------------------------------
  1282485 requests in 60.00m, 257.44MB read
  Socket errors: connect 0, read 177, write 3397, timeout 848960
  Non-2xx or 3xx responses: 125856
Requests/sec:    356.24
Transfer/sec:     73.23KB
