Running 60m test @ http://20.117.66.236:60/wrk2-api/home-timeline/read
  2 threads and 1000 connections
  Thread calibration: mean lat.: 836.016ms, rate sampling interval: 3897ms
  Thread calibration: mean lat.: 814.789ms, rate sampling interval: 3680ms
  Thread Stats   Avg      Stdev     99%   +/- Stdev
    Latency    21.63m    10.11m   39.74m    62.50%
    Req/Sec   179.49     41.14   247.00     73.02%
  Latency Distribution (HdrHistogram - Recorded Latency)
 50.000%   22.02m 
 75.000%   29.94m 
 90.000%   35.02m 
 99.000%   39.74m 
 99.900%   41.84m 
 99.990%   42.82m 
 99.999%   43.55m 
100.000%   43.66m 

  Detailed Percentile spectrum:
       Value   Percentile   TotalCount 1/(1-Percentile)

     707.071     0.000000            1         1.00
  462684.159     0.100000       129319         1.11
  731381.759     0.200000       258409         1.25
  918028.287     0.300000       387811         1.43
 1123024.895     0.400000       517045         1.67
 1321205.759     0.500000       646000         2.00
 1417674.751     0.550000       710861         2.22
 1515192.319     0.600000       775501         2.50
 1609564.159     0.650000       840480         2.86
 1701838.847     0.700000       904985         3.33
 1796210.687     0.750000       969469         4.00
 1844445.183     0.775000      1001590         4.44
 1894776.831     0.800000      1034140         5.00
 1945108.479     0.825000      1066114         5.71
 1995440.127     0.850000      1098405         6.67
 2047868.927     0.875000      1130911         8.00
 2074083.327     0.887500      1146625         8.89
 2101346.303     0.900000      1163205        10.00
 2129657.855     0.912500      1178961        11.43
 2160066.559     0.925000      1195202        13.33
 2191523.839     0.937500      1211838        16.00
 2208301.055     0.943750      1219788        17.78
 2225078.271     0.950000      1227799        20.00
 2241855.487     0.956250      1235512        22.86
 2260729.855     0.962500      1243678        26.67
 2281701.375     0.968750      1251959        32.00
 2292187.135     0.971875      1255743        35.56
 2304770.047     0.975000      1260040        40.00
 2317352.959     0.978125      1263809        45.71
 2332033.023     0.981250      1268064        53.33
 2348810.239     0.984375      1272070        64.00
 2357198.847     0.985938      1273984        71.11
 2367684.607     0.987500      1276065        80.00
 2378170.367     0.989062      1277967        91.43
 2390753.279     0.990625      1280094       106.67
 2403336.191     0.992188      1281910       128.00
 2411724.799     0.992969      1283035       142.22
 2418016.255     0.993750      1283924       160.00
 2426404.863     0.994531      1284981       182.86
 2434793.471     0.995313      1285911       213.33
 2445279.231     0.996094      1286943       256.00
 2451570.687     0.996484      1287499       284.44
 2455764.991     0.996875      1287913       320.00
 2464153.599     0.997266      1288558       365.71
 2470445.055     0.997656      1288996       426.67
 2478833.663     0.998047      1289463       512.00
 2485125.119     0.998242      1289748       568.89
 2491416.575     0.998437      1289997       640.00
 2497708.031     0.998633      1290272       731.43
 2501902.335     0.998828      1290445       853.33
 2510290.943     0.999023      1290715      1024.00
 2514485.247     0.999121      1290844      1137.78
 2518679.551     0.999219      1290966      1280.00
 2522873.855     0.999316      1291081      1462.86
 2529165.311     0.999414      1291229      1706.67
 2535456.767     0.999512      1291333      2048.00
 2539651.071     0.999561      1291403      2275.56
 2543845.375     0.999609      1291472      2560.00
 2545942.527     0.999658      1291519      2925.71
 2548039.679     0.999707      1291573      3413.33
 2552233.983     0.999756      1291663      4096.00
 2554331.135     0.999780      1291701      4551.11
 2554331.135     0.999805      1291701      5120.00
 2558525.439     0.999829      1291751      5851.43
 2560622.591     0.999854      1291773      6826.67
 2564816.895     0.999878      1291800      8192.00
 2566914.047     0.999890      1291815      9102.22
 2569011.199     0.999902      1291830     10240.00
 2571108.351     0.999915      1291841     11702.86
 2575302.655     0.999927      1291858     13653.33
 2581594.111     0.999939      1291872     16384.00
 2583691.263     0.999945      1291878     18204.44
 2585788.415     0.999951      1291887     20480.00
 2589982.719     0.999957      1291892     23405.71
 2594177.023     0.999963      1291903     27306.67
 2600468.479     0.999969      1291912     32768.00
 2600468.479     0.999973      1291912     36408.89
 2608857.087     0.999976      1291919     40960.00
 2610954.239     0.999979      1291932     46811.43
 2610954.239     0.999982      1291932     54613.33
 2610954.239     0.999985      1291932     65536.00
 2610954.239     0.999986      1291932     72817.78
 2610954.239     0.999988      1291932     81920.00
 2613051.391     0.999989      1291941     93622.86
 2613051.391     0.999991      1291941    109226.67
 2613051.391     0.999992      1291941    131072.00
 2613051.391     0.999993      1291941    145635.56
 2613051.391     0.999994      1291941    163840.00
 2613051.391     0.999995      1291941    187245.71
 2615148.543     0.999995      1291942    218453.33
 2617245.695     0.999996      1291946    262144.00
 2617245.695     0.999997      1291946    291271.11
 2617245.695     0.999997      1291946    327680.00
 2617245.695     0.999997      1291946    374491.43
 2617245.695     0.999998      1291946    436906.67
 2617245.695     0.999998      1291946    524288.00
 2617245.695     0.999998      1291946    582542.22
 2617245.695     0.999998      1291946    655360.00
 2617245.695     0.999999      1291946    748982.86
 2617245.695     0.999999      1291946    873813.33
 2617245.695     0.999999      1291946   1048576.00
 2617245.695     0.999999      1291946   1165084.44
 2619342.847     0.999999      1291947   1310720.00
 2619342.847     1.000000      1291947          inf
#[Mean    =  1297724.381, StdDeviation   =   606884.020]
#[Max     =  2617245.696, Total count    =      1291947]
#[Buckets =           27, SubBuckets     =         2048]
----------------------------------------------------------
  1298248 requests in 60.00m, 16.03GB read
  Socket errors: connect 0, read 666, write 4542, timeout 243527
  Non-2xx or 3xx responses: 73226
Requests/sec:    360.63
Transfer/sec:      4.56MB
