Running 60m test @ http://51.140.52.122:60
  2 threads and 1000 connections
  Thread calibration: mean lat.: 831.731ms, rate sampling interval: 3559ms
  Thread calibration: mean lat.: 867.783ms, rate sampling interval: 3706ms
  Thread Stats   Avg      Stdev     99%   +/- Stdev
    Latency     0.89m    18.65s    1.57m    70.96%
    Req/Sec     0.98k    46.87     1.08k    73.53%
  Latency Distribution (HdrHistogram - Recorded Latency)
 50.000%    0.90m 
 75.000%    1.09m 
 90.000%    1.26m 
 99.000%    1.57m 
 99.900%    1.77m 
 99.990%    1.92m 
 99.999%    2.08m 
100.000%    2.22m 

  Detailed Percentile spectrum:
       Value   Percentile   TotalCount 1/(1-Percentile)

      13.023     0.000000            1         1.00
   29343.743     0.100000       705428         1.11
   39157.759     0.200000      1411804         1.25
   45121.535     0.300000      2116725         1.43
   49905.663     0.400000      2821781         1.67
   54198.271     0.500000      3526246         2.00
   56295.423     0.550000      3882029         2.22
   58359.807     0.600000      4231091         2.50
   60555.263     0.650000      4588199         2.86
   62849.023     0.700000      4938128         3.33
   65372.159     0.750000      5291718         4.00
   66748.415     0.775000      5468614         4.44
   68222.975     0.800000      5644718         5.00
   69795.839     0.825000      5818866         5.71
   71565.311     0.850000      5994473         6.67
   73596.927     0.875000      6174679         8.00
   74645.503     0.887500      6258173         8.89
   75890.687     0.900000      6348720        10.00
   77201.407     0.912500      6436349        11.43
   78643.199     0.925000      6523701        13.33
   80347.135     0.937500      6613777        16.00
   81264.639     0.943750      6657272        17.78
   82247.679     0.950000      6699589        20.00
   83361.791     0.956250      6743526        22.86
   84606.975     0.962500      6787876        26.67
   86048.767     0.968750      6832242        32.00
   86835.199     0.971875      6853250        35.56
   87752.703     0.975000      6875331        40.00
   88801.279     0.978125      6897657        45.71
   89980.927     0.981250      6920169        53.33
   91291.647     0.984375      6941360        64.00
   92078.079     0.985938      6953098        71.11
   92864.511     0.987500      6963978        80.00
   93716.479     0.989062      6974608        91.43
   94699.519     0.990625      6985475       106.67
   95879.167     0.992188      6996705       128.00
   96534.527     0.992969      7002309       142.22
   97189.887     0.993750      7007412       160.00
   98041.855     0.994531      7013269       182.86
   98893.823     0.995313      7018416       213.33
   99942.399     0.996094      7023979       256.00
  100532.223     0.996484      7026871       284.44
  101122.047     0.996875      7029659       320.00
  101777.407     0.997266      7032376       365.71
  102432.767     0.997656      7034971       426.67
  103350.271     0.998047      7037826       512.00
  103809.023     0.998242      7039058       568.89
  104398.847     0.998437      7040526       640.00
  104988.671     0.998633      7041868       731.43
  105709.567     0.998828      7043262       853.33
  106495.999     0.999023      7044591      1024.00
  106954.751     0.999121      7045296      1137.78
  107413.503     0.999219      7045966      1280.00
  107937.791     0.999316      7046623      1462.86
  108593.151     0.999414      7047322      1706.67
  109445.119     0.999512      7048034      2048.00
  109969.407     0.999561      7048358      2275.56
  110493.695     0.999609      7048721      2560.00
  111083.519     0.999658      7049055      2925.71
  111673.343     0.999707      7049414      3413.33
  112328.703     0.999756      7049729      4096.00
  112721.919     0.999780      7049905      4551.11
  113115.135     0.999805      7050088      5120.00
  113508.351     0.999829      7050256      5851.43
  114032.639     0.999854      7050419      6826.67
  114622.463     0.999878      7050586      8192.00
  114950.143     0.999890      7050673      9102.22
  115343.359     0.999902      7050766     10240.00
  115671.039     0.999915      7050844     11702.86
  116195.327     0.999927      7050936     13653.33
  116719.615     0.999939      7051028     16384.00
  117047.295     0.999945      7051065     18204.44
  117309.439     0.999951      7051101     20480.00
  117637.119     0.999957      7051153     23405.71
  118095.871     0.999963      7051185     27306.67
  118816.767     0.999969      7051230     32768.00
  119144.447     0.999973      7051255     36408.89
  119472.127     0.999976      7051271     40960.00
  119996.415     0.999979      7051295     46811.43
  120979.455     0.999982      7051314     54613.33
  122879.999     0.999985      7051337     65536.00
  123338.751     0.999986      7051347     72817.78
  123731.967     0.999988      7051357     81920.00
  124256.255     0.999989      7051368     93622.86
  124846.079     0.999991      7051379    109226.67
  125435.903     0.999992      7051391    131072.00
  125763.583     0.999993      7051395    145635.56
  126091.263     0.999994      7051400    163840.00
  126615.551     0.999995      7051406    187245.71
  126812.159     0.999995      7051411    218453.33
  127074.303     0.999996      7051417    262144.00
  127205.375     0.999997      7051419    291271.11
  127336.447     0.999997      7051422    327680.00
  127664.127     0.999997      7051427    374491.43
  127664.127     0.999998      7051427    436906.67
  128253.951     0.999998      7051430    524288.00
  128385.023     0.999998      7051431    582542.22
  128974.847     0.999998      7051434    655360.00
  128974.847     0.999999      7051434    748982.86
  129105.919     0.999999      7051435    873813.33
  129564.671     0.999999      7051437   1048576.00
  129564.671     0.999999      7051437   1165084.44
  129695.743     0.999999      7051438   1310720.00
  129761.279     0.999999      7051439   1497965.71
  129761.279     0.999999      7051439   1747626.67
  130285.567     1.000000      7051440   2097152.00
  130285.567     1.000000      7051440   2330168.89
  130416.639     1.000000      7051441   2621440.00
  130416.639     1.000000      7051441   2995931.43
  130416.639     1.000000      7051441   3495253.33
  132120.575     1.000000      7051442   4194304.00
  132120.575     1.000000      7051442   4660337.78
  132120.575     1.000000      7051442   5242880.00
  132120.575     1.000000      7051442   5991862.86
  132120.575     1.000000      7051442   6990506.67
  133103.615     1.000000      7051443   8388608.00
  133103.615     1.000000      7051443          inf
#[Mean    =    53162.912, StdDeviation   =    18650.084]
#[Max     =   133038.080, Total count    =      7051443]
#[Buckets =           27, SubBuckets     =         2048]
----------------------------------------------------------
  7067438 requests in 60.00m, 3.18GB read
  Socket errors: connect 0, read 41, write 491, timeout 32900
  Non-2xx or 3xx responses: 236658
Requests/sec:   1963.18
Transfer/sec:      0.91MB
