Running 60m test @ http://13.87.74.77:60/wrk2-api/post/compose
  2 threads and 1000 connections
  Thread calibration: mean lat.: 12.053ms, rate sampling interval: 45ms
  Thread calibration: mean lat.: 11.667ms, rate sampling interval: 44ms
  Thread Stats   Avg      Stdev     99%   +/- Stdev
    Latency    10.51s     8.18s   32.46s    64.14%
    Req/Sec   503.41    174.54     1.00k    70.91%
  Latency Distribution (HdrHistogram - Recorded Latency)
 50.000%    9.24s 
 75.000%   15.96s 
 90.000%   22.04s 
 99.000%   32.46s 
 99.900%   40.47s 
 99.990%   46.99s 
 99.999%    0.86m 
100.000%    0.92m 

  Detailed Percentile spectrum:
       Value   Percentile   TotalCount 1/(1-Percentile)

       0.281     0.000000            1         1.00
     646.655     0.100000       356640         1.11
    2592.767     0.200000       713505         1.25
    4677.631     0.300000      1070250         1.43
    6889.471     0.400000      1426736         1.67
    9240.575     0.500000      1784319         2.00
   10461.183     0.550000      1962186         2.22
   11730.943     0.600000      2140416         2.50
   13049.855     0.650000      2318368         2.86
   14450.687     0.700000      2497111         3.33
   15958.015     0.750000      2675561         4.00
   16760.831     0.775000      2764182         4.44
   17629.183     0.800000      2853921         5.00
   18563.071     0.825000      2943024         5.71
   19578.879     0.850000      3031949         6.67
   20725.759     0.875000      3121399         8.00
   21348.351     0.887500      3165714         8.89
   22036.479     0.900000      3210757        10.00
   22773.759     0.912500      3255016        11.43
   23592.959     0.925000      3299276        13.33
   24526.847     0.937500      3344078        16.00
   25051.135     0.943750      3366356        17.78
   25624.575     0.950000      3388548        20.00
   26247.167     0.956250      3410352        22.86
   26968.063     0.962500      3432954        26.67
   27770.879     0.968750      3454983        32.00
   28229.631     0.971875      3466046        35.56
   28737.535     0.975000      3477354        40.00
   29294.591     0.978125      3488315        45.71
   29949.951     0.981250      3499631        53.33
   30687.231     0.984375      3510661        64.00
   31113.215     0.985938      3516171        71.11
   31588.351     0.987500      3521770        80.00
   32112.639     0.989062      3527369        91.43
   32718.847     0.990625      3532980       106.67
   33406.975     0.992188      3538486       128.00
   33816.575     0.992969      3541356       142.22
   34275.327     0.993750      3544215       160.00
   34734.079     0.994531      3546841       182.86
   35291.135     0.995313      3549647       213.33
   35946.495     0.996094      3552399       256.00
   36339.711     0.996484      3553799       284.44
   36765.695     0.996875      3555209       320.00
   37224.447     0.997266      3556565       365.71
   37748.735     0.997656      3558006       426.67
   38371.327     0.998047      3559406       512.00
   38699.007     0.998242      3560070       568.89
   39059.455     0.998437      3560758       640.00
   39518.207     0.998633      3561488       731.43
   39976.959     0.998828      3562171       853.33
   40534.015     0.999023      3562837      1024.00
   40861.695     0.999121      3563183      1137.78
   41287.679     0.999219      3563550      1280.00
   41713.663     0.999316      3563876      1462.86
   42270.719     0.999414      3564223      1706.67
   42795.007     0.999512      3564568      2048.00
   43122.687     0.999561      3564749      2275.56
   43450.367     0.999609      3564917      2560.00
   43843.583     0.999658      3565096      2925.71
   44302.335     0.999707      3565269      3413.33
   44826.623     0.999756      3565448      4096.00
   45055.999     0.999780      3565534      4551.11
   45383.679     0.999805      3565617      5120.00
   45744.127     0.999829      3565707      5851.43
   46071.807     0.999854      3565787      6826.67
   46465.023     0.999878      3565877      8192.00
   46727.167     0.999890      3565918      9102.22
   47054.847     0.999902      3565964     10240.00
   47415.295     0.999915      3566009     11702.86
   47710.207     0.999927      3566052     13653.33
   48136.191     0.999939      3566094     16384.00
   48267.263     0.999945      3566115     18204.44
   48529.407     0.999951      3566135     20480.00
   48726.015     0.999957      3566158     23405.71
   49086.463     0.999963      3566181     27306.67
   49446.911     0.999969      3566201     32768.00
   49676.287     0.999973      3566214     36408.89
   49905.663     0.999976      3566223     40960.00
   50167.807     0.999979      3566233     46811.43
   50397.183     0.999982      3566245     54613.33
   50561.023     0.999985      3566255     65536.00
   50888.703     0.999986      3566261     72817.78
   51118.079     0.999988      3566266     81920.00
   51281.919     0.999989      3566271     93622.86
   51445.759     0.999991      3566277    109226.67
   51871.743     0.999992      3566283    131072.00
   52068.351     0.999993      3566285    145635.56
   52199.423     0.999994      3566288    163840.00
   52264.959     0.999995      3566290    187245.71
   52428.799     0.999995      3566293    218453.33
   52822.015     0.999996      3566297    262144.00
   52822.015     0.999997      3566297    291271.11
   52985.855     0.999997      3566299    327680.00
   53018.623     0.999997      3566301    374491.43
   53018.623     0.999998      3566301    436906.67
   53346.303     0.999998      3566303    524288.00
   53346.303     0.999998      3566303    582542.22
   53411.839     0.999998      3566304    655360.00
   53837.823     0.999999      3566305    748982.86
   53837.823     0.999999      3566305    873813.33
   54525.951     0.999999      3566306   1048576.00
   54525.951     0.999999      3566306   1165084.44
   54919.167     0.999999      3566307   1310720.00
   54919.167     0.999999      3566307   1497965.71
   54919.167     0.999999      3566307   1747626.67
   55017.471     1.000000      3566308   2097152.00
   55017.471     1.000000      3566308   2330168.89
   55017.471     1.000000      3566308   2621440.00
   55017.471     1.000000      3566308   2995931.43
   55017.471     1.000000      3566308   3495253.33
   55050.239     1.000000      3566309   4194304.00
   55050.239     1.000000      3566309          inf
#[Mean    =    10507.690, StdDeviation   =     8176.732]
#[Max     =    55017.472, Total count    =      3566309]
#[Buckets =           27, SubBuckets     =         2048]
----------------------------------------------------------
  3575879 requests in 60.00m, 668.28MB read
  Socket errors: connect 0, read 352, write 20697, timeout 243760
  Non-2xx or 3xx responses: 4
Requests/sec:    993.26
Transfer/sec:    190.08KB
