Running 60m test @ http://13.87.74.77:60/wrk2-api/home-timeline/read
  2 threads and 1000 connections
  Thread calibration: mean lat.: 7.423ms, rate sampling interval: 25ms
  Thread calibration: mean lat.: 7.196ms, rate sampling interval: 25ms
  Thread Stats   Avg      Stdev     99%   +/- Stdev
    Latency    11.66s     8.96s   35.45s    63.84%
    Req/Sec   504.24    160.57     0.93k    70.32%
  Latency Distribution (HdrHistogram - Recorded Latency)
 50.000%   10.34s 
 75.000%   17.69s 
 90.000%   24.28s 
 99.000%   35.45s 
 99.900%   43.32s 
 99.990%   49.71s 
 99.999%    0.98m 
100.000%    1.23m 

  Detailed Percentile spectrum:
       Value   Percentile   TotalCount 1/(1-Percentile)

       0.166     0.000000            1         1.00
     792.063     0.100000       356441         1.11
    2949.119     0.200000       713037         1.25
    5267.455     0.300000      1069494         1.43
    7745.535     0.400000      1426212         1.67
   10338.303     0.500000      1782218         2.00
   11689.983     0.550000      1961223         2.22
   13066.239     0.600000      2138967         2.50
   14508.031     0.650000      2316692         2.86
   16039.935     0.700000      2495045         3.33
   17694.719     0.750000      2673414         4.00
   18579.455     0.775000      2762895         4.44
   19513.343     0.800000      2851406         5.00
   20529.151     0.825000      2940903         5.71
   21643.263     0.850000      3030288         6.67
   22872.063     0.875000      3119217         8.00
   23543.807     0.887500      3163287         8.89
   24281.087     0.900000      3207695        10.00
   25083.903     0.912500      3252631        11.43
   25968.639     0.925000      3297033        13.33
   26968.063     0.937500      3341466        16.00
   27541.503     0.943750      3364053        17.78
   28164.095     0.950000      3386355        20.00
   28835.839     0.956250      3408437        22.86
   29589.503     0.962500      3430750        26.67
   30457.855     0.968750      3452904        32.00
   30949.375     0.971875      3464073        35.56
   31490.047     0.975000      3475220        40.00
   32096.255     0.978125      3486368        45.71
   32784.383     0.981250      3497503        53.33
   33587.199     0.984375      3508593        64.00
   34045.951     0.985938      3514228        71.11
   34537.471     0.987500      3519740        80.00
   35094.527     0.989062      3525379        91.43
   35717.119     0.990625      3530821       106.67
   36438.015     0.992188      3536297       128.00
   36863.999     0.992969      3539149       142.22
   37289.983     0.993750      3541848       160.00
   37781.503     0.994531      3544629       182.86
   38338.559     0.995313      3547454       213.33
   39026.687     0.996094      3550309       256.00
   39387.135     0.996484      3551672       284.44
   39780.351     0.996875      3553026       320.00
   40239.103     0.997266      3554426       365.71
   40730.623     0.997656      3555805       426.67
   41287.679     0.998047      3557167       512.00
   41582.591     0.998242      3557859       568.89
   41975.807     0.998437      3558593       640.00
   42401.791     0.998633      3559275       731.43
   42860.543     0.998828      3559965       853.33
   43384.831     0.999023      3560629      1024.00
   43712.511     0.999121      3560975      1137.78
   44072.959     0.999219      3561353      1280.00
   44400.639     0.999316      3561671      1462.86
   44826.623     0.999414      3562021      1706.67
   45318.143     0.999512      3562365      2048.00
   45645.823     0.999561      3562541      2275.56
   45940.735     0.999609      3562720      2560.00
   46301.183     0.999658      3562899      2925.71
   46694.399     0.999707      3563063      3413.33
   47218.687     0.999756      3563236      4096.00
   47579.135     0.999780      3563328      4551.11
   47939.583     0.999805      3563415      5120.00
   48332.799     0.999829      3563500      5851.43
   48726.015     0.999854      3563583      6826.67
   49184.767     0.999878      3563674      8192.00
   49479.679     0.999890      3563715      9102.22
   49741.823     0.999902      3563757     10240.00
   50069.503     0.999915      3563802     11702.86
   50364.415     0.999927      3563845     13653.33
   50790.399     0.999939      3563890     16384.00
   51052.543     0.999945      3563911     18204.44
   51314.687     0.999951      3563934     20480.00
   51609.599     0.999957      3563953     23405.71
   52101.119     0.999963      3563978     27306.67
   52461.567     0.999969      3563997     32768.00
   52920.319     0.999973      3564008     36408.89
   53247.999     0.999976      3564018     40960.00
   53870.591     0.999979      3564030     46811.43
   54525.951     0.999982      3564040     54613.33
   55410.687     0.999985      3564051     65536.00
   55803.903     0.999986      3564057     72817.78
   56557.567     0.999988      3564062     81920.00
   57606.143     0.999989      3564067     93622.86
   59179.007     0.999991      3564073    109226.67
   59473.919     0.999992      3564079    131072.00
   59965.439     0.999993      3564081    145635.56
   60260.351     0.999994      3564085    163840.00
   60424.191     0.999995      3564086    187245.71
   61603.839     0.999995      3564089    218453.33
   62849.023     0.999996      3564092    262144.00
   63864.831     0.999997      3564094    291271.11
   64913.407     0.999997      3564095    327680.00
   67239.935     0.999997      3564096    374491.43
   67567.615     0.999998      3564097    436906.67
   68288.511     0.999998      3564099    524288.00
   68288.511     0.999998      3564099    582542.22
   68812.799     0.999998      3564100    655360.00
   70057.983     0.999999      3564101    748982.86
   70057.983     0.999999      3564101    873813.33
   70320.127     0.999999      3564102   1048576.00
   70320.127     0.999999      3564102   1165084.44
   70582.271     0.999999      3564103   1310720.00
   70582.271     0.999999      3564103   1497965.71
   70582.271     0.999999      3564103   1747626.67
   70647.807     1.000000      3564104   2097152.00
   70647.807     1.000000      3564104   2330168.89
   70647.807     1.000000      3564104   2621440.00
   70647.807     1.000000      3564104   2995931.43
   70647.807     1.000000      3564104   3495253.33
   73990.143     1.000000      3564105   4194304.00
   73990.143     1.000000      3564105          inf
#[Mean    =    11659.394, StdDeviation   =     8956.611]
#[Max     =    73924.608, Total count    =      3564105]
#[Buckets =           27, SubBuckets     =         2048]
----------------------------------------------------------
  3573587 requests in 60.00m, 48.31GB read
  Socket errors: connect 0, read 470, write 24860, timeout 244372
  Non-2xx or 3xx responses: 67
Requests/sec:    992.66
Transfer/sec:     13.74MB
