Running 30m test @ http://20.108.20.128:60/wrk2-api/post/compose
  2 threads and 1000 connections
  Thread calibration: mean lat.: 710.731ms, rate sampling interval: 3344ms
  Thread calibration: mean lat.: 627.714ms, rate sampling interval: 2725ms
  Thread Stats   Avg      Stdev     99%   +/- Stdev
    Latency     7.53m     4.52m   16.06m    58.17%
    Req/Sec   240.23     22.58   287.00     70.56%
  Latency Distribution (HdrHistogram - Recorded Latency)
 50.000%    7.32m 
 75.000%   11.42m 
 90.000%   13.82m 
 99.000%   16.06m 
 99.900%   16.99m 
 99.990%   17.73m 
 99.999%   18.28m 
100.000%   18.30m 

  Detailed Percentile spectrum:
       Value   Percentile   TotalCount 1/(1-Percentile)

      34.911     0.000000            1         1.00
   90243.071     0.100000        86136         1.11
  173015.039     0.200000       172293         1.25
  256770.047     0.300000       258463         1.43
  344195.071     0.400000       344644         1.67
  439353.343     0.500000       430607         2.00
  487325.695     0.550000       473795         2.22
  537919.487     0.600000       517134         2.50
  585629.695     0.650000       559914         2.86
  635961.343     0.700000       603003         3.33
  685244.415     0.750000       646325         4.00
  708837.375     0.775000       667606         4.44
  732954.623     0.800000       689216         5.00
  756547.583     0.825000       710631         5.71
  780140.543     0.850000       732180         6.67
  804782.079     0.875000       753817         8.00
  817364.991     0.887500       764508         8.89
  829423.615     0.900000       775283        10.00
  842006.527     0.912500       785967        11.43
  855638.015     0.925000       796668        13.33
  870318.079     0.937500       807697        16.00
  878182.399     0.943750       812906        17.78
  886571.007     0.950000       818370        20.00
  894959.615     0.956250       823575        22.86
  904396.799     0.962500       828943        26.67
  913833.983     0.968750       834345        32.00
  919601.151     0.971875       837205        35.56
  924319.743     0.975000       839706        40.00
  930611.199     0.978125       842433        45.71
  937951.231     0.981250       845232        53.33
  945291.263     0.984375       847809        64.00
  949485.567     0.985938       849170        71.11
  954204.159     0.987500       850490        80.00
  959971.327     0.989062       851859        91.43
  965214.207     0.990625       853151       106.67
  971505.663     0.992188       854591       128.00
  974651.391     0.992969       855211       142.22
  978321.407     0.993750       855893       160.00
  982515.711     0.994531       856523       182.86
  986710.015     0.995313       857254       213.33
  991428.607     0.996094       857905       256.00
  994050.047     0.996484       858223       284.44
  997195.775     0.996875       858572       320.00
 1000341.503     0.997266       858884       365.71
 1004011.519     0.997656       859228       426.67
 1007157.247     0.998047       859546       512.00
 1009254.399     0.998242       859705       568.89
 1011351.551     0.998437       859876       640.00
 1013448.703     0.998633       860041       731.43
 1016594.431     0.998828       860259       853.33
 1019215.871     0.999023       860377      1024.00
 1021837.311     0.999121       860477      1137.78
 1023410.175     0.999219       860560      1280.00
 1025507.327     0.999316       860632      1462.86
 1028653.055     0.999414       860714      1706.67
 1033371.647     0.999512       860796      2048.00
 1035468.799     0.999561       860844      2275.56
 1038090.239     0.999609       860880      2560.00
 1041760.255     0.999658       860920      2925.71
 1044905.983     0.999707       860963      3413.33
 1048051.711     0.999756       861006      4096.00
 1049624.575     0.999780       861024      4551.11
 1051197.439     0.999805       861051      5120.00
 1053294.591     0.999829       861067      5851.43
 1055916.031     0.999854       861086      6826.67
 1060634.623     0.999878       861110      8192.00
 1062207.487     0.999890       861119      9102.22
 1063780.351     0.999902       861132     10240.00
 1064304.639     0.999915       861140     11702.86
 1068498.943     0.999927       861149     13653.33
 1072693.247     0.999939       861164     16384.00
 1073217.535     0.999945       861165     18204.44
 1074790.399     0.999951       861171     20480.00
 1078984.703     0.999957       861176     23405.71
 1081081.855     0.999963       861181     27306.67
 1085276.159     0.999969       861188     32768.00
 1086324.735     0.999973       861189     36408.89
 1089470.463     0.999976       861191     40960.00
 1091567.615     0.999979       861196     46811.43
 1094713.343     0.999982       861198     54613.33
 1095761.919     0.999985       861202     65536.00
 1095761.919     0.999986       861202     72817.78
 1095761.919     0.999988       861202     81920.00
 1096810.495     0.999989       861209     93622.86
 1096810.495     0.999991       861209    109226.67
 1096810.495     0.999992       861209    131072.00
 1096810.495     0.999993       861209    145635.56
 1096810.495     0.999994       861209    163840.00
 1096810.495     0.999995       861209    187245.71
 1096810.495     0.999995       861209    218453.33
 1096810.495     0.999996       861209    262144.00
 1097859.071     0.999997       861212    291271.11
 1097859.071     1.000000       861212          inf
#[Mean    =   451770.371, StdDeviation   =   271246.835]
#[Max     =  1096810.496, Total count    =       861212]
#[Buckets =           27, SubBuckets     =         2048]
----------------------------------------------------------
  866248 requests in 30.00m, 180.73MB read
  Socket errors: connect 0, read 850, write 31019, timeout 127253
  Non-2xx or 3xx responses: 127291
Requests/sec:    481.24
Transfer/sec:    102.81KB
