Running 60m test @ http://20.108.3.245:60/wrk2-api/home-timeline/read
  2 threads and 1000 connections
  Thread calibration: mean lat.: 2964.531ms, rate sampling interval: 11968ms
  Thread calibration: mean lat.: 2964.215ms, rate sampling interval: 11902ms
  Thread Stats   Avg      Stdev     99%   +/- Stdev
    Latency    20.91m    12.71m   48.37m    70.69%
    Req/Sec   111.03     55.32   285.00     69.83%
  Latency Distribution (HdrHistogram - Recorded Latency)
 50.000%   17.97m 
 75.000%   31.00m 
 90.000%   40.37m 
 99.000%   48.37m 
 99.900%   50.82m 
 99.990%   51.83m 
 99.999%   52.36m 
100.000%   52.74m 

  Detailed Percentile spectrum:
       Value   Percentile   TotalCount 1/(1-Percentile)

    5013.503     0.000000            1         1.00
  497025.023     0.100000        80376         1.11
  541589.503     0.200000       160360         1.25
  629669.887     0.300000       240342         1.43
  730333.183     0.400000       320232         1.67
 1077936.127     0.500000       400257         2.00
 1259339.775     0.550000       440498         2.22
 1410334.719     0.600000       480305         2.50
 1563426.815     0.650000       520416         2.86
 1710227.455     0.700000       560613         3.33
 1860173.823     0.750000       600408         4.00
 1941962.751     0.775000       620670         4.44
 2026897.407     0.800000       640419         5.00
 2116026.367     0.825000       660485         5.71
 2208301.055     0.850000       680498         6.67
 2311061.503     0.875000       700644         8.00
 2365587.455     0.887500       710586         8.89
 2422210.559     0.900000       720791        10.00
 2476736.511     0.912500       730633        11.43
 2529165.311     0.925000       740497        13.33
 2587885.567     0.937500       750671        16.00
 2617245.695     0.943750       755635        17.78
 2648702.975     0.950000       760781        20.00
 2680160.255     0.956250       765638        22.86
 2711617.535     0.962500       770508        26.67
 2747269.119     0.968750       775688        32.00
 2766143.487     0.971875       778195        35.56
 2785017.855     0.975000       780535        40.00
 2805989.375     0.978125       783173        45.71
 2826960.895     0.981250       785619        53.33
 2852126.719     0.984375       788131        64.00
 2864709.631     0.985938       789300        71.11
 2879389.695     0.987500       790596        80.00
 2891972.607     0.989062       791757        91.43
 2908749.823     0.990625       793134       106.67
 2925527.039     0.992188       794305       128.00
 2936012.799     0.992969       794995       142.22
 2944401.407     0.993750       795548       160.00
 2956984.319     0.994531       796217       182.86
 2967470.079     0.995313       796813       213.33
 2980052.991     0.996094       797403       256.00
 2988441.599     0.996484       797778       284.44
 2994733.055     0.996875       798067       320.00
 3001024.511     0.997266       798332       365.71
 3009413.119     0.997656       798639       426.67
 3017801.727     0.998047       798932       512.00
 3024093.183     0.998242       799087       568.89
 3030384.639     0.998437       799252       640.00
 3036676.095     0.998633       799403       731.43
 3042967.551     0.998828       799562       853.33
 3051356.159     0.999023       799754      1024.00
 3055550.463     0.999121       799840      1137.78
 3057647.615     0.999219       799884      1280.00
 3061841.919     0.999316       799944      1462.86
 3068133.375     0.999414       800044      1706.67
 3072327.679     0.999512       800111      2048.00
 3076521.983     0.999561       800178      2275.56
 3076521.983     0.999609       800178      2560.00
 3080716.287     0.999658       800233      2925.71
 3082813.439     0.999707       800256      3413.33
 3089104.895     0.999756       800296      4096.00
 3093299.199     0.999780       800327      4551.11
 3095396.351     0.999805       800344      5120.00
 3097493.503     0.999829       800353      5851.43
 3101687.807     0.999854       800378      6826.67
 3107979.263     0.999878       800400      8192.00
 3110076.415     0.999890       800414      9102.22
 3110076.415     0.999902       800414     10240.00
 3114270.719     0.999915       800428     11702.86
 3116367.871     0.999927       800433     13653.33
 3118465.023     0.999939       800442     16384.00
 3120562.175     0.999945       800447     18204.44
 3122659.327     0.999951       800451     20480.00
 3124756.479     0.999957       800455     23405.71
 3126853.631     0.999963       800462     27306.67
 3128950.783     0.999969       800467     32768.00
 3131047.935     0.999973       800469     36408.89
 3133145.087     0.999976       800471     40960.00
 3135242.239     0.999979       800475     46811.43
 3135242.239     0.999982       800475     54613.33
 3137339.391     0.999985       800477     65536.00
 3139436.543     0.999986       800480     72817.78
 3139436.543     0.999988       800480     81920.00
 3141533.695     0.999989       800483     93622.86
 3141533.695     0.999991       800483    109226.67
 3141533.695     0.999992       800483    131072.00
 3147825.151     0.999993       800484    145635.56
 3152019.455     0.999994       800485    163840.00
 3152019.455     0.999995       800485    187245.71
 3160408.063     0.999995       800486    218453.33
 3160408.063     0.999996       800486    262144.00
 3162505.215     0.999997       800487    291271.11
 3162505.215     0.999997       800487    327680.00
 3162505.215     0.999997       800487    374491.43
 3164602.367     0.999998       800489    436906.67
 3164602.367     1.000000       800489          inf
#[Mean    =  1254387.978, StdDeviation   =   762605.174]
#[Max     =  3162505.216, Total count    =       800489]
#[Buckets =           27, SubBuckets     =         2048]
----------------------------------------------------------
  802400 requests in 60.00m, 7.53GB read
  Socket errors: connect 0, read 20787, write 121763, timeout 263224
  Non-2xx or 3xx responses: 196208
Requests/sec:    222.89
Transfer/sec:      2.14MB
