Running 30m test @ http://20.117.67.156:60/wrk2-api/post/compose
  2 threads and 1000 connections
  Thread calibration: mean lat.: 2882.526ms, rate sampling interval: 14327ms
  Thread calibration: mean lat.: 2948.237ms, rate sampling interval: 14131ms
  Thread Stats   Avg      Stdev     99%   +/- Stdev
    Latency    12.40m     7.10m   24.75m    57.88%
    Req/Sec    74.85      4.17    85.00     85.20%
  Latency Distribution (HdrHistogram - Recorded Latency)
 50.000%   12.48m 
 75.000%   18.42m 
 90.000%   22.28m 
 99.000%   24.75m 
 99.900%   25.60m 
 99.990%   26.06m 
 99.999%   26.34m 
100.000%   26.49m 

  Detailed Percentile spectrum:
       Value   Percentile   TotalCount 1/(1-Percentile)

    1638.399     0.000000            1         1.00
  152436.735     0.100000        26977         1.11
  300941.311     0.200000        53970         1.25
  449576.959     0.300000        80925         1.43
  599261.183     0.400000       107938         1.67
  748683.263     0.500000       134871         2.00
  822083.583     0.550000       148404         2.22
  893386.751     0.600000       161920         2.50
  957874.175     0.650000       175430         2.86
 1026555.903     0.700000       188900         3.33
 1105199.103     0.750000       202457         4.00
 1146093.567     0.775000       209121         4.44
 1186988.031     0.800000       215832         5.00
 1227882.495     0.825000       222582         5.71
 1266679.807     0.850000       229405         6.67
 1303379.967     0.875000       236208         8.00
 1320157.183     0.887500       239523         8.89
 1336934.399     0.900000       242951        10.00
 1352663.039     0.912500       246201        11.43
 1369440.255     0.925000       249578        13.33
 1386217.471     0.937500       252888        16.00
 1395654.655     0.943750       254733        17.78
 1404043.263     0.950000       256325        20.00
 1414529.023     0.956250       258089        22.86
 1423966.207     0.962500       259647        26.67
 1435500.543     0.968750       261430        32.00
 1440743.423     0.971875       262165        35.56
 1447034.879     0.975000       263053        40.00
 1453326.335     0.978125       263858        45.71
 1460666.367     0.981250       264754        53.33
 1468006.399     0.984375       265540        64.00
 1472200.703     0.985938       265954        71.11
 1477443.583     0.987500       266432        80.00
 1481637.887     0.989062       266806        91.43
 1486880.767     0.990625       267201       106.67
 1493172.223     0.992188       267649       128.00
 1496317.951     0.992969       267886       142.22
 1499463.679     0.993750       268069       160.00
 1502609.407     0.994531       268254       182.86
 1506803.711     0.995313       268458       213.33
 1512046.591     0.996094       268683       256.00
 1514143.743     0.996484       268777       284.44
 1517289.471     0.996875       268914       320.00
 1519386.623     0.997266       268993       365.71
 1522532.351     0.997656       269094       426.67
 1526726.655     0.998047       269221       512.00
 1527775.231     0.998242       269253       568.89
 1529872.383     0.998437       269311       640.00
 1531969.535     0.998633       269369       731.43
 1534066.687     0.998828       269412       853.33
 1537212.415     0.999023       269471      1024.00
 1538260.991     0.999121       269485      1137.78
 1540358.143     0.999219       269522      1280.00
 1542455.295     0.999316       269546      1462.86
 1544552.447     0.999414       269562      1706.67
 1547698.175     0.999512       269601      2048.00
 1547698.175     0.999561       269601      2275.56
 1548746.751     0.999609       269614      2560.00
 1550843.903     0.999658       269627      2925.71
 1552941.055     0.999707       269640      3413.33
 1556086.783     0.999756       269656      4096.00
 1557135.359     0.999780       269661      4551.11
 1558183.935     0.999805       269669      5120.00
 1559232.511     0.999829       269673      5851.43
 1561329.663     0.999854       269683      6826.67
 1562378.239     0.999878       269689      8192.00
 1563426.815     0.999890       269693      9102.22
 1563426.815     0.999902       269693     10240.00
 1565523.967     0.999915       269697     11702.86
 1566572.543     0.999927       269700     13653.33
 1569718.271     0.999939       269704     16384.00
 1570766.847     0.999945       269705     18204.44
 1571815.423     0.999951       269706     20480.00
 1572863.999     0.999957       269708     23405.71
 1573912.575     0.999963       269711     27306.67
 1573912.575     0.999969       269711     32768.00
 1574961.151     0.999973       269712     36408.89
 1576009.727     0.999976       269713     40960.00
 1577058.303     0.999979       269714     46811.43
 1578106.879     0.999982       269715     54613.33
 1578106.879     0.999985       269715     65536.00
 1580204.031     0.999986       269716     72817.78
 1580204.031     0.999988       269716     81920.00
 1585446.911     0.999989       269718     93622.86
 1585446.911     0.999991       269718    109226.67
 1585446.911     0.999992       269718    131072.00
 1585446.911     0.999993       269718    145635.56
 1585446.911     0.999994       269718    163840.00
 1585446.911     0.999995       269718    187245.71
 1585446.911     0.999995       269718    218453.33
 1585446.911     0.999996       269718    262144.00
 1589641.215     0.999997       269719    291271.11
 1589641.215     1.000000       269719          inf
#[Mean    =   743887.976, StdDeviation   =   426232.837]
#[Max     =  1588592.640, Total count    =       269719]
#[Buckets =           27, SubBuckets     =         2048]
----------------------------------------------------------
  270881 requests in 30.00m, 56.75MB read
  Socket errors: connect 0, read 598, write 12998, timeout 764402
  Non-2xx or 3xx responses: 45709
Requests/sec:    150.49
Transfer/sec:     32.28KB
