Running 60m test @ http://20.117.150.139:60/wrk2-api/post/compose
  2 threads and 1000 connections
  Thread calibration: mean lat.: 1474.598ms, rate sampling interval: 8511ms
  Thread calibration: mean lat.: 1374.655ms, rate sampling interval: 6881ms
  Thread Stats   Avg      Stdev     99%   +/- Stdev
    Latency    19.49m    10.23m   37.61m    58.33%
    Req/Sec   196.72     31.09   272.00     73.78%
  Latency Distribution (HdrHistogram - Recorded Latency)
 50.000%   19.40m 
 75.000%   28.40m 
 90.000%   33.43m 
 99.000%   37.61m 
 99.900%   39.46m 
 99.990%   40.96m 
 99.999%   41.94m 
100.000%   42.22m 

  Detailed Percentile spectrum:
       Value   Percentile   TotalCount 1/(1-Percentile)

     128.447     0.000000            1         1.00
  370933.759     0.100000       141539         1.11
  546308.095     0.200000       283195         1.25
  739770.367     0.300000       424548         1.43
  953155.583     0.400000       566137         1.67
 1163919.359     0.500000       707960         2.00
 1269825.535     0.550000       778562         2.22
 1379926.015     0.600000       849398         2.50
 1490026.495     0.650000       920172         2.86
 1598029.823     0.700000       990624         3.33
 1703935.999     0.750000      1061539         4.00
 1756364.799     0.775000      1097094         4.44
 1809842.175     0.800000      1132761         5.00
 1861222.399     0.825000      1168260         5.71
 1910505.471     0.850000      1203379         6.67
 1958739.967     0.875000      1238776         8.00
 1982857.215     0.887500      1256193         8.89
 2005925.887     0.900000      1273647        10.00
 2028994.559     0.912500      1291371        11.43
 2054160.383     0.925000      1309221        13.33
 2080374.783     0.937500      1327227        16.00
 2094006.271     0.943750      1335682        17.78
 2109734.911     0.950000      1344888        20.00
 2124414.975     0.956250      1353235        22.86
 2142240.767     0.962500      1362355        26.67
 2162163.711     0.968750      1371437        32.00
 2172649.471     0.971875      1375660        35.56
 2185232.383     0.975000      1380452        40.00
 2195718.143     0.978125      1384216        45.71
 2210398.207     0.981250      1389132        53.33
 2225078.271     0.984375      1393490        64.00
 2233466.879     0.985938      1395818        71.11
 2239758.335     0.987500      1397485        80.00
 2250244.095     0.989062      1399870        91.43
 2260729.855     0.990625      1401912       106.67
 2273312.767     0.992188      1404309       128.00
 2279604.223     0.992969      1405441       142.22
 2285895.679     0.993750      1406577       160.00
 2292187.135     0.994531      1407596       182.86
 2300575.743     0.995313      1408725       213.33
 2308964.351     0.996094      1409712       256.00
 2315255.807     0.996484      1410322       284.44
 2321547.263     0.996875      1410832       320.00
 2327838.719     0.997266      1411329       365.71
 2334130.175     0.997656      1411857       426.67
 2342518.783     0.998047      1412486       512.00
 2346713.087     0.998242      1412786       568.89
 2350907.391     0.998437      1413028       640.00
 2355101.695     0.998633      1413253       731.43
 2361393.151     0.998828      1413553       853.33
 2367684.607     0.999023      1413816      1024.00
 2369781.759     0.999121      1413905      1137.78
 2373976.063     0.999219      1414049      1280.00
 2380267.519     0.999316      1414226      1462.86
 2384461.823     0.999414      1414335      1706.67
 2390753.279     0.999512      1414464      2048.00
 2397044.735     0.999561      1414544      2275.56
 2401239.039     0.999609      1414607      2560.00
 2407530.495     0.999658      1414669      2925.71
 2415919.103     0.999707      1414733      3413.33
 2422210.559     0.999756      1414804      4096.00
 2426404.863     0.999780      1414858      4551.11
 2428502.015     0.999805      1414883      5120.00
 2432696.319     0.999829      1414909      5851.43
 2438987.775     0.999854      1414939      6826.67
 2445279.231     0.999878      1414977      8192.00
 2451570.687     0.999890      1414991      9102.22
 2459959.295     0.999902      1415008     10240.00
 2464153.599     0.999915      1415026     11702.86
 2468347.903     0.999927      1415043     13653.33
 2472542.207     0.999939      1415059     16384.00
 2474639.359     0.999945      1415074     18204.44
 2476736.511     0.999951      1415078     20480.00
 2485125.119     0.999957      1415087     23405.71
 2489319.423     0.999963      1415095     27306.67
 2495610.879     0.999969      1415104     32768.00
 2499805.183     0.999973      1415110     36408.89
 2501902.335     0.999976      1415116     40960.00
 2501902.335     0.999979      1415116     46811.43
 2506096.639     0.999982      1415122     54613.33
 2508193.791     0.999985      1415125     65536.00
 2510290.943     0.999986      1415126     72817.78
 2514485.247     0.999988      1415130     81920.00
 2514485.247     0.999989      1415130     93622.86
 2518679.551     0.999991      1415134    109226.67
 2520776.703     0.999992      1415138    131072.00
 2520776.703     0.999993      1415138    145635.56
 2520776.703     0.999994      1415138    163840.00
 2520776.703     0.999995      1415138    187245.71
 2524971.007     0.999995      1415143    218453.33
 2524971.007     0.999996      1415143    262144.00
 2524971.007     0.999997      1415143    291271.11
 2524971.007     0.999997      1415143    327680.00
 2524971.007     0.999997      1415143    374491.43
 2524971.007     0.999998      1415143    436906.67
 2524971.007     0.999998      1415143    524288.00
 2524971.007     0.999998      1415143    582542.22
 2524971.007     0.999998      1415143    655360.00
 2527068.159     0.999999      1415144    748982.86
 2527068.159     0.999999      1415144    873813.33
 2527068.159     0.999999      1415144   1048576.00
 2527068.159     0.999999      1415144   1165084.44
 2527068.159     0.999999      1415144   1310720.00
 2533359.615     0.999999      1415145   1497965.71
 2533359.615     1.000000      1415145          inf
#[Mean    =  1169355.764, StdDeviation   =   613938.501]
#[Max     =  2531262.464, Total count    =      1415145]
#[Buckets =           27, SubBuckets     =         2048]
----------------------------------------------------------
  1418055 requests in 60.00m, 288.94MB read
  Socket errors: connect 0, read 103, write 2367, timeout 453837
  Non-2xx or 3xx responses: 188549
Requests/sec:    393.90
Transfer/sec:     82.19KB
