Running 60m test @ http://51.140.51.113:60/wrk2-api/post/compose
  2 threads and 1000 connections
  Thread calibration: mean lat.: 3821.624ms, rate sampling interval: 13131ms
  Thread calibration: mean lat.: 3761.248ms, rate sampling interval: 13213ms
  Thread Stats   Avg      Stdev     99%   +/- Stdev
    Latency    18.61m    12.40m   44.63m    63.98%
    Req/Sec   104.61     74.03   471.00     93.01%
  Latency Distribution (HdrHistogram - Recorded Latency)
 50.000%   16.58m 
 75.000%   28.57m 
 90.000%   36.70m 
 99.000%   44.63m 
 99.900%   47.95m 
 99.990%   50.09m 
 99.999%   51.52m 
100.000%   52.11m 

  Detailed Percentile spectrum:
       Value   Percentile   TotalCount 1/(1-Percentile)

     141.055     0.000000            1         1.00
  186777.599     0.100000        75461         1.11
  485752.831     0.200000       150941         1.25
  543686.655     0.300000       226395         1.43
  692060.159     0.400000       301874         1.67
  994574.335     0.500000       377201         2.00
 1171259.391     0.550000       415021         2.22
 1330642.943     0.600000       452703         2.50
 1455423.487     0.650000       490383         2.86
 1577058.303     0.700000       528279         3.33
 1714421.759     0.750000       565881         4.00
 1792016.383     0.775000       584683         4.44
 1872756.735     0.800000       603635         5.00
 1954545.663     0.825000       622462         5.71
 2035286.015     0.850000       641350         6.67
 2117074.943     0.875000       660287         8.00
 2157969.407     0.887500       669624         8.89
 2202009.599     0.900000       679376        10.00
 2243952.639     0.912500       688643        11.43
 2287992.831     0.925000       697840        13.33
 2338324.479     0.937500       707426        16.00
 2363490.303     0.943750       712017        17.78
 2390753.279     0.950000       716728        20.00
 2422210.559     0.956250       721617        22.86
 2455764.991     0.962500       726302        26.67
 2495610.879     0.968750       731063        32.00
 2514485.247     0.971875       733204        35.56
 2537553.919     0.975000       735738        40.00
 2560622.591     0.978125       738037        45.71
 2585788.415     0.981250       740330        53.33
 2613051.391     0.984375       742593        64.00
 2629828.607     0.985938       743859        71.11
 2646605.823     0.987500       744985        80.00
 2665480.191     0.989062       746174        91.43
 2684354.559     0.990625       747311       106.67
 2707423.231     0.992188       748561       128.00
 2717908.991     0.992969       749098       142.22
 2730491.903     0.993750       749676       160.00
 2745171.967     0.994531       750325       182.86
 2757754.879     0.995313       750840       213.33
 2774532.095     0.996094       751426       256.00
 2785017.855     0.996484       751754       284.44
 2793406.463     0.996875       752035       320.00
 2803892.223     0.997266       752341       365.71
 2814377.983     0.997656       752621       426.67
 2829058.047     0.998047       752930       512.00
 2835349.503     0.998242       753052       568.89
 2843738.111     0.998437       753197       640.00
 2854223.871     0.998633       753373       731.43
 2862612.479     0.998828       753491       853.33
 2879389.695     0.999023       753648      1024.00
 2885681.151     0.999121       753708      1137.78
 2896166.911     0.999219       753787      1280.00
 2904555.519     0.999316       753860      1462.86
 2917138.431     0.999414       753939      1706.67
 2927624.191     0.999512       754019      2048.00
 2931818.495     0.999561       754045      2275.56
 2938109.951     0.999609       754084      2560.00
 2946498.559     0.999658       754118      2925.71
 2956984.319     0.999707       754153      3413.33
 2965372.927     0.999756       754189      4096.00
 2971664.383     0.999780       754208      4551.11
 2975858.687     0.999805       754224      5120.00
 2984247.295     0.999829       754248      5851.43
 2988441.599     0.999854       754267      6826.67
 2994733.055     0.999878       754283      8192.00
 2998927.359     0.999890       754291      9102.22
 3005218.815     0.999902       754298     10240.00
 3009413.119     0.999915       754309     11702.86
 3017801.727     0.999927       754318     13653.33
 3024093.183     0.999939       754325     16384.00
 3028287.487     0.999945       754330     18204.44
 3034578.943     0.999951       754336     20480.00
 3040870.399     0.999957       754342     23405.71
 3042967.551     0.999963       754344     27306.67
 3053453.311     0.999969       754348     32768.00
 3059744.767     0.999973       754351     36408.89
 3063939.071     0.999976       754353     40960.00
 3066036.223     0.999979       754355     46811.43
 3078619.135     0.999982       754360     54613.33
 3078619.135     0.999985       754360     65536.00
 3082813.439     0.999986       754362     72817.78
 3082813.439     0.999988       754362     81920.00
 3091202.047     0.999989       754364     93622.86
 3095396.351     0.999991       754365    109226.67
 3101687.807     0.999992       754366    131072.00
 3101687.807     0.999993       754366    145635.56
 3105882.111     0.999994       754367    163840.00
 3105882.111     0.999995       754367    187245.71
 3110076.415     0.999995       754368    218453.33
 3122659.327     0.999996       754369    262144.00
 3122659.327     0.999997       754369    291271.11
 3122659.327     0.999997       754369    327680.00
 3122659.327     0.999997       754369    374491.43
 3124756.479     0.999998       754370    436906.67
 3124756.479     0.999998       754370    524288.00
 3124756.479     0.999998       754370    582542.22
 3124756.479     0.999998       754370    655360.00
 3124756.479     0.999999       754370    748982.86
 3126853.631     0.999999       754371    873813.33
 3126853.631     1.000000       754371          inf
#[Mean    =  1116662.734, StdDeviation   =   743944.138]
#[Max     =  3124756.480, Total count    =       754371]
#[Buckets =           27, SubBuckets     =         2048]
----------------------------------------------------------
  755526 requests in 60.00m, 169.33MB read
  Socket errors: connect 0, read 11399, write 88707, timeout 1535266
  Non-2xx or 3xx responses: 197042
Requests/sec:    209.87
Transfer/sec:     48.17KB
