Running 30m test @ http://20.108.19.159:60/wrk2-api/post/compose
  2 threads and 1000 connections
  Thread calibration: mean lat.: 646.002ms, rate sampling interval: 2293ms
  Thread calibration: mean lat.: 737.879ms, rate sampling interval: 3893ms
  Thread Stats   Avg      Stdev     99%   +/- Stdev
    Latency     8.01m     4.77m   16.76m    57.69%
    Req/Sec   225.66     20.36   268.00     70.63%
  Latency Distribution (HdrHistogram - Recorded Latency)
 50.000%    7.93m 
 75.000%   12.07m 
 90.000%   14.61m 
 99.000%   16.76m 
 99.900%   17.79m 
 99.990%   18.45m 
 99.999%   18.93m 
100.000%   19.19m 

  Detailed Percentile spectrum:
       Value   Percentile   TotalCount 1/(1-Percentile)

       2.203     0.000000            1         1.00
   89784.319     0.100000        81016         1.11
  178651.135     0.200000       162014         1.25
  279707.647     0.300000       242943         1.43
  378273.791     0.400000       324065         1.67
  475791.359     0.500000       404981         2.00
  525336.575     0.550000       445532         2.22
  575143.935     0.600000       486305         2.50
  624951.295     0.650000       526708         2.86
  673710.079     0.700000       567169         3.33
  724041.727     0.750000       607661         4.00
  748683.263     0.775000       627599         4.44
  774373.375     0.800000       647894         5.00
  799539.199     0.825000       668047         5.71
  825229.311     0.850000       688598         6.67
  850919.423     0.875000       708798         8.00
  863502.335     0.887500       718712         8.89
  876609.535     0.900000       728871        10.00
  890765.311     0.912500       739220        11.43
  904396.799     0.925000       749201        13.33
  918552.575     0.937500       759164        16.00
  925892.607     0.943750       764384        17.78
  933232.639     0.950000       769341        20.00
  941621.247     0.956250       774578        22.86
  950534.143     0.962500       779594        26.67
  960495.615     0.968750       784684        32.00
  965738.495     0.971875       787158        35.56
  970981.375     0.975000       789527        40.00
  977272.831     0.978125       792179        45.71
  983564.287     0.981250       794615        53.33
  990380.031     0.984375       797185        64.00
  994050.047     0.985938       798416        71.11
  998244.351     0.987500       799728        80.00
 1002962.943     0.989062       800994        91.43
 1007681.535     0.990625       802190       106.67
 1013448.703     0.992188       803433       128.00
 1016594.431     0.992969       804077       142.22
 1019740.159     0.993750       804672       160.00
 1023410.175     0.994531       805382       182.86
 1027080.191     0.995313       805961       213.33
 1032323.071     0.996094       806602       256.00
 1034420.223     0.996484       806886       284.44
 1037565.951     0.996875       807201       320.00
 1041235.967     0.997266       807516       365.71
 1044905.983     0.997656       807869       426.67
 1049100.287     0.998047       808150       512.00
 1052246.015     0.998242       808302       568.89
 1055391.743     0.998437       808468       640.00
 1058537.471     0.998633       808623       731.43
 1063256.063     0.998828       808790       853.33
 1068498.943     0.999023       808939      1024.00
 1071644.671     0.999121       809039      1137.78
 1073217.535     0.999219       809096      1280.00
 1076887.551     0.999316       809183      1462.86
 1080033.279     0.999414       809261      1706.67
 1083179.007     0.999512       809330      2048.00
 1087373.311     0.999561       809385      2275.56
 1089470.463     0.999609       809418      2560.00
 1091567.615     0.999658       809465      2925.71
 1093664.767     0.999707       809494      3413.33
 1096810.495     0.999756       809530      4096.00
 1099956.223     0.999780       809552      4551.11
 1101004.799     0.999805       809569      5120.00
 1103101.951     0.999829       809603      5851.43
 1104150.527     0.999854       809618      6826.67
 1105199.103     0.999878       809629      8192.00
 1106247.679     0.999890       809640      9102.22
 1107296.255     0.999902       809652     10240.00
 1108344.831     0.999915       809657     11702.86
 1115684.863     0.999927       809668     13653.33
 1116733.439     0.999939       809680     16384.00
 1117782.015     0.999945       809692     18204.44
 1117782.015     0.999951       809692     20480.00
 1117782.015     0.999957       809692     23405.71
 1121976.319     0.999963       809706     27306.67
 1121976.319     0.999969       809706     32768.00
 1121976.319     0.999973       809706     36408.89
 1121976.319     0.999976       809706     40960.00
 1123024.895     0.999979       809709     46811.43
 1124073.471     0.999982       809711     54613.33
 1125122.047     0.999985       809713     65536.00
 1126170.623     0.999986       809714     72817.78
 1127219.199     0.999988       809716     81920.00
 1135607.807     0.999989       809717     93622.86
 1140850.687     0.999991       809720    109226.67
 1140850.687     0.999992       809720    131072.00
 1140850.687     0.999993       809720    145635.56
 1141899.263     0.999994       809721    163840.00
 1141899.263     0.999995       809721    187245.71
 1142947.839     0.999995       809722    218453.33
 1142947.839     0.999996       809722    262144.00
 1146093.567     0.999997       809724    291271.11
 1146093.567     0.999997       809724    327680.00
 1146093.567     0.999997       809724    374491.43
 1146093.567     0.999998       809724    436906.67
 1146093.567     0.999998       809724    524288.00
 1146093.567     0.999998       809724    582542.22
 1146093.567     0.999998       809724    655360.00
 1146093.567     0.999999       809724    748982.86
 1151336.447     0.999999       809725    873813.33
 1151336.447     1.000000       809725          inf
#[Mean    =   480337.340, StdDeviation   =   286468.823]
#[Max     =  1150287.872, Total count    =       809725]
#[Buckets =           27, SubBuckets     =         2048]
----------------------------------------------------------
  814653 requests in 30.00m, 170.16MB read
  Socket errors: connect 0, read 227, write 11080, timeout 131930
  Non-2xx or 3xx responses: 121266
Requests/sec:    452.58
Transfer/sec:     96.80KB
