Running 60m test @ http://20.117.150.180:60/wrk2-api/home-timeline/read
  2 threads and 1000 connections
  Thread calibration: mean lat.: 149.885ms, rate sampling interval: 799ms
  Thread calibration: mean lat.: 144.877ms, rate sampling interval: 776ms
  Thread Stats   Avg      Stdev     99%   +/- Stdev
    Latency     8.87m     4.22m   17.91m    65.28%
    Req/Sec   364.48     62.35   482.00     70.63%
  Latency Distribution (HdrHistogram - Recorded Latency)
 50.000%    8.63m 
 75.000%   12.07m 
 90.000%   14.61m 
 99.000%   17.91m 
 99.900%   19.98m 
 99.990%   21.53m 
 99.999%   23.47m 
100.000%   23.77m 

  Detailed Percentile spectrum:
       Value   Percentile   TotalCount 1/(1-Percentile)

      12.607     0.000000            1         1.00
  208011.263     0.100000       262081         1.11
  309067.775     0.200000       524087         1.25
  384040.959     0.300000       786228         1.43
  449576.959     0.400000      1047682         1.67
  517734.399     0.500000      1309521         2.00
  555220.991     0.550000      1441811         2.22
  594542.591     0.600000      1572773         2.50
  634912.767     0.650000      1702457         2.86
  678952.959     0.700000      1834268         3.33
  724041.727     0.750000      1964902         4.00
  747634.687     0.775000      2030720         4.44
  771227.647     0.800000      2095634         5.00
  795344.895     0.825000      2161308         5.71
  820510.719     0.850000      2225902         6.67
  847249.407     0.875000      2291307         8.00
  861405.183     0.887500      2324064         8.89
  876609.535     0.900000      2357120        10.00
  892862.463     0.912500      2389583        11.43
  910163.967     0.925000      2423055        13.33
  930611.199     0.937500      2455609        16.00
  941096.959     0.943750      2471317        17.78
  952107.007     0.950000      2487767        20.00
  964165.631     0.956250      2504235        22.86
  977797.119     0.962500      2520681        26.67
  993001.471     0.968750      2536928        32.00
 1001914.367     0.971875      2545252        35.56
 1011351.551     0.975000      2553562        40.00
 1021313.023     0.978125      2561662        45.71
 1032323.071     0.981250      2569597        53.33
 1045430.271     0.984375      2577953        64.00
 1051721.727     0.985938      2581790        71.11
 1059586.047     0.987500      2586145        80.00
 1067974.655     0.989062      2590135        91.43
 1077936.127     0.990625      2594061       106.67
 1089470.463     0.992188      2598409       128.00
 1094713.343     0.992969      2600298       142.22
 1101004.799     0.993750      2602248       160.00
 1110441.983     0.994531      2604477       182.86
 1120927.743     0.995313      2606441       213.33
 1132462.079     0.996094      2608422       256.00
 1138753.535     0.996484      2609451       284.44
 1146093.567     0.996875      2610481       320.00
 1154482.175     0.997266      2611592       365.71
 1160773.631     0.997656      2612568       426.67
 1168113.663     0.998047      2613515       512.00
 1172307.967     0.998242      2614002       568.89
 1178599.423     0.998437      2614586       640.00
 1182793.727     0.998633      2615027       731.43
 1191182.335     0.998828      2615567       853.33
 1199570.943     0.999023      2616083      1024.00
 1204813.823     0.999121      2616324      1137.78
 1212153.855     0.999219      2616595      1280.00
 1219493.887     0.999316      2616837      1462.86
 1225785.343     0.999414      2617107      1706.67
 1234173.951     0.999512      2617359      2048.00
 1237319.679     0.999561      2617455      2275.56
 1242562.559     0.999609      2617584      2560.00
 1247805.439     0.999658      2617732      2925.71
 1250951.167     0.999707      2617843      3413.33
 1255145.471     0.999756      2617982      4096.00
 1258291.199     0.999780      2618039      4551.11
 1263534.079     0.999805      2618091      5120.00
 1268776.959     0.999829      2618166      5851.43
 1271922.687     0.999854      2618226      6826.67
 1277165.567     0.999878      2618283      8192.00
 1281359.871     0.999890      2618316      9102.22
 1292894.207     0.999902      2618347     10240.00
 1300234.239     0.999915      2618384     11702.86
 1304428.543     0.999927      2618421     13653.33
 1311768.575     0.999939      2618444     16384.00
 1320157.183     0.999945      2618464     18204.44
 1322254.335     0.999951      2618475     20480.00
 1328545.791     0.999957      2618491     23405.71
 1344274.431     0.999963      2618507     27306.67
 1349517.311     0.999969      2618526     32768.00
 1356857.343     0.999973      2618531     36408.89
 1371537.407     0.999976      2618539     40960.00
 1380974.591     0.999979      2618548     46811.43
 1393557.503     0.999982      2618560     54613.33
 1394606.079     0.999985      2618564     65536.00
 1398800.383     0.999986      2618570     72817.78
 1401946.111     0.999988      2618571     81920.00
 1408237.567     0.999989      2618577     93622.86
 1409286.143     0.999991      2618579    109226.67
 1411383.295     0.999992      2618585    131072.00
 1411383.295     0.999993      2618585    145635.56
 1417674.751     0.999994      2618590    163840.00
 1417674.751     0.999995      2618590    187245.71
 1418723.327     0.999995      2618593    218453.33
 1418723.327     0.999996      2618593    262144.00
 1419771.903     0.999997      2618597    291271.11
 1419771.903     0.999997      2618597    327680.00
 1419771.903     0.999997      2618597    374491.43
 1419771.903     0.999998      2618597    436906.67
 1420820.479     0.999998      2618598    524288.00
 1420820.479     0.999998      2618598    582542.22
 1421869.055     0.999998      2618600    655360.00
 1421869.055     0.999999      2618600    748982.86
 1421869.055     0.999999      2618600    873813.33
 1421869.055     0.999999      2618600   1048576.00
 1421869.055     0.999999      2618600   1165084.44
 1425014.783     0.999999      2618601   1310720.00
 1425014.783     0.999999      2618601   1497965.71
 1425014.783     0.999999      2618601   1747626.67
 1425014.783     1.000000      2618601   2097152.00
 1425014.783     1.000000      2618601   2330168.89
 1426063.359     1.000000      2618602   2621440.00
 1426063.359     1.000000      2618602          inf
#[Mean    =   532396.679, StdDeviation   =   252966.656]
#[Max     =  1425014.784, Total count    =      2618602]
#[Buckets =           27, SubBuckets     =         2048]
----------------------------------------------------------
  2627584 requests in 60.00m, 33.62GB read
  Socket errors: connect 0, read 545, write 14555, timeout 244322
  Non-2xx or 3xx responses: 99588
Requests/sec:    729.88
Transfer/sec:      9.56MB
