Running 30m test @ http://20.108.9.154:60
  2 threads and 1000 connections
  Thread calibration: mean lat.: 4567.417ms, rate sampling interval: 14696ms
  Thread calibration: mean lat.: 4588.031ms, rate sampling interval: 14614ms
  Thread Stats   Avg      Stdev     99%   +/- Stdev
    Latency    12.54m     7.19m   24.85m    57.83%
    Req/Sec   164.33      7.40   178.00     81.48%
  Latency Distribution (HdrHistogram - Recorded Latency)
 50.000%   12.50m 
 75.000%   18.77m 
 90.000%   22.54m 
 99.000%   24.85m 
 99.900%   25.36m 
 99.990%   25.64m 
 99.999%   25.86m 
100.000%   25.95m 

  Detailed Percentile spectrum:
       Value   Percentile   TotalCount 1/(1-Percentile)

    2889.727     0.000000            1         1.00
  156762.111     0.100000        59000         1.11
  305397.759     0.200000       118028         1.25
  451411.967     0.300000       176958         1.43
  600834.047     0.400000       236031         1.67
  749731.839     0.500000       295018         2.00
  825753.599     0.550000       324379         2.22
  900726.783     0.600000       353970         2.50
  974651.391     0.650000       383459         2.86
 1050148.863     0.700000       412973         3.33
 1126170.623     0.750000       442526         4.00
 1163919.359     0.775000       457305         4.44
 1200619.519     0.800000       472042         5.00
 1239416.831     0.825000       486835         5.71
 1277165.567     0.850000       501402         6.67
 1314914.303     0.875000       516318         8.00
 1333788.671     0.887500       523628         8.89
 1352663.039     0.900000       531063        10.00
 1371537.407     0.912500       538536        11.43
 1389363.199     0.925000       545682        13.33
 1408237.567     0.937500       553204        16.00
 1417674.751     0.943750       556935        17.78
 1427111.935     0.950000       560613        20.00
 1436549.119     0.956250       564094        22.86
 1447034.879     0.962500       568027        26.67
 1456472.063     0.968750       571619        32.00
 1460666.367     0.971875       573230        35.56
 1465909.247     0.975000       575150        40.00
 1471152.127     0.978125       577262        45.71
 1475346.431     0.981250       578879        53.33
 1480589.311     0.984375       580745        64.00
 1483735.039     0.985938       581841        71.11
 1485832.191     0.987500       582507        80.00
 1488977.919     0.989062       583442        91.43
 1492123.647     0.990625       584438       106.67
 1495269.375     0.992188       585279       128.00
 1497366.527     0.992969       585810       142.22
 1499463.679     0.993750       586309       160.00
 1500512.255     0.994531       586557       182.86
 1503657.983     0.995313       587190       213.33
 1505755.135     0.996094       587542       256.00
 1507852.287     0.996484       587857       284.44
 1508900.863     0.996875       588015       320.00
 1510998.015     0.997266       588304       365.71
 1512046.591     0.997656       588432       426.67
 1514143.743     0.998047       588652       512.00
 1515192.319     0.998242       588752       568.89
 1517289.471     0.998437       588945       640.00
 1518338.047     0.998633       589016       731.43
 1519386.623     0.998828       589088       853.33
 1521483.775     0.999023       589223      1024.00
 1522532.351     0.999121       589286      1137.78
 1523580.927     0.999219       589335      1280.00
 1524629.503     0.999316       589385      1462.86
 1526726.655     0.999414       589470      1706.67
 1527775.231     0.999512       589505      2048.00
 1528823.807     0.999561       589547      2275.56
 1529872.383     0.999609       589583      2560.00
 1529872.383     0.999658       589583      2925.71
 1530920.959     0.999707       589614      3413.33
 1531969.535     0.999756       589639      4096.00
 1533018.111     0.999780       589660      4551.11
 1534066.687     0.999805       589669      5120.00
 1536163.839     0.999829       589696      5851.43
 1536163.839     0.999854       589696      6826.67
 1537212.415     0.999878       589714      8192.00
 1537212.415     0.999890       589714      9102.22
 1538260.991     0.999902       589727     10240.00
 1539309.567     0.999915       589738     11702.86
 1539309.567     0.999927       589738     13653.33
 1540358.143     0.999939       589744     16384.00
 1541406.719     0.999945       589750     18204.44
 1541406.719     0.999951       589750     20480.00
 1542455.295     0.999957       589756     23405.71
 1543503.871     0.999963       589759     27306.67
 1544552.447     0.999969       589762     32768.00
 1544552.447     0.999973       589762     36408.89
 1545601.023     0.999976       589764     40960.00
 1547698.175     0.999979       589769     46811.43
 1547698.175     0.999982       589769     54613.33
 1548746.751     0.999985       589770     65536.00
 1548746.751     0.999986       589770     72817.78
 1549795.327     0.999988       589771     81920.00
 1551892.479     0.999989       589773     93622.86
 1551892.479     0.999991       589773    109226.67
 1552941.055     0.999992       589776    131072.00
 1552941.055     0.999993       589776    145635.56
 1552941.055     0.999994       589776    163840.00
 1552941.055     0.999995       589776    187245.71
 1552941.055     0.999995       589776    218453.33
 1552941.055     0.999996       589776    262144.00
 1552941.055     0.999997       589776    291271.11
 1556086.783     0.999997       589777    327680.00
 1556086.783     0.999997       589777    374491.43
 1556086.783     0.999998       589777    436906.67
 1556086.783     0.999998       589777    524288.00
 1556086.783     0.999998       589777    582542.22
 1557135.359     0.999998       589778    655360.00
 1557135.359     1.000000       589778          inf
#[Mean    =   752345.071, StdDeviation   =   431393.130]
#[Max     =  1556086.784, Total count    =       589778]
#[Buckets =           27, SubBuckets     =         2048]
----------------------------------------------------------
  592536 requests in 30.00m, 276.02MB read
  Socket errors: connect 0, read 198, write 714, timeout 16253
  Non-2xx or 3xx responses: 2
Requests/sec:    329.19
Transfer/sec:    157.02KB
