Running 30m test @ http://20.108.19.154:60/wrk2-api/home-timeline/read
  2 threads and 1000 connections
  Thread calibration: mean lat.: 17.369ms, rate sampling interval: 70ms
  Thread calibration: mean lat.: 17.312ms, rate sampling interval: 70ms
  Thread Stats   Avg      Stdev     99%   +/- Stdev
    Latency     1.14m     0.85m    3.17m    59.75%
    Req/Sec   462.91     98.55   710.00     69.52%
  Latency Distribution (HdrHistogram - Recorded Latency)
 50.000%    1.08m 
 75.000%    1.77m 
 90.000%    2.32m 
 99.000%    3.17m 
 99.900%    3.81m 
 99.990%    4.20m 
 99.999%    4.64m 
100.000%    4.68m 

  Detailed Percentile spectrum:
       Value   Percentile   TotalCount 1/(1-Percentile)

       1.664     0.000000            1         1.00
    2142.207     0.100000       164429         1.11
   14123.007     0.200000       328865         1.25
   30834.687     0.300000       493313         1.43
   48234.495     0.400000       657746         1.67
   65077.247     0.500000       822218         2.00
   73138.175     0.550000       904615         2.22
   81330.175     0.600000       986807         2.50
   89522.175     0.650000      1069075         2.86
   97845.247     0.700000      1151024         3.33
  106430.463     0.750000      1233183         4.00
  111083.519     0.775000      1274668         4.44
  115998.719     0.800000      1315788         5.00
  121110.527     0.825000      1356635         5.71
  126550.015     0.850000      1398018         6.67
  132382.719     0.875000      1438752         8.00
  135659.519     0.887500      1459431         8.89
  139198.463     0.900000      1480379        10.00
  142999.551     0.912500      1500691        11.43
  147193.855     0.925000      1521150        13.33
  151781.375     0.937500      1541899        16.00
  154140.671     0.943750      1552119        17.78
  156631.039     0.950000      1562119        20.00
  159514.623     0.956250      1572505        22.86
  162922.495     0.962500      1582698        26.67
  166854.655     0.968750      1593024        32.00
  168951.807     0.971875      1598108        35.56
  171442.175     0.975000      1603198        40.00
  174194.687     0.978125      1608381        45.71
  177471.487     0.981250      1613428        53.33
  181272.575     0.984375      1618642        64.00
  183369.727     0.985938      1621223        71.11
  185729.023     0.987500      1623725        80.00
  188350.463     0.989062      1626248        91.43
  191234.047     0.990625      1628813       106.67
  194904.063     0.992188      1631428       128.00
  197001.215     0.992969      1632717       142.22
  199360.511     0.993750      1634002       160.00
  201981.951     0.994531      1635246       182.86
  205651.967     0.995313      1636551       213.33
  209453.055     0.996094      1637861       256.00
  210894.847     0.996484      1638457       284.44
  212598.783     0.996875      1639084       320.00
  214958.079     0.997266      1639762       365.71
  217710.591     0.997656      1640385       426.67
  220332.031     0.998047      1641021       512.00
  222035.967     0.998242      1641347       568.89
  223739.903     0.998437      1641657       640.00
  225574.911     0.998633      1641980       731.43
  227278.847     0.998828      1642316       853.33
  228982.783     0.999023      1642618      1024.00
  230031.359     0.999121      1642789      1137.78
  231211.007     0.999219      1642943      1280.00
  232521.727     0.999316      1643102      1462.86
  234225.663     0.999414      1643264      1706.67
  236060.671     0.999512      1643422      2048.00
  236978.175     0.999561      1643502      2275.56
  238157.823     0.999609      1643587      2560.00
  239468.543     0.999658      1643665      2925.71
  240779.263     0.999707      1643747      3413.33
  242221.055     0.999756      1643820      4096.00
  243269.631     0.999780      1643860      4551.11
  244449.279     0.999805      1643903      5120.00
  245891.071     0.999829      1643941      5851.43
  247726.079     0.999854      1643983      6826.67
  250216.447     0.999878      1644021      8192.00
  251133.951     0.999890      1644045      9102.22
  252182.527     0.999902      1644063     10240.00
  253886.463     0.999915      1644087     11702.86
  255328.255     0.999927      1644101     13653.33
  262537.215     0.999939      1644122     16384.00
  263716.863     0.999945      1644132     18204.44
  264503.295     0.999951      1644141     20480.00
  266731.519     0.999957      1644151     23405.71
  269746.175     0.999963      1644163     27306.67
  270794.751     0.999969      1644172     32768.00
  271843.327     0.999973      1644178     36408.89
  272367.615     0.999976      1644182     40960.00
  273416.191     0.999979      1644186     46811.43
  275251.199     0.999982      1644191     54613.33
  276037.631     0.999985      1644196     65536.00
  276561.919     0.999986      1644199     72817.78
  277348.351     0.999988      1644203     81920.00
  277610.495     0.999989      1644204     93622.86
  278134.783     0.999991      1644207    109226.67
  278396.927     0.999992      1644212    131072.00
  278396.927     0.999993      1644212    145635.56
  278396.927     0.999994      1644212    163840.00
  278659.071     0.999995      1644214    187245.71
  278659.071     0.999995      1644214    218453.33
  278921.215     0.999996      1644216    262144.00
  278921.215     0.999997      1644216    291271.11
  278921.215     0.999997      1644216    327680.00
  279183.359     0.999997      1644217    374491.43
  279969.791     0.999998      1644218    436906.67
  279969.791     0.999998      1644218    524288.00
  280231.935     0.999998      1644219    582542.22
  280231.935     0.999998      1644219    655360.00
  280231.935     0.999999      1644219    748982.86
  280494.079     0.999999      1644220    873813.33
  280494.079     0.999999      1644220   1048576.00
  280494.079     0.999999      1644220   1165084.44
  280494.079     0.999999      1644220   1310720.00
  280494.079     0.999999      1644220   1497965.71
  280756.223     0.999999      1644221   1747626.67
  280756.223     1.000000      1644221          inf
#[Mean    =    68460.959, StdDeviation   =    51170.606]
#[Max     =   280494.080, Total count    =      1644221]
#[Buckets =           27, SubBuckets     =         2048]
----------------------------------------------------------
  1653653 requests in 30.00m, 22.31GB read
  Socket errors: connect 0, read 11190, write 132947, timeout 121690
  Non-2xx or 3xx responses: 282
Requests/sec:    918.69
Transfer/sec:     12.69MB
