Running 60m test @ http://20.117.99.109:60
  2 threads and 1000 connections
  Thread calibration: mean lat.: 4519.185ms, rate sampling interval: 14966ms
  Thread calibration: mean lat.: 4482.383ms, rate sampling interval: 14598ms
  Thread Stats   Avg      Stdev     99%   +/- Stdev
    Latency    24.00m    11.50m   45.12m    61.50%
    Req/Sec   274.26     55.92   329.00     81.40%
  Latency Distribution (HdrHistogram - Recorded Latency)
 50.000%   24.33m 
 75.000%   33.48m 
 90.000%   39.39m 
 99.000%   45.12m 
 99.900%   47.88m 
 99.990%   49.46m 
 99.999%   50.40m 
100.000%   50.93m 

  Detailed Percentile spectrum:
       Value   Percentile   TotalCount 1/(1-Percentile)

    4206.591     0.000000            1         1.00
  504627.199     0.100000       197475         1.11
  780140.543     0.200000       394821         1.25
 1010827.263     0.300000       591999         1.43
 1234173.951     0.400000       789749         1.67
 1459617.791     0.500000       986952         2.00
 1565523.967     0.550000      1085035         2.22
 1670381.567     0.600000      1184102         2.50
 1781530.623     0.650000      1282704         2.86
 1894776.831     0.700000      1381112         3.33
 2009071.615     0.750000      1479680         4.00
 2067791.871     0.775000      1529351         4.44
 2124414.975     0.800000      1579023         5.00
 2181038.079     0.825000      1627717         5.71
 2241855.487     0.850000      1678353         6.67
 2302672.895     0.875000      1727148         8.00
 2332033.023     0.887500      1751652         8.89
 2363490.303     0.900000      1776489        10.00
 2397044.735     0.912500      1801622        11.43
 2428502.015     0.925000      1825871        13.33
 2464153.599     0.937500      1850377        16.00
 2483027.967     0.943750      1862506        17.78
 2501902.335     0.950000      1874323        20.00
 2524971.007     0.956250      1887437        22.86
 2548039.679     0.962500      1899357        26.67
 2575302.655     0.968750      1911711        32.00
 2587885.567     0.971875      1917546        35.56
 2602565.631     0.975000      1923764        40.00
 2619342.847     0.978125      1929948        45.71
 2638217.215     0.981250      1935753        53.33
 2661285.887     0.984375      1942400        64.00
 2671771.647     0.985938      1945122        71.11
 2684354.559     0.987500      1948309        80.00
 2699034.623     0.989062      1951437        91.43
 2713714.687     0.990625      1954352       106.67
 2734686.207     0.992188      1957488       128.00
 2745171.967     0.992969      1959039       142.22
 2757754.879     0.993750      1960742       160.00
 2768240.639     0.994531      1962042       182.86
 2782920.703     0.995313      1963711       213.33
 2797600.767     0.996094      1965122       256.00
 2803892.223     0.996484      1965812       284.44
 2812280.831     0.996875      1966707       320.00
 2818572.287     0.997266      1967347       365.71
 2829058.047     0.997656      1968306       426.67
 2835349.503     0.998047      1968941       512.00
 2839543.807     0.998242      1969313       568.89
 2845835.263     0.998437      1969653       640.00
 2854223.871     0.998633      1970092       731.43
 2862612.479     0.998828      1970455       853.33
 2873098.239     0.999023      1970816      1024.00
 2877292.543     0.999121      1971038      1137.78
 2879389.695     0.999219      1971200      1280.00
 2885681.151     0.999316      1971425      1462.86
 2894069.759     0.999414      1971609      1706.67
 2900361.215     0.999512      1971779      2048.00
 2906652.671     0.999561      1971889      2275.56
 2912944.127     0.999609      1971977      2560.00
 2919235.583     0.999658      1972056      2925.71
 2929721.343     0.999707      1972177      3413.33
 2936012.799     0.999756      1972253      4096.00
 2940207.103     0.999780      1972298      4551.11
 2946498.559     0.999805      1972358      5120.00
 2952790.015     0.999829      1972406      5851.43
 2961178.623     0.999854      1972452      6826.67
 2965372.927     0.999878      1972495      8192.00
 2967470.079     0.999890      1972538      9102.22
 2967470.079     0.999902      1972538     10240.00
 2969567.231     0.999915      1972570     11702.86
 2971664.383     0.999927      1972616     13653.33
 2971664.383     0.999939      1972616     16384.00
 2973761.535     0.999945      1972633     18204.44
 2975858.687     0.999951      1972646     20480.00
 2975858.687     0.999957      1972646     23405.71
 2984247.295     0.999963      1972658     27306.67
 2988441.599     0.999969      1972670     32768.00
 2996830.207     0.999973      1972678     36408.89
 3001024.511     0.999976      1972684     40960.00
 3003121.663     0.999979      1972689     46811.43
 3007315.967     0.999982      1972695     54613.33
 3013607.423     0.999985      1972701     65536.00
 3015704.575     0.999986      1972704     72817.78
 3017801.727     0.999988      1972707     81920.00
 3021996.031     0.999989      1972709     93622.86
 3026190.335     0.999991      1972712    109226.67
 3028287.487     0.999992      1972716    131072.00
 3030384.639     0.999993      1972723    145635.56
 3030384.639     0.999994      1972723    163840.00
 3030384.639     0.999995      1972723    187245.71
 3030384.639     0.999995      1972723    218453.33
 3030384.639     0.999996      1972723    262144.00
 3032481.791     0.999997      1972725    291271.11
 3032481.791     0.999997      1972725    327680.00
 3032481.791     0.999997      1972725    374491.43
 3034578.943     0.999998      1972726    436906.67
 3040870.399     0.999998      1972727    524288.00
 3040870.399     0.999998      1972727    582542.22
 3040870.399     0.999998      1972727    655360.00
 3042967.551     0.999999      1972728    748982.86
 3042967.551     0.999999      1972728    873813.33
 3047161.855     0.999999      1972729   1048576.00
 3047161.855     0.999999      1972729   1165084.44
 3047161.855     0.999999      1972729   1310720.00
 3047161.855     0.999999      1972729   1497965.71
 3047161.855     0.999999      1972729   1747626.67
 3055550.463     1.000000      1972730   2097152.00
 3055550.463     1.000000      1972730          inf
#[Mean    =  1440159.357, StdDeviation   =   689760.793]
#[Max     =  3053453.312, Total count    =      1972730]
#[Buckets =           27, SubBuckets     =         2048]
----------------------------------------------------------
  1975013 requests in 60.00m, 0.88GB read
  Socket errors: connect 0, read 58, write 468, timeout 32886
  Non-2xx or 3xx responses: 120428
Requests/sec:    548.61
Transfer/sec:    257.25KB
