Running 30m test @ http://20.117.70.165:60/wrk2-api/home-timeline/read
  2 threads and 1000 connections
  Thread calibration: mean lat.: 935.043ms, rate sampling interval: 4239ms
  Thread calibration: mean lat.: 924.058ms, rate sampling interval: 4179ms
  Thread Stats   Avg      Stdev     99%   +/- Stdev
    Latency    11.10m     6.56m   22.46m    57.80%
    Req/Sec   122.11     10.78   159.00     81.25%
  Latency Distribution (HdrHistogram - Recorded Latency)
 50.000%   11.07m 
 75.000%   16.75m 
 90.000%   20.24m 
 99.000%   22.46m 
 99.900%   23.14m 
 99.990%   23.58m 
 99.999%   23.89m 
100.000%   24.12m 

  Detailed Percentile spectrum:
       Value   Percentile   TotalCount 1/(1-Percentile)

     439.039     0.000000            1         1.00
  120324.095     0.100000        43899         1.11
  257163.263     0.200000        87775         1.25
  392429.567     0.300000       131669         1.43
  527171.583     0.400000       175562         1.67
  664272.895     0.500000       219405         2.00
  730857.471     0.550000       241531         2.22
  797966.335     0.600000       263318         2.50
  867172.351     0.650000       285314         2.86
  935329.791     0.700000       307170         3.33
 1005060.095     0.750000       329100         4.00
 1040711.679     0.775000       340158         4.44
 1075838.975     0.800000       351270         5.00
 1110441.983     0.825000       362307         5.71
 1145044.991     0.850000       373117         6.67
 1179647.999     0.875000       384196         8.00
 1196425.215     0.887500       389565         8.89
 1214251.007     0.900000       395090        10.00
 1231028.223     0.912500       400455        11.43
 1248854.015     0.925000       406172        13.33
 1265631.231     0.937500       411467        16.00
 1274019.839     0.943750       414119        17.78
 1283457.023     0.950000       417117        20.00
 1291845.631     0.956250       419676        22.86
 1301282.815     0.962500       422607        26.67
 1309671.423     0.968750       425154        32.00
 1314914.303     0.971875       426655        35.56
 1319108.607     0.975000       427851        40.00
 1324351.487     0.978125       429316        45.71
 1329594.367     0.981250       430675        53.33
 1335885.823     0.984375       432081        64.00
 1339031.551     0.985938       432755        71.11
 1342177.279     0.987500       433465        80.00
 1345323.007     0.989062       434060        91.43
 1349517.311     0.990625       434832       106.67
 1353711.615     0.992188       435466       128.00
 1355808.767     0.992969       435746       142.22
 1358954.495     0.993750       436178       160.00
 1361051.647     0.994531       436452       182.86
 1364197.375     0.995313       436813       213.33
 1367343.103     0.996094       437106       256.00
 1369440.255     0.996484       437284       284.44
 1371537.407     0.996875       437442       320.00
 1374683.135     0.997266       437674       365.71
 1376780.287     0.997656       437798       426.67
 1379926.015     0.998047       437985       512.00
 1380974.591     0.998242       438051       568.89
 1383071.743     0.998437       438165       640.00
 1384120.319     0.998633       438217       731.43
 1387266.047     0.998828       438316       853.33
 1389363.199     0.999023       438399      1024.00
 1390411.775     0.999121       438439      1137.78
 1391460.351     0.999219       438466      1280.00
 1393557.503     0.999316       438520      1462.86
 1395654.655     0.999414       438562      1706.67
 1396703.231     0.999512       438584      2048.00
 1398800.383     0.999561       438617      2275.56
 1399848.959     0.999609       438632      2560.00
 1400897.535     0.999658       438655      2925.71
 1402994.687     0.999707       438679      3413.33
 1405091.839     0.999756       438706      4096.00
 1405091.839     0.999780       438706      4551.11
 1406140.415     0.999805       438718      5120.00
 1407188.991     0.999829       438725      5851.43
 1408237.567     0.999854       438734      6826.67
 1412431.871     0.999878       438747      8192.00
 1413480.447     0.999890       438752      9102.22
 1414529.023     0.999902       438756     10240.00
 1416626.175     0.999915       438761     11702.86
 1418723.327     0.999927       438767     13653.33
 1420820.479     0.999939       438773     16384.00
 1421869.055     0.999945       438778     18204.44
 1421869.055     0.999951       438778     20480.00
 1422917.631     0.999957       438780     23405.71
 1423966.207     0.999963       438782     27306.67
 1427111.935     0.999969       438786     32768.00
 1427111.935     0.999973       438786     36408.89
 1429209.087     0.999976       438790     40960.00
 1429209.087     0.999979       438790     46811.43
 1429209.087     0.999982       438790     54613.33
 1431306.239     0.999985       438793     65536.00
 1431306.239     0.999986       438793     72817.78
 1431306.239     0.999988       438793     81920.00
 1433403.391     0.999989       438794     93622.86
 1433403.391     0.999991       438794    109226.67
 1435500.543     0.999992       438795    131072.00
 1435500.543     0.999993       438795    145635.56
 1439694.847     0.999994       438797    163840.00
 1439694.847     0.999995       438797    187245.71
 1439694.847     0.999995       438797    218453.33
 1439694.847     0.999996       438797    262144.00
 1439694.847     0.999997       438797    291271.11
 1439694.847     0.999997       438797    327680.00
 1439694.847     0.999997       438797    374491.43
 1439694.847     0.999998       438797    436906.67
 1447034.879     0.999998       438798    524288.00
 1447034.879     1.000000       438798          inf
#[Mean    =   665842.857, StdDeviation   =   393759.844]
#[Max     =  1445986.304, Total count    =       438798]
#[Buckets =           27, SubBuckets     =         2048]
----------------------------------------------------------
  445562 requests in 30.00m, 5.89GB read
  Socket errors: connect 0, read 9993, write 16677, timeout 121666
  Non-2xx or 3xx responses: 137
Requests/sec:    247.53
Transfer/sec:      3.35MB
