Running 30m test @ http://13.87.74.231:60
  2 threads and 1000 connections
  Thread calibration: mean lat.: 19.951ms, rate sampling interval: 74ms
  Thread calibration: mean lat.: 16.018ms, rate sampling interval: 70ms
  Thread Stats   Avg      Stdev     99%   +/- Stdev
    Latency     4.92m     4.48m   19.47m    70.57%
    Req/Sec     2.73      6.03    27.00     81.30%
  Latency Distribution (HdrHistogram - Recorded Latency)
 50.000%    4.06m 
 75.000%    7.35m 
 90.000%   10.77m 
 99.000%   19.47m 
 99.900%   23.94m 
 99.990%   26.30m 
 99.999%   26.86m 
100.000%   26.86m 

  Detailed Percentile spectrum:
       Value   Percentile   TotalCount 1/(1-Percentile)

       2.523     0.000000            1         1.00
    7413.759     0.100000         1005         1.11
   45547.519     0.200000         2010         1.25
  100663.295     0.300000         3014         1.43
  174456.831     0.400000         4018         1.67
  243662.847     0.500000         5028         2.00
  277086.207     0.550000         5525         2.22
  309592.063     0.600000         6030         2.50
  352845.823     0.650000         6530         2.86
  394264.575     0.700000         7034         3.33
  441188.351     0.750000         7537         4.00
  467927.039     0.775000         7786         4.44
  495190.015     0.800000         8037         5.00
  524550.143     0.825000         8289         5.71
  557318.143     0.850000         8543         6.67
  593494.015     0.875000         8790         8.00
  617611.263     0.887500         8915         8.89
  646447.103     0.900000         9042        10.00
  679477.247     0.912500         9167        11.43
  715653.119     0.925000         9293        13.33
  758120.447     0.937500         9418        16.00
  788004.863     0.943750         9480        17.78
  818937.855     0.950000         9543        20.00
  860356.607     0.956250         9606        22.86
  900202.495     0.962500         9669        26.67
  958922.751     0.968750         9732        32.00
  970981.375     0.971875         9763        35.56
  992477.183     0.975000         9795        40.00
 1019740.159     0.978125         9826        45.71
 1051197.439     0.981250         9857        53.33
 1072168.959     0.984375         9890        64.00
 1086324.735     0.985938         9904        71.11
 1103101.951     0.987500         9920        80.00
 1145044.991     0.989062         9936        91.43
 1189085.183     0.990625         9951       106.67
 1243611.135     0.992188         9967       128.00
 1275068.415     0.992969         9975       142.22
 1292894.207     0.993750         9983       160.00
 1311768.575     0.994531         9991       182.86
 1322254.335     0.995313         9998       213.33
 1349517.311     0.996094        10006       256.00
 1362100.223     0.996484        10010       284.44
 1371537.407     0.996875        10014       320.00
 1382023.167     0.997266        10018       365.71
 1399848.959     0.997656        10022       426.67
 1407188.991     0.998047        10026       512.00
 1415577.599     0.998242        10028       568.89
 1426063.359     0.998437        10030       640.00
 1429209.087     0.998633        10032       731.43
 1433403.391     0.998828        10034       853.33
 1447034.879     0.999023        10037      1024.00
 1447034.879     0.999121        10037      1137.78
 1455423.487     0.999219        10038      1280.00
 1498415.103     0.999316        10040      1462.86
 1498415.103     0.999414        10040      1706.67
 1521483.775     0.999512        10041      2048.00
 1521483.775     0.999561        10041      2275.56
 1570766.847     0.999609        10042      2560.00
 1570766.847     0.999658        10042      2925.71
 1572863.999     0.999707        10043      3413.33
 1572863.999     0.999756        10043      4096.00
 1572863.999     0.999780        10043      4551.11
 1578106.879     0.999805        10044      5120.00
 1578106.879     0.999829        10044      5851.43
 1578106.879     0.999854        10044      6826.67
 1578106.879     0.999878        10044      8192.00
 1578106.879     0.999890        10044      9102.22
 1611661.311     0.999902        10045     10240.00
 1611661.311     1.000000        10045          inf
#[Mean    =   295300.221, StdDeviation   =   269068.429]
#[Max     =  1610612.736, Total count    =        10045]
#[Buckets =           27, SubBuckets     =         2048]
----------------------------------------------------------
  10134 requests in 30.02m, 4.74MB read
  Socket errors: connect 0, read 0, write 4972, timeout 881370
Requests/sec:      5.63
Transfer/sec:      2.70KB
