Running 60m test @ http://20.117.149.14:60/wrk2-api/home-timeline/read
  2 threads and 1000 connections
  Thread calibration: mean lat.: 144.238ms, rate sampling interval: 786ms
  Thread calibration: mean lat.: 152.428ms, rate sampling interval: 835ms
  Thread Stats   Avg      Stdev     99%   +/- Stdev
    Latency     7.36m     3.48m   14.83m    66.29%
    Req/Sec   385.40     61.55   513.00     69.89%
  Latency Distribution (HdrHistogram - Recorded Latency)
 50.000%    7.22m 
 75.000%    9.95m 
 90.000%   12.09m 
 99.000%   14.83m 
 99.900%   16.31m 
 99.990%   17.32m 
 99.999%   17.78m 
100.000%   18.21m 

  Detailed Percentile spectrum:
       Value   Percentile   TotalCount 1/(1-Percentile)

       1.835     0.000000            1         1.00
  181534.719     0.100000       276831         1.11
  258080.767     0.200000       554309         1.25
  311951.359     0.300000       831606         1.43
  371458.047     0.400000      1108433         1.67
  433061.887     0.500000      1384180         2.00
  464519.167     0.550000      1522664         2.22
  496762.879     0.600000      1661514         2.50
  529268.735     0.650000      1800237         2.86
  562561.023     0.700000      1937825         3.33
  597164.031     0.750000      2076564         4.00
  616038.399     0.775000      2146992         4.44
  634388.479     0.800000      2215068         5.00
  654311.423     0.825000      2284018         5.71
  675807.231     0.850000      2353962         6.67
  699400.191     0.875000      2422682         8.00
  711983.103     0.887500      2458144         8.89
  725614.591     0.900000      2492209        10.00
  739770.367     0.912500      2526879        11.43
  754974.719     0.925000      2560844        13.33
  772276.223     0.937500      2596039        16.00
  781713.407     0.943750      2613411        17.78
  791150.591     0.950000      2630239        20.00
  801636.351     0.956250      2647570        22.86
  813170.687     0.962500      2664958        26.67
  825229.311     0.968750      2681852        32.00
  832045.055     0.971875      2690490        35.56
  840433.663     0.975000      2699662        40.00
  847773.695     0.978125      2707862        45.71
  856686.591     0.981250      2716741        53.33
  867172.351     0.984375      2725260        64.00
  872939.519     0.985938      2729637        71.11
  878706.687     0.987500      2733877        80.00
  885522.431     0.989062      2738245        91.43
  893386.751     0.990625      2742524       106.67
  902823.935     0.992188      2746870       128.00
  908066.815     0.992969      2748902       142.22
  913833.983     0.993750      2751118       160.00
  919076.863     0.994531      2753177       182.86
  925892.607     0.995313      2755412       213.33
  932708.351     0.996094      2757508       256.00
  936902.655     0.996484      2758614       284.44
  941621.247     0.996875      2759718       320.00
  946339.839     0.997266      2760869       365.71
  951582.719     0.997656      2761883       426.67
  958398.463     0.998047      2762933       512.00
  962068.479     0.998242      2763502       568.89
  966262.783     0.998437      2764000       640.00
  969932.799     0.998633      2764531       731.43
  974651.391     0.998828      2765115       853.33
  978845.695     0.999023      2765614      1024.00
  981467.135     0.999121      2765901      1137.78
  984612.863     0.999219      2766184      1280.00
  987234.303     0.999316      2766431      1462.86
  991428.607     0.999414      2766698      1706.67
  996147.199     0.999512      2766973      2048.00
  998244.351     0.999561      2767117      2275.56
 1000865.791     0.999609      2767237      2560.00
 1005060.095     0.999658      2767370      2925.71
 1008205.823     0.999707      2767503      3413.33
 1012400.127     0.999756      2767639      4096.00
 1015021.567     0.999780      2767700      4551.11
 1018167.295     0.999805      2767768      5120.00
 1023410.175     0.999829      2767843      5851.43
 1028653.055     0.999854      2767904      6826.67
 1033895.935     0.999878      2767976      8192.00
 1037041.663     0.999890      2768004      9102.22
 1039663.103     0.999902      2768041     10240.00
 1042284.543     0.999915      2768076     11702.86
 1044905.983     0.999927      2768106     13653.33
 1049100.287     0.999939      2768142     16384.00
 1051721.727     0.999945      2768156     18204.44
 1055391.743     0.999951      2768174     20480.00
 1058013.183     0.999957      2768191     23405.71
 1060110.335     0.999963      2768212     27306.67
 1061683.199     0.999969      2768231     32768.00
 1062207.487     0.999973      2768235     36408.89
 1062731.775     0.999976      2768244     40960.00
 1063780.351     0.999979      2768254     46811.43
 1064304.639     0.999982      2768264     54613.33
 1064828.927     0.999985      2768266     65536.00
 1065877.503     0.999986      2768272     72817.78
 1066401.791     0.999988      2768277     81920.00
 1066926.079     0.999989      2768287     93622.86
 1066926.079     0.999991      2768287    109226.67
 1066926.079     0.999992      2768287    131072.00
 1067974.655     0.999993      2768290    145635.56
 1068498.943     0.999994      2768292    163840.00
 1069547.519     0.999995      2768294    187245.71
 1071120.383     0.999995      2768296    218453.33
 1072693.247     0.999996      2768298    262144.00
 1074790.399     0.999997      2768299    291271.11
 1075838.975     0.999997      2768300    327680.00
 1081081.855     0.999997      2768302    374491.43
 1081081.855     0.999998      2768302    436906.67
 1083179.007     0.999998      2768303    524288.00
 1084227.583     0.999998      2768304    582542.22
 1084227.583     0.999998      2768304    655360.00
 1088421.887     0.999999      2768305    748982.86
 1088421.887     0.999999      2768305    873813.33
 1091567.615     0.999999      2768307   1048576.00
 1091567.615     0.999999      2768307   1165084.44
 1091567.615     0.999999      2768307   1310720.00
 1091567.615     0.999999      2768307   1497965.71
 1091567.615     0.999999      2768307   1747626.67
 1091567.615     1.000000      2768307   2097152.00
 1091567.615     1.000000      2768307   2330168.89
 1091567.615     1.000000      2768307   2621440.00
 1092616.191     1.000000      2768308   2995931.43
 1092616.191     1.000000      2768308          inf
#[Mean    =   441569.462, StdDeviation   =   208827.804]
#[Max     =  1091567.616, Total count    =      2768308]
#[Buckets =           27, SubBuckets     =         2048]
----------------------------------------------------------
  2777255 requests in 60.00m, 35.39GB read
  Socket errors: connect 0, read 403, write 14794, timeout 243802
  Non-2xx or 3xx responses: 114755
Requests/sec:    771.46
Transfer/sec:     10.07MB
