Running 60m test @ http://51.140.51.15:60/wrk2-api/home-timeline/read
  2 threads and 1000 connections
  Thread calibration: mean lat.: 3230.819ms, rate sampling interval: 12828ms
  Thread calibration: mean lat.: 3294.163ms, rate sampling interval: 12615ms
  Thread Stats   Avg      Stdev     99%   +/- Stdev
    Latency    20.27m    12.74m   49.07m    73.02%
    Req/Sec   107.01     60.21   280.00     82.42%
  Latency Distribution (HdrHistogram - Recorded Latency)
 50.000%   16.20m 
 75.000%   29.92m 
 90.000%   40.02m 
 99.000%   49.07m 
 99.900%   51.17m 
 99.990%   52.11m 
 99.999%   52.50m 
100.000%   52.71m 

  Detailed Percentile spectrum:
       Value   Percentile   TotalCount 1/(1-Percentile)

    4472.831     0.000000            2         1.00
  527433.727     0.100000        77393         1.11
  559415.295     0.200000       154725         1.25
  597164.031     0.300000       232159         1.43
  672661.503     0.400000       308679         1.67
  972029.951     0.500000       385830         2.00
 1151336.447     0.550000       424484         2.22
 1318060.031     0.600000       463219         2.50
 1495269.375     0.650000       501664         2.86
 1648361.471     0.700000       540205         3.33
 1795162.111     0.750000       578802         4.00
 1887436.799     0.775000       598223         4.44
 1984954.367     0.800000       617397         5.00
 2085617.663     0.825000       636768         5.71
 2187329.535     0.850000       656066         6.67
 2292187.135     0.875000       675366         8.00
 2344615.935     0.887500       684852         8.89
 2401239.039     0.900000       694796        10.00
 2457862.143     0.912500       704190        11.43
 2520776.703     0.925000       714027        13.33
 2589982.719     0.937500       723565        16.00
 2629828.607     0.943750       728441        17.78
 2669674.495     0.950000       733210        20.00
 2709520.383     0.956250       737934        22.86
 2751463.423     0.962500       742879        26.67
 2791309.311     0.968750       747549        32.00
 2812280.831     0.971875       750000        35.56
 2835349.503     0.975000       752604        40.00
 2856321.023     0.978125       754946        45.71
 2877292.543     0.981250       757283        53.33
 2900361.215     0.984375       759688        64.00
 2910846.975     0.985938       760795        71.11
 2923429.887     0.987500       762024        80.00
 2936012.799     0.989062       763259        91.43
 2950692.863     0.990625       764491       106.67
 2965372.927     0.992188       765708       128.00
 2973761.535     0.992969       766339       142.22
 2982150.143     0.993750       766947       160.00
 2990538.751     0.994531       767518       182.86
 2998927.359     0.995313       768053       213.33
 3009413.119     0.996094       768658       256.00
 3015704.575     0.996484       768982       284.44
 3021996.031     0.996875       769276       320.00
 3028287.487     0.997266       769558       365.71
 3036676.095     0.997656       769890       426.67
 3045064.703     0.998047       770173       512.00
 3049259.007     0.998242       770318       568.89
 3053453.311     0.998437       770449       640.00
 3059744.767     0.998633       770647       731.43
 3063939.071     0.998828       770775       853.33
 3070230.527     0.999023       770909      1024.00
 3074424.831     0.999121       771002      1137.78
 3076521.983     0.999219       771052      1280.00
 3080716.287     0.999316       771139      1462.86
 3084910.591     0.999414       771209      1706.67
 3089104.895     0.999512       771270      2048.00
 3093299.199     0.999561       771319      2275.56
 3095396.351     0.999609       771343      2560.00
 3099590.655     0.999658       771386      2925.71
 3103784.959     0.999707       771424      3413.33
 3110076.415     0.999756       771477      4096.00
 3110076.415     0.999780       771477      4551.11
 3114270.719     0.999805       771502      5120.00
 3116367.871     0.999829       771514      5851.43
 3120562.175     0.999854       771539      6826.67
 3124756.479     0.999878       771554      8192.00
 3126853.631     0.999890       771572      9102.22
 3126853.631     0.999902       771572     10240.00
 3128950.783     0.999915       771588     11702.86
 3128950.783     0.999927       771588     13653.33
 3131047.935     0.999939       771598     16384.00
 3133145.087     0.999945       771602     18204.44
 3135242.239     0.999951       771609     20480.00
 3137339.391     0.999957       771613     23405.71
 3139436.543     0.999963       771619     27306.67
 3141533.695     0.999969       771627     32768.00
 3141533.695     0.999973       771627     36408.89
 3141533.695     0.999976       771627     40960.00
 3143630.847     0.999979       771630     46811.43
 3143630.847     0.999982       771630     54613.33
 3145727.999     0.999985       771635     65536.00
 3145727.999     0.999986       771635     72817.78
 3145727.999     0.999988       771635     81920.00
 3149922.303     0.999989       771636     93622.86
 3152019.455     0.999991       771639    109226.67
 3152019.455     0.999992       771639    131072.00
 3152019.455     0.999993       771639    145635.56
 3154116.607     0.999994       771641    163840.00
 3154116.607     0.999995       771641    187245.71
 3154116.607     0.999995       771641    218453.33
 3156213.759     0.999996       771643    262144.00
 3156213.759     0.999997       771643    291271.11
 3156213.759     0.999997       771643    327680.00
 3156213.759     0.999997       771643    374491.43
 3156213.759     0.999998       771643    436906.67
 3156213.759     0.999998       771643    524288.00
 3156213.759     0.999998       771643    582542.22
 3156213.759     0.999998       771643    655360.00
 3156213.759     0.999999       771643    748982.86
 3162505.215     0.999999       771644    873813.33
 3162505.215     1.000000       771644          inf
#[Mean    =  1215910.631, StdDeviation   =   764433.032]
#[Max     =  3160408.064, Total count    =       771644]
#[Buckets =           27, SubBuckets     =         2048]
----------------------------------------------------------
  773570 requests in 60.00m, 6.87GB read
  Socket errors: connect 0, read 21956, write 126224, timeout 268825
  Non-2xx or 3xx responses: 215113
Requests/sec:    214.88
Transfer/sec:      1.95MB
