Running 60m test @ http://51.140.51.15:60/wrk2-api/post/compose
  2 threads and 1000 connections
  Thread calibration: mean lat.: 4001.314ms, rate sampling interval: 14073ms
  Thread calibration: mean lat.: 3988.432ms, rate sampling interval: 13737ms
  Thread Stats   Avg      Stdev     99%   +/- Stdev
    Latency    18.84m    13.02m   46.94m    64.86%
    Req/Sec    98.02     69.03   430.00     91.86%
  Latency Distribution (HdrHistogram - Recorded Latency)
 50.000%   16.01m 
 75.000%   28.71m 
 90.000%   38.45m 
 99.000%   46.94m 
 99.900%   49.95m 
 99.990%   51.87m 
 99.999%   52.53m 
100.000%   52.64m 

  Detailed Percentile spectrum:
       Value   Percentile   TotalCount 1/(1-Percentile)

     131.967     0.000000            1         1.00
  200015.871     0.100000        70711         1.11
  460324.863     0.200000       141451         1.25
  554172.415     0.300000       212851         1.43
  650117.119     0.400000       282844         1.67
  960495.615     0.500000       353657         2.00
 1153433.599     0.550000       389087         2.22
 1320157.183     0.600000       424265         2.50
 1451229.183     0.650000       459764         2.86
 1577058.303     0.700000       494995         3.33
 1722810.367     0.750000       530506         4.00
 1805647.871     0.775000       548073         4.44
 1895825.407     0.800000       565783         5.00
 1988100.095     0.825000       583354         5.71
 2086666.239     0.850000       601082         6.67
 2191523.839     0.875000       618928         8.00
 2248146.943     0.887500       627841         8.89
 2306867.199     0.900000       636391        10.00
 2371878.911     0.912500       645380        11.43
 2434793.471     0.925000       654053        13.33
 2499805.183     0.937500       663177        16.00
 2531262.463     0.943750       667337        17.78
 2566914.047     0.950000       671931        20.00
 2600468.479     0.956250       676158        22.86
 2636120.063     0.962500       680637        26.67
 2669674.495     0.968750       685009        32.00
 2688548.863     0.971875       687411        35.56
 2705326.079     0.975000       689472        40.00
 2724200.447     0.978125       691627        45.71
 2745171.967     0.981250       693890        53.33
 2768240.639     0.984375       696206        64.00
 2778726.399     0.985938       697168        71.11
 2791309.311     0.987500       698248        80.00
 2805989.375     0.989062       699361        91.43
 2822766.591     0.990625       700543       106.67
 2839543.807     0.992188       701616       128.00
 2850029.567     0.992969       702236       142.22
 2858418.175     0.993750       702678       160.00
 2871001.087     0.994531       703291       182.86
 2883583.999     0.995313       703849       213.33
 2898264.063     0.996094       704390       256.00
 2906652.671     0.996484       704650       284.44
 2915041.279     0.996875       704898       320.00
 2925527.039     0.997266       705151       365.71
 2938109.951     0.997656       705455       426.67
 2950692.863     0.998047       705725       512.00
 2959081.471     0.998242       705867       568.89
 2965372.927     0.998437       705980       640.00
 2975858.687     0.998633       706139       731.43
 2986344.447     0.998828       706268       853.33
 2998927.359     0.999023       706404      1024.00
 3005218.815     0.999121       706463      1137.78
 3013607.423     0.999219       706536      1280.00
 3024093.183     0.999316       706616      1462.86
 3032481.791     0.999414       706673      1706.67
 3042967.551     0.999512       706742      2048.00
 3049259.007     0.999561       706780      2275.56
 3055550.463     0.999609       706815      2560.00
 3063939.071     0.999658       706856      2925.71
 3070230.527     0.999707       706882      3413.33
 3076521.983     0.999756       706914      4096.00
 3082813.439     0.999780       706935      4551.11
 3087007.743     0.999805       706950      5120.00
 3091202.047     0.999829       706964      5851.43
 3099590.655     0.999854       706982      6826.67
 3107979.263     0.999878       707002      8192.00
 3110076.415     0.999890       707008      9102.22
 3114270.719     0.999902       707018     10240.00
 3118465.023     0.999915       707026     11702.86
 3122659.327     0.999927       707040     13653.33
 3124756.479     0.999939       707046     16384.00
 3124756.479     0.999945       707046     18204.44
 3128950.783     0.999951       707052     20480.00
 3133145.087     0.999957       707055     23405.71
 3137339.391     0.999963       707060     27306.67
 3141533.695     0.999969       707065     32768.00
 3141533.695     0.999973       707065     36408.89
 3143630.847     0.999976       707068     40960.00
 3145727.999     0.999979       707070     46811.43
 3147825.151     0.999982       707072     54613.33
 3149922.303     0.999985       707076     65536.00
 3149922.303     0.999986       707076     72817.78
 3149922.303     0.999988       707076     81920.00
 3152019.455     0.999989       707078     93622.86
 3152019.455     0.999991       707078    109226.67
 3154116.607     0.999992       707081    131072.00
 3154116.607     0.999993       707081    145635.56
 3154116.607     0.999994       707081    163840.00
 3154116.607     0.999995       707081    187245.71
 3154116.607     0.999995       707081    218453.33
 3158310.911     0.999996       707084    262144.00
 3158310.911     1.000000       707084          inf
#[Mean    =  1130209.626, StdDeviation   =   781183.569]
#[Max     =  3156213.760, Total count    =       707084]
#[Buckets =           27, SubBuckets     =         2048]
----------------------------------------------------------
  708345 requests in 60.00m, 158.68MB read
  Socket errors: connect 0, read 11606, write 100549, timeout 1545236
  Non-2xx or 3xx responses: 184509
Requests/sec:    196.76
Transfer/sec:     45.14KB
