Running 30m test @ http://20.117.74.29:60
  2 threads and 1000 connections
  Thread calibration: mean lat.: 23.225ms, rate sampling interval: 84ms
  Thread calibration: mean lat.: 23.244ms, rate sampling interval: 85ms
  Thread Stats   Avg      Stdev     99%   +/- Stdev
    Latency     2.68s     2.77s   11.41s    87.99%
    Req/Sec     0.99k   241.52     1.64k    85.46%
  Latency Distribution (HdrHistogram - Recorded Latency)
 50.000%    2.09s 
 75.000%    3.88s 
 90.000%    5.82s 
 99.000%   11.41s 
 99.900%   26.80s 
 99.990%   34.31s 
 99.999%   38.04s 
100.000%   41.71s 

  Detailed Percentile spectrum:
       Value   Percentile   TotalCount 1/(1-Percentile)

       0.282     0.000000            1         1.00
      39.199     0.100000       352415         1.11
     447.999     0.200000       704747         1.25
     967.167     0.300000      1057002         1.43
    1513.471     0.400000      1409532         1.67
    2089.983     0.500000      1761840         2.00
    2396.159     0.550000      1937586         2.22
    2721.791     0.600000      2114360         2.50
    3069.951     0.650000      2290437         2.86
    3450.879     0.700000      2466292         3.33
    3880.959     0.750000      2642782         4.00
    4118.527     0.775000      2730649         4.44
    4378.623     0.800000      2818478         5.00
    4669.439     0.825000      2907228         5.71
    4993.023     0.850000      2994886         6.67
    5369.855     0.875000      3083074         8.00
    5578.751     0.887500      3126771         8.89
    5816.319     0.900000      3170800        10.00
    6078.463     0.912500      3214669        11.43
    6381.567     0.925000      3258753        13.33
    6737.919     0.937500      3302788        16.00
    6946.815     0.943750      3324868        17.78
    7180.287     0.950000      3347075        20.00
    7446.527     0.956250      3368900        22.86
    7757.823     0.962500      3390811        26.67
    8138.751     0.968750      3412821        32.00
    8368.127     0.971875      3423870        35.56
    8634.367     0.975000      3434992        40.00
    8937.471     0.978125      3445807        45.71
    9330.687     0.981250      3456996        53.33
    9822.207     0.984375      3467876        64.00
   10133.503     0.985938      3473399        71.11
   10502.143     0.987500      3478825        80.00
   11026.431     0.989062      3484392        91.43
   11747.327     0.990625      3489871       106.67
   12918.783     0.992188      3495355       128.00
   13787.135     0.992969      3498108       142.22
   14868.479     0.993750      3500846       160.00
   16146.431     0.994531      3503597       182.86
   17580.031     0.995313      3506352       213.33
   19169.279     0.996094      3509113       256.00
   20004.863     0.996484      3510482       284.44
   20905.983     0.996875      3511863       320.00
   21807.103     0.997266      3513234       365.71
   22757.375     0.997656      3514624       426.67
   23805.951     0.998047      3516004       512.00
   24395.775     0.998242      3516679       568.89
   24920.063     0.998437      3517366       640.00
   25542.655     0.998633      3518060       731.43
   26165.247     0.998828      3518740       853.33
   26869.759     0.999023      3519425      1024.00
   27262.975     0.999121      3519768      1137.78
   27721.727     0.999219      3520116      1280.00
   28229.631     0.999316      3520463      1462.86
   28753.919     0.999414      3520797      1706.67
   29474.815     0.999512      3521142      2048.00
   29818.879     0.999561      3521312      2275.56
   30244.863     0.999609      3521494      2560.00
   30703.615     0.999658      3521660      2925.71
   31211.519     0.999707      3521830      3413.33
   31834.111     0.999756      3522006      4096.00
   32096.255     0.999780      3522088      4551.11
   32440.319     0.999805      3522175      5120.00
   32767.999     0.999829      3522259      5851.43
   33292.287     0.999854      3522346      6826.67
   33783.807     0.999878      3522433      8192.00
   34045.951     0.999890      3522473      9102.22
   34308.095     0.999902      3522516     10240.00
   34570.239     0.999915      3522559     11702.86
   34963.455     0.999927      3522605     13653.33
   35356.671     0.999939      3522647     16384.00
   35586.047     0.999945      3522667     18204.44
   35782.655     0.999951      3522690     20480.00
   36110.335     0.999957      3522710     23405.71
   36339.711     0.999963      3522737     27306.67
   36536.319     0.999969      3522753     32768.00
   36667.391     0.999973      3522767     36408.89
   36831.231     0.999976      3522776     40960.00
   37027.839     0.999979      3522786     46811.43
   37224.447     0.999982      3522798     54613.33
   37519.359     0.999985      3522807     65536.00
   37781.503     0.999986      3522815     72817.78
   37814.271     0.999988      3522818     81920.00
   37912.575     0.999989      3522823     93622.86
   38174.719     0.999991      3522829    109226.67
   38305.791     0.999992      3522835    131072.00
   38338.559     0.999993      3522837    145635.56
   38371.327     0.999994      3522839    163840.00
   38469.631     0.999995      3522842    187245.71
   38600.703     0.999995      3522844    218453.33
   38666.239     0.999996      3522848    262144.00
   38666.239     0.999997      3522848    291271.11
   38797.311     0.999997      3522850    327680.00
   38830.079     0.999997      3522852    374491.43
   38830.079     0.999998      3522852    436906.67
   39223.295     0.999998      3522854    524288.00
   39223.295     0.999998      3522854    582542.22
   39387.135     0.999998      3522855    655360.00
   40370.175     0.999999      3522856    748982.86
   40370.175     0.999999      3522856    873813.33
   40402.943     0.999999      3522857   1048576.00
   40402.943     0.999999      3522857   1165084.44
   40599.551     0.999999      3522858   1310720.00
   40599.551     0.999999      3522858   1497965.71
   40599.551     0.999999      3522858   1747626.67
   41123.839     1.000000      3522859   2097152.00
   41123.839     1.000000      3522859   2330168.89
   41123.839     1.000000      3522859   2621440.00
   41123.839     1.000000      3522859   2995931.43
   41123.839     1.000000      3522859   3495253.33
   41713.663     1.000000      3522860   4194304.00
   41713.663     1.000000      3522860          inf
#[Mean    =     2680.047, StdDeviation   =     2766.811]
#[Max     =    41680.896, Total count    =      3522860]
#[Buckets =           27, SubBuckets     =         2048]
----------------------------------------------------------
  3541654 requests in 30.00m, 1.61GB read
  Socket errors: connect 0, read 1137, write 6686, timeout 16223
  Non-2xx or 3xx responses: 2
Requests/sec:   1967.56
Transfer/sec:      0.92MB
