Running 30m test @ http://20.108.20.109:60/wrk2-api/post/compose
  2 threads and 1000 connections
  Thread calibration: mean lat.: 629.514ms, rate sampling interval: 2320ms
  Thread calibration: mean lat.: 672.157ms, rate sampling interval: 3102ms
  Thread Stats   Avg      Stdev     99%   +/- Stdev
    Latency     7.02m     4.18m   15.00m    58.64%
    Req/Sec   258.87     22.45   306.00     73.36%
  Latency Distribution (HdrHistogram - Recorded Latency)
 50.000%    6.81m 
 75.000%   10.55m 
 90.000%   12.87m 
 99.000%   15.00m 
 99.900%   15.95m 
 99.990%   16.65m 
 99.999%   16.96m 
100.000%   17.28m 

  Detailed Percentile spectrum:
       Value   Percentile   TotalCount 1/(1-Percentile)

       6.331     0.000000            1         1.00
   85655.551     0.100000        92820         1.11
  164888.575     0.200000       185742         1.25
  244318.207     0.300000       278461         1.43
  326631.423     0.400000       371361         1.67
  408682.495     0.500000       464079         2.00
  450625.535     0.550000       510612         2.22
  495190.015     0.600000       556940         2.50
  541589.503     0.650000       603398         2.86
  587202.559     0.700000       649882         3.33
  632815.615     0.750000       696032         4.00
  655884.287     0.775000       719661         4.44
  678428.671     0.800000       742700         5.00
  701497.343     0.825000       765747         5.71
  725090.303     0.850000       789181         6.67
  748158.975     0.875000       812318         8.00
  759693.311     0.887500       823651         8.89
  772276.223     0.900000       835231        10.00
  785383.423     0.912500       847280        11.43
  797966.335     0.925000       858441        13.33
  812646.399     0.937500       870384        16.00
  819986.431     0.943750       876242        17.78
  827326.463     0.950000       881926        20.00
  835190.783     0.956250       887642        22.86
  843579.391     0.962500       893341        26.67
  853016.575     0.968750       899294        32.00
  857735.167     0.971875       901998        35.56
  863502.335     0.975000       905077        40.00
  869269.503     0.978125       907870        45.71
  876085.247     0.981250       910786        53.33
  883425.279     0.984375       913705        64.00
  887619.583     0.985938       915126        71.11
  892338.175     0.987500       916520        80.00
  897056.767     0.989062       917990        91.43
  902299.647     0.990625       919444       106.67
  908591.103     0.992188       920881       128.00
  911212.543     0.992969       921566       142.22
  914358.271     0.993750       922234       160.00
  918552.575     0.994531       922989       182.86
  922746.879     0.995313       923719       213.33
  927989.759     0.996094       924421       256.00
  930611.199     0.996484       924785       284.44
  933756.927     0.996875       925156       320.00
  937426.943     0.997266       925541       365.71
  940572.671     0.997656       925893       426.67
  943718.399     0.998047       926243       512.00
  946339.839     0.998242       926435       568.89
  948436.991     0.998437       926607       640.00
  951058.431     0.998633       926782       731.43
  954204.159     0.998828       926974       853.33
  957349.887     0.999023       927141      1024.00
  959971.327     0.999121       927232      1137.78
  962592.767     0.999219       927312      1280.00
  966262.783     0.999316       927407      1462.86
  970457.087     0.999414       927495      1706.67
  973602.815     0.999512       927579      2048.00
  975699.967     0.999561       927626      2275.56
  979894.271     0.999609       927678      2560.00
  982515.711     0.999658       927715      2925.71
  984612.863     0.999707       927765      3413.33
  988282.879     0.999756       927815      4096.00
  989855.743     0.999780       927829      4551.11
  991428.607     0.999805       927852      5120.00
  993001.471     0.999829       927874      5851.43
  995622.911     0.999854       927903      6826.67
  997195.775     0.999878       927926      8192.00
  997720.063     0.999890       927932      9102.22
  999292.927     0.999902       927943     10240.00
 1000341.503     0.999915       927953     11702.86
 1003487.231     0.999927       927966     13653.33
 1006632.959     0.999939       927976     16384.00
 1009254.399     0.999945       927985     18204.44
 1009778.687     0.999951       927989     20480.00
 1010302.975     0.999957       927994     23405.71
 1011351.551     0.999963       928001     27306.67
 1011875.839     0.999969       928006     32768.00
 1012400.127     0.999973       928008     36408.89
 1012924.415     0.999976       928014     40960.00
 1012924.415     0.999979       928014     46811.43
 1013448.703     0.999982       928017     54613.33
 1014497.279     0.999985       928018     65536.00
 1016070.143     0.999986       928021     72817.78
 1016070.143     0.999988       928021     81920.00
 1017643.007     0.999989       928023     93622.86
 1018167.295     0.999991       928024    109226.67
 1020264.447     0.999992       928025    131072.00
 1031274.495     0.999993       928026    145635.56
 1031798.783     0.999994       928027    163840.00
 1033371.647     0.999995       928028    187245.71
 1033371.647     0.999995       928028    218453.33
 1033895.935     0.999996       928030    262144.00
 1033895.935     0.999997       928030    291271.11
 1033895.935     0.999997       928030    327680.00
 1033895.935     0.999997       928030    374491.43
 1033895.935     0.999998       928030    436906.67
 1036517.375     0.999998       928032    524288.00
 1036517.375     1.000000       928032          inf
#[Mean    =   421023.431, StdDeviation   =   250846.314]
#[Max     =  1035993.088, Total count    =       928032]
#[Buckets =           27, SubBuckets     =         2048]
----------------------------------------------------------
  933308 requests in 30.00m, 192.97MB read
  Socket errors: connect 0, read 1428, write 44877, timeout 124334
  Non-2xx or 3xx responses: 126158
Requests/sec:    518.50
Transfer/sec:    109.78KB
