Running 30m test @ http://20.108.20.109:60/wrk2-api/home-timeline/read
  2 threads and 1000 connections
  Thread calibration: mean lat.: 16.051ms, rate sampling interval: 64ms
  Thread calibration: mean lat.: 15.857ms, rate sampling interval: 63ms
  Thread Stats   Avg      Stdev     99%   +/- Stdev
    Latency     1.91m     1.38m    5.14m    60.47%
    Req/Sec   441.37    123.72   746.00     67.54%
  Latency Distribution (HdrHistogram - Recorded Latency)
 50.000%    1.83m 
 75.000%    2.94m 
 90.000%    3.81m 
 99.000%    5.14m 
 99.900%    5.91m 
 99.990%    6.36m 
 99.999%    6.78m 
100.000%    6.82m 

  Detailed Percentile spectrum:
       Value   Percentile   TotalCount 1/(1-Percentile)

       1.470     0.000000            1         1.00
    5824.511     0.100000       154614         1.11
   28409.855     0.200000       309267         1.25
   56262.655     0.300000       463900         1.43
   83296.255     0.400000       618713         1.67
  109969.407     0.500000       773144         2.00
  122945.535     0.550000       850575         2.22
  135921.663     0.600000       927892         2.50
  149028.863     0.650000      1005403         2.86
  162267.135     0.700000      1082533         3.33
  176291.839     0.750000      1159963         4.00
  183500.799     0.775000      1198828         4.44
  191102.975     0.800000      1236908         5.00
  199622.655     0.825000      1276109         5.71
  208535.551     0.850000      1314378         6.67
  218103.807     0.875000      1353173         8.00
  223084.543     0.887500      1372321         8.89
  228458.495     0.900000      1391553        10.00
  234749.951     0.912500      1411175        11.43
  241434.623     0.925000      1430255        13.33
  249298.943     0.937500      1449749        16.00
  253624.319     0.943750      1459179        17.78
  258605.055     0.950000      1468863        20.00
  263847.935     0.956250      1478572        22.86
  269221.887     0.962500      1488423        26.67
  274989.055     0.968750      1497838        32.00
  278659.071     0.971875      1502921        35.56
  282329.087     0.975000      1507742        40.00
  286261.247     0.978125      1512439        45.71
  290979.839     0.981250      1517373        53.33
  295960.575     0.984375      1522163        64.00
  299106.303     0.985938      1524547        71.11
  302514.175     0.987500      1526984        80.00
  305922.047     0.989062      1529365        91.43
  309854.207     0.990625      1531757       106.67
  313786.367     0.992188      1534117       128.00
  316145.663     0.992969      1535350       142.22
  318767.103     0.993750      1536563       160.00
  321650.687     0.994531      1537721       182.86
  325320.703     0.995313      1538940       213.33
  328990.719     0.996094      1540115       256.00
  331087.871     0.996484      1540710       284.44
  333447.167     0.996875      1541301       320.00
  335806.463     0.997266      1541906       365.71
  338952.191     0.997656      1542514       426.67
  342884.351     0.998047      1543119       512.00
  344719.359     0.998242      1543416       568.89
  347078.655     0.998437      1543732       640.00
  349437.951     0.998633      1544041       731.43
  352059.391     0.998828      1544329       853.33
  354680.831     0.999023      1544640      1024.00
  355991.551     0.999121      1544780      1137.78
  358088.703     0.999219      1544936      1280.00
  359923.711     0.999316      1545089      1462.86
  361758.719     0.999414      1545235      1706.67
  364118.015     0.999512      1545378      2048.00
  365428.735     0.999561      1545460      2275.56
  366739.455     0.999609      1545529      2560.00
  368574.463     0.999658      1545607      2925.71
  370671.615     0.999707      1545683      3413.33
  373293.055     0.999756      1545762      4096.00
  374865.919     0.999780      1545794      4551.11
  375914.495     0.999805      1545831      5120.00
  377225.215     0.999829      1545867      5851.43
  379060.223     0.999854      1545909      6826.67
  380633.087     0.999878      1545947      8192.00
  381157.375     0.999890      1545962      9102.22
  381943.807     0.999902      1545984     10240.00
  382468.095     0.999915      1546000     11702.86
  383778.815     0.999927      1546019     13653.33
  385875.967     0.999939      1546040     16384.00
  387186.687     0.999945      1546047     18204.44
  392953.855     0.999951      1546056     20480.00
  400818.175     0.999957      1546065     23405.71
  403439.615     0.999963      1546075     27306.67
  404226.047     0.999969      1546085     32768.00
  405012.479     0.999973      1546091     36408.89
  405274.623     0.999976      1546097     40960.00
  405536.767     0.999979      1546101     46811.43
  405798.911     0.999982      1546106     54613.33
  406061.055     0.999985      1546108     65536.00
  406323.199     0.999986      1546115     72817.78
  406323.199     0.999988      1546115     81920.00
  406323.199     0.999989      1546115     93622.86
  406847.487     0.999991      1546118    109226.67
  407109.631     0.999992      1546122    131072.00
  407109.631     0.999993      1546122    145635.56
  407109.631     0.999994      1546122    163840.00
  407371.775     0.999995      1546126    187245.71
  407371.775     0.999995      1546126    218453.33
  407371.775     0.999996      1546126    262144.00
  407371.775     0.999997      1546126    291271.11
  407896.063     0.999997      1546129    327680.00
  407896.063     0.999997      1546129    374491.43
  407896.063     0.999998      1546129    436906.67
  407896.063     0.999998      1546129    524288.00
  407896.063     0.999998      1546129    582542.22
  407896.063     0.999998      1546129    655360.00
  407896.063     0.999999      1546129    748982.86
  408420.351     0.999999      1546130    873813.33
  408420.351     0.999999      1546130   1048576.00
  408420.351     0.999999      1546130   1165084.44
  408420.351     0.999999      1546130   1310720.00
  408420.351     0.999999      1546130   1497965.71
  409206.783     0.999999      1546131   1747626.67
  409206.783     1.000000      1546131          inf
#[Mean    =   114854.660, StdDeviation   =    82562.582]
#[Max     =   408944.640, Total count    =      1546131]
#[Buckets =           27, SubBuckets     =         2048]
----------------------------------------------------------
  1555596 requests in 30.00m, 20.98GB read
  Socket errors: connect 0, read 15871, write 225462, timeout 121855
  Non-2xx or 3xx responses: 790
Requests/sec:    864.22
Transfer/sec:     11.94MB
