Running 60m test @ http://20.117.149.180:60
  2 threads and 1000 connections
  Thread calibration: mean lat.: 3110.991ms, rate sampling interval: 11476ms
  Thread calibration: mean lat.: 3267.111ms, rate sampling interval: 11821ms
  Thread Stats   Avg      Stdev     99%   +/- Stdev
    Latency    14.37m     6.32m   27.19m    65.19%
    Req/Sec   582.77    105.27   692.00     82.93%
  Latency Distribution (HdrHistogram - Recorded Latency)
 50.000%   14.41m 
 75.000%   19.12m 
 90.000%   22.79m 
 99.000%   27.19m 
 99.900%   29.48m 
 99.990%   31.11m 
 99.999%   33.34m 
100.000%   34.10m 

  Detailed Percentile spectrum:
       Value   Percentile   TotalCount 1/(1-Percentile)

     474.111     0.000000            1         1.00
  364118.015     0.100000       419105         1.11
  529530.879     0.200000       837525         1.25
  646447.103     0.300000      1257289         1.43
  758644.735     0.400000      1676591         1.67
  864550.911     0.500000      2094609         2.00
  915931.135     0.550000      2303242         2.22
  972554.239     0.600000      2514328         2.50
 1028128.767     0.650000      2723097         2.86
 1086324.735     0.700000      2932696         3.33
 1147142.143     0.750000      3143430         4.00
 1180696.575     0.775000      3246027         4.44
 1215299.583     0.800000      3351964         5.00
 1249902.591     0.825000      3456424         5.71
 1285554.175     0.850000      3561562         6.67
 1327497.215     0.875000      3665593         8.00
 1348468.735     0.887500      3718835         8.89
 1367343.103     0.900000      3768963        10.00
 1390411.775     0.912500      3823364        11.43
 1416626.175     0.925000      3873860        13.33
 1443889.151     0.937500      3927694        16.00
 1457520.639     0.943750      3953566        17.78
 1472200.703     0.950000      3978417        20.00
 1488977.919     0.956250      4004876        22.86
 1505755.135     0.962500      4031628        26.67
 1523580.927     0.968750      4057778        32.00
 1533018.111     0.971875      4070123        35.56
 1543503.871     0.975000      4083499        40.00
 1556086.783     0.978125      4096452        45.71
 1569718.271     0.981250      4109625        53.33
 1589641.215     0.984375      4122762        64.00
 1602224.127     0.985938      4129237        71.11
 1612709.887     0.987500      4135760        80.00
 1624244.223     0.989062      4141993        91.43
 1637875.711     0.990625      4148663       106.67
 1651507.199     0.992188      4155557       128.00
 1657798.655     0.992969      4158342       142.22
 1667235.839     0.993750      4161688       160.00
 1675624.447     0.994531      4164823       182.86
 1682964.479     0.995313      4168284       213.33
 1693450.239     0.996094      4171384       256.00
 1698693.119     0.996484      4173064       284.44
 1703935.999     0.996875      4174578       320.00
 1712324.607     0.997266      4176329       365.71
 1723858.943     0.997656      4177891       426.67
 1736441.855     0.998047      4179504       512.00
 1745879.039     0.998242      4180316       568.89
 1753219.071     0.998437      4181198       640.00
 1758461.951     0.998633      4182044       731.43
 1762656.255     0.998828      4182728       853.33
 1768947.711     0.999023      4183543      1024.00
 1772093.439     0.999121      4183972      1137.78
 1777336.319     0.999219      4184362      1280.00
 1781530.623     0.999316      4184762      1462.86
 1788870.655     0.999414      4185207      1706.67
 1793064.959     0.999512      4185594      2048.00
 1801453.567     0.999561      4185789      2275.56
 1818230.783     0.999609      4185996      2560.00
 1825570.815     0.999658      4186211      2925.71
 1835007.999     0.999707      4186402      3413.33
 1848639.487     0.999756      4186601      4096.00
 1855979.519     0.999780      4186719      4551.11
 1859125.247     0.999805      4186856      5120.00
 1860173.823     0.999829      4186955      5851.43
 1861222.399     0.999854      4187019      6826.67
 1863319.551     0.999878      4187124      8192.00
 1865416.703     0.999890      4187179      9102.22
 1866465.279     0.999902      4187217     10240.00
 1872756.735     0.999915      4187271     11702.86
 1879048.191     0.999927      4187342     13653.33
 1883242.495     0.999939      4187371     16384.00
 1886388.223     0.999945      4187397     18204.44
 1888485.375     0.999951      4187425     20480.00
 1898971.135     0.999957      4187445     23405.71
 1923088.383     0.999963      4187470     27306.67
 1941962.751     0.999969      4187496     32768.00
 1946157.055     0.999973      4187509     36408.89
 1954545.663     0.999976      4187521     40960.00
 1961885.695     0.999979      4187535     46811.43
 1972371.455     0.999982      4187547     54613.33
 1989148.671     0.999985      4187563     65536.00
 1991245.823     0.999986      4187566     72817.78
 1993342.975     0.999988      4187573     81920.00
 1998585.855     0.999989      4187579     93622.86
 2004877.311     0.999991      4187585    109226.67
 2015363.071     0.999992      4187592    131072.00
 2018508.799     0.999993      4187598    145635.56
 2018508.799     0.999994      4187598    163840.00
 2020605.951     0.999995      4187603    187245.71
 2021654.527     0.999995      4187605    218453.33
 2023751.679     0.999996      4187609    262144.00
 2023751.679     0.999997      4187609    291271.11
 2031091.711     0.999997      4187611    327680.00
 2034237.439     0.999997      4187612    374491.43
 2038431.743     0.999998      4187614    436906.67
 2039480.319     0.999998      4187616    524288.00
 2039480.319     0.999998      4187616    582542.22
 2043674.623     0.999998      4187621    655360.00
 2043674.623     0.999999      4187621    748982.86
 2043674.623     0.999999      4187621    873813.33
 2043674.623     0.999999      4187621   1048576.00
 2043674.623     0.999999      4187621   1165084.44
 2043674.623     0.999999      4187621   1310720.00
 2043674.623     0.999999      4187621   1497965.71
 2043674.623     0.999999      4187621   1747626.67
 2044723.199     1.000000      4187622   2097152.00
 2044723.199     1.000000      4187622   2330168.89
 2044723.199     1.000000      4187622   2621440.00
 2044723.199     1.000000      4187622   2995931.43
 2044723.199     1.000000      4187622   3495253.33
 2045771.775     1.000000      4187623   4194304.00
 2045771.775     1.000000      4187623          inf
#[Mean    =   862206.414, StdDeviation   =   379045.734]
#[Max     =  2044723.200, Total count    =      4187623]
#[Buckets =           27, SubBuckets     =         2048]
----------------------------------------------------------
  4193934 requests in 60.00m, 1.88GB read
  Socket errors: connect 0, read 36, write 433, timeout 32849
  Non-2xx or 3xx responses: 243075
Requests/sec:   1164.98
Transfer/sec:    546.70KB
