Running 60m test @ http://51.140.98.160:60/wrk2-api/home-timeline/read
  2 threads and 1000 connections
  Thread calibration: mean lat.: 2918.995ms, rate sampling interval: 12189ms
  Thread calibration: mean lat.: 2814.820ms, rate sampling interval: 11862ms
  Thread Stats   Avg      Stdev     99%   +/- Stdev
    Latency    20.21m    12.45m   48.79m    73.63%
    Req/Sec   104.04     58.84   279.00     70.97%
  Latency Distribution (HdrHistogram - Recorded Latency)
 50.000%   15.40m 
 75.000%   29.88m 
 90.000%   39.43m 
 99.000%   48.79m 
 99.900%   51.31m 
 99.990%   52.43m 
 99.999%   53.02m 
100.000%   53.44m 

  Detailed Percentile spectrum:
       Value   Percentile   TotalCount 1/(1-Percentile)

    4796.415     0.000000            1         1.00
  518520.831     0.100000        75040         1.11
  548929.535     0.200000       150585         1.25
  648544.255     0.300000       225319         1.43
  706215.935     0.400000       300328         1.67
  923795.455     0.500000       375090         2.00
 1130364.927     0.550000       412663         2.22
 1306525.695     0.600000       450294         2.50
 1472200.703     0.650000       487589         2.86
 1633681.407     0.700000       525153         3.33
 1793064.959     0.750000       562760         4.00
 1880096.767     0.775000       581340         4.44
 1967128.575     0.800000       600131         5.00
 2058354.687     0.825000       618842         5.71
 2155872.255     0.850000       637602         6.67
 2258632.703     0.875000       656539         8.00
 2311061.503     0.887500       665954         8.89
 2365587.455     0.900000       675321        10.00
 2424307.711     0.912500       684750        11.43
 2485125.119     0.925000       693973        13.33
 2554331.135     0.937500       703463        16.00
 2589982.719     0.943750       708114        17.78
 2627731.455     0.950000       712819        20.00
 2669674.495     0.956250       717496        22.86
 2711617.535     0.962500       722116        26.67
 2755657.727     0.968750       726813        32.00
 2778726.399     0.971875       729166        35.56
 2801795.071     0.975000       731505        40.00
 2826960.895     0.978125       733873        45.71
 2850029.567     0.981250       736048        53.33
 2877292.543     0.984375       738444        64.00
 2889875.455     0.985938       739568        71.11
 2904555.519     0.987500       740807        80.00
 2919235.583     0.989062       741971        91.43
 2936012.799     0.990625       743172       106.67
 2952790.015     0.992188       744301       128.00
 2961178.623     0.992969       744832       142.22
 2971664.383     0.993750       745486       160.00
 2982150.143     0.994531       746096       182.86
 2992635.903     0.995313       746635       213.33
 3005218.815     0.996094       747192       256.00
 3013607.423     0.996484       747525       284.44
 3019898.879     0.996875       747793       320.00
 3028287.487     0.997266       748080       365.71
 3036676.095     0.997656       748351       426.67
 3047161.855     0.998047       748676       512.00
 3051356.159     0.998242       748791       568.89
 3057647.615     0.998437       748945       640.00
 3063939.071     0.998633       749087       731.43
 3072327.679     0.998828       749247       853.33
 3080716.287     0.999023       749399      1024.00
 3084910.591     0.999121       749466      1137.78
 3089104.895     0.999219       749537      1280.00
 3093299.199     0.999316       749595      1462.86
 3099590.655     0.999414       749682      1706.67
 3105882.111     0.999512       749753      2048.00
 3107979.263     0.999561       749778      2275.56
 3112173.567     0.999609       749825      2560.00
 3116367.871     0.999658       749861      2925.71
 3120562.175     0.999707       749887      3413.33
 3126853.631     0.999756       749925      4096.00
 3128950.783     0.999780       749941      4551.11
 3133145.087     0.999805       749966      5120.00
 3135242.239     0.999829       749978      5851.43
 3139436.543     0.999854       750004      6826.67
 3143630.847     0.999878       750019      8192.00
 3145727.999     0.999890       750029      9102.22
 3147825.151     0.999902       750035     10240.00
 3152019.455     0.999915       750044     11702.86
 3154116.607     0.999927       750057     13653.33
 3156213.759     0.999939       750061     16384.00
 3158310.911     0.999945       750064     18204.44
 3160408.063     0.999951       750070     20480.00
 3162505.215     0.999957       750073     23405.71
 3164602.367     0.999963       750080     27306.67
 3166699.519     0.999969       750082     32768.00
 3168796.671     0.999973       750084     36408.89
 3170893.823     0.999976       750089     40960.00
 3170893.823     0.999979       750089     46811.43
 3175088.127     0.999982       750091     54613.33
 3177185.279     0.999985       750094     65536.00
 3177185.279     0.999986       750094     72817.78
 3179282.431     0.999988       750095     81920.00
 3181379.583     0.999989       750096     93622.86
 3185573.887     0.999991       750098    109226.67
 3189768.191     0.999992       750099    131072.00
 3189768.191     0.999993       750099    145635.56
 3191865.343     0.999994       750102    163840.00
 3191865.343     0.999995       750102    187245.71
 3191865.343     0.999995       750102    218453.33
 3191865.343     0.999996       750102    262144.00
 3191865.343     0.999997       750102    291271.11
 3191865.343     0.999997       750102    327680.00
 3191865.343     0.999997       750102    374491.43
 3196059.647     0.999998       750103    436906.67
 3196059.647     0.999998       750103    524288.00
 3196059.647     0.999998       750103    582542.22
 3196059.647     0.999998       750103    655360.00
 3196059.647     0.999999       750103    748982.86
 3206545.407     0.999999       750104    873813.33
 3206545.407     1.000000       750104          inf
#[Mean    =  1212329.953, StdDeviation   =   746883.737]
#[Max     =  3204448.256, Total count    =       750104]
#[Buckets =           27, SubBuckets     =         2048]
----------------------------------------------------------
  752181 requests in 60.00m, 6.50GB read
  Socket errors: connect 0, read 23866, write 133635, timeout 271349
  Non-2xx or 3xx responses: 218363
Requests/sec:    208.94
Transfer/sec:      1.85MB
