Running 60m test @ http://20.117.102.119:60/wrk2-api/post/compose
  2 threads and 1000 connections
  Thread calibration: mean lat.: 3387.087ms, rate sampling interval: 14385ms
  Thread calibration: mean lat.: 3406.071ms, rate sampling interval: 14581ms
  Thread Stats   Avg      Stdev     99%   +/- Stdev
    Latency    18.98m    10.13m   37.71m    58.57%
    Req/Sec   187.95     57.43   424.00     80.20%
  Latency Distribution (HdrHistogram - Recorded Latency)
 50.000%   19.14m 
 75.000%   27.42m 
 90.000%   32.86m 
 99.000%   37.71m 
 99.900%   39.46m 
 99.990%   41.35m 
 99.999%   42.36m 
100.000%   42.85m 

  Detailed Percentile spectrum:
       Value   Percentile   TotalCount 1/(1-Percentile)

     202.367     0.000000            1         1.00
  312213.503     0.100000       135391         1.11
  500957.183     0.200000       270650         1.25
  738721.791     0.300000       405900         1.43
  935854.079     0.400000       541208         1.67
 1148190.719     0.500000       676544         2.00
 1243611.135     0.550000       744579         2.22
 1339031.551     0.600000       812295         2.50
 1435500.543     0.650000       880059         2.86
 1536163.839     0.700000       947199         3.33
 1645215.743     0.750000      1014800         4.00
 1699741.695     0.775000      1049138         4.44
 1751121.919     0.800000      1082794         5.00
 1803550.719     0.825000      1116445         5.71
 1857028.095     0.850000      1150393         6.67
 1912602.623     0.875000      1183801         8.00
 1941962.751     0.887500      1200861         8.89
 1971322.879     0.900000      1218014        10.00
 2000683.007     0.912500      1234733        11.43
 2031091.711     0.925000      1251598        13.33
 2064646.143     0.937500      1268730        16.00
 2082471.935     0.943750      1277026        17.78
 2100297.727     0.950000      1285457        20.00
 2119172.095     0.956250      1293753        22.86
 2139095.039     0.962500      1302177        26.67
 2162163.711     0.968750      1311412        32.00
 2172649.471     0.971875      1315206        35.56
 2185232.383     0.975000      1319339        40.00
 2199912.447     0.978125      1323885        45.71
 2214592.511     0.981250      1328027        53.33
 2231369.727     0.984375      1332278        64.00
 2239758.335     0.985938      1334331        71.11
 2248146.943     0.987500      1336350        80.00
 2256535.551     0.989062      1338273        91.43
 2267021.311     0.990625      1340534       106.67
 2277507.071     0.992188      1342481       128.00
 2283798.527     0.992969      1343617       142.22
 2290089.983     0.993750      1344717       160.00
 2296381.439     0.994531      1345770       182.86
 2302672.895     0.995313      1346732       213.33
 2308964.351     0.996094      1347588       256.00
 2313158.655     0.996484      1348106       284.44
 2319450.111     0.996875      1348788       320.00
 2325741.567     0.997266      1349316       365.71
 2332033.023     0.997656      1349775       426.67
 2340421.631     0.998047      1350353       512.00
 2344615.935     0.998242      1350588       568.89
 2348810.239     0.998437      1350773       640.00
 2355101.695     0.998633      1351078       731.43
 2361393.151     0.998828      1351317       853.33
 2369781.759     0.999023      1351587      1024.00
 2373976.063     0.999121      1351685      1137.78
 2380267.519     0.999219      1351840      1280.00
 2386558.975     0.999316      1351953      1462.86
 2394947.583     0.999414      1352080      1706.67
 2403336.191     0.999512      1352210      2048.00
 2409627.647     0.999561      1352289      2275.56
 2413821.951     0.999609      1352337      2560.00
 2424307.711     0.999658      1352405      2925.71
 2434793.471     0.999707      1352477      3413.33
 2445279.231     0.999756      1352545      4096.00
 2449473.535     0.999780      1352570      4551.11
 2455764.991     0.999805      1352606      5120.00
 2464153.599     0.999829      1352640      5851.43
 2470445.055     0.999854      1352668      6826.67
 2476736.511     0.999878      1352701      8192.00
 2478833.663     0.999890      1352720      9102.22
 2480930.815     0.999902      1352732     10240.00
 2487222.271     0.999915      1352751     11702.86
 2493513.727     0.999927      1352764     13653.33
 2497708.031     0.999939      1352783     16384.00
 2503999.487     0.999945      1352789     18204.44
 2508193.791     0.999951      1352797     20480.00
 2516582.399     0.999957      1352806     23405.71
 2522873.855     0.999963      1352814     27306.67
 2529165.311     0.999969      1352821     32768.00
 2531262.463     0.999973      1352828     36408.89
 2533359.615     0.999976      1352835     40960.00
 2533359.615     0.999979      1352835     46811.43
 2535456.767     0.999982      1352841     54613.33
 2537553.919     0.999985      1352846     65536.00
 2537553.919     0.999986      1352846     72817.78
 2537553.919     0.999988      1352846     81920.00
 2541748.223     0.999989      1352848     93622.86
 2545942.527     0.999991      1352850    109226.67
 2550136.831     0.999992      1352853    131072.00
 2550136.831     0.999993      1352853    145635.56
 2552233.983     0.999994      1352854    163840.00
 2554331.135     0.999995      1352855    187245.71
 2556428.287     0.999995      1352856    218453.33
 2558525.439     0.999996      1352858    262144.00
 2558525.439     0.999997      1352858    291271.11
 2558525.439     0.999997      1352858    327680.00
 2562719.743     0.999997      1352859    374491.43
 2562719.743     0.999998      1352859    436906.67
 2564816.895     0.999998      1352860    524288.00
 2564816.895     0.999998      1352860    582542.22
 2564816.895     0.999998      1352860    655360.00
 2569011.199     0.999999      1352861    748982.86
 2569011.199     0.999999      1352861    873813.33
 2569011.199     0.999999      1352861   1048576.00
 2569011.199     0.999999      1352861   1165084.44
 2569011.199     0.999999      1352861   1310720.00
 2571108.351     0.999999      1352862   1497965.71
 2571108.351     1.000000      1352862          inf
#[Mean    =  1138916.478, StdDeviation   =   607750.614]
#[Max     =  2569011.200, Total count    =      1352862]
#[Buckets =           27, SubBuckets     =         2048]
----------------------------------------------------------
  1354923 requests in 60.00m, 271.67MB read
  Socket errors: connect 0, read 136, write 2346, timeout 735800
  Non-2xx or 3xx responses: 130122
Requests/sec:    376.37
Transfer/sec:     77.28KB
