Running 30m test @ http://20.108.53.170:60
  2 threads and 1000 connections
  Thread calibration: mean lat.: 2984.634ms, rate sampling interval: 11190ms
  Thread calibration: mean lat.: 2901.624ms, rate sampling interval: 10928ms
  Thread Stats   Avg      Stdev     99%   +/- Stdev
    Latency     9.17m     5.27m   18.30m    57.90%
    Req/Sec   387.97     20.09   413.00     88.20%
  Latency Distribution (HdrHistogram - Recorded Latency)
 50.000%    9.13m 
 75.000%   13.70m 
 90.000%   16.51m 
 99.000%   18.30m 
 99.900%   18.84m 
 99.990%   19.14m 
 99.999%   19.36m 
100.000%   19.49m 

  Detailed Percentile spectrum:
       Value   Percentile   TotalCount 1/(1-Percentile)

     517.375     0.000000            1         1.00
  114819.071     0.100000       139100         1.11
  221380.607     0.200000       278204         1.25
  330825.727     0.300000       417365         1.43
  439615.487     0.400000       556282         1.67
  547880.959     0.500000       695416         2.00
  602406.911     0.550000       764754         2.22
  658505.727     0.600000       834756         2.50
  711983.103     0.650000       904036         2.86
  767033.343     0.700000       973364         3.33
  822083.583     0.750000      1043012         4.00
  849346.559     0.775000      1077617         4.44
  877133.823     0.800000      1112776         5.00
  905445.375     0.825000      1147505         5.71
  933756.927     0.850000      1182389         6.67
  962068.479     0.875000      1216890         8.00
  976224.255     0.887500      1234160         8.89
  990380.031     0.900000      1251905        10.00
 1004011.519     0.912500      1269037        11.43
 1017643.007     0.925000      1286473        13.33
 1031274.495     0.937500      1303929        16.00
 1038090.239     0.943750      1312164        17.78
 1045430.271     0.950000      1321200        20.00
 1052770.303     0.956250      1329879        22.86
 1060110.335     0.962500      1338584        26.67
 1067450.367     0.968750      1347256        32.00
 1071120.383     0.971875      1351374        35.56
 1075838.975     0.975000      1356628        40.00
 1078984.703     0.978125      1359961        45.71
 1084227.583     0.981250      1365214        53.33
 1088421.887     0.984375      1369126        64.00
 1090519.039     0.985938      1371006        71.11
 1093664.767     0.987500      1373563        80.00
 1096810.495     0.989062      1375842        91.43
 1098907.647     0.990625      1377339       106.67
 1103101.951     0.992188      1380122       128.00
 1104150.527     0.992969      1380678       142.22
 1106247.679     0.993750      1381875       160.00
 1108344.831     0.994531      1382959       182.86
 1110441.983     0.995313      1383900       213.33
 1113587.711     0.996094      1385141       256.00
 1114636.287     0.996484      1385520       284.44
 1116733.439     0.996875      1386208       320.00
 1118830.591     0.997266      1386857       365.71
 1119879.167     0.997656      1387175       426.67
 1121976.319     0.998047      1387671       512.00
 1123024.895     0.998242      1387940       568.89
 1125122.047     0.998437      1388344       640.00
 1126170.623     0.998633      1388513       731.43
 1128267.775     0.998828      1388823       853.33
 1130364.927     0.999023      1389063      1024.00
 1131413.503     0.999121      1389167      1137.78
 1132462.079     0.999219      1389278      1280.00
 1134559.231     0.999316      1389503      1462.86
 1135607.807     0.999414      1389629      1706.67
 1136656.383     0.999512      1389725      2048.00
 1137704.959     0.999561      1389801      2275.56
 1138753.535     0.999609      1389855      2560.00
 1139802.111     0.999658      1389913      2925.71
 1140850.687     0.999707      1389972      3413.33
 1141899.263     0.999756      1390040      4096.00
 1142947.839     0.999780      1390086      4551.11
 1143996.415     0.999805      1390135      5120.00
 1143996.415     0.999829      1390135      5851.43
 1145044.991     0.999854      1390168      6826.67
 1146093.567     0.999878      1390198      8192.00
 1147142.143     0.999890      1390221      9102.22
 1148190.719     0.999902      1390248     10240.00
 1148190.719     0.999915      1390248     11702.86
 1149239.295     0.999927      1390268     13653.33
 1150287.871     0.999939      1390288     16384.00
 1150287.871     0.999945      1390288     18204.44
 1151336.447     0.999951      1390295     20480.00
 1152385.023     0.999957      1390309     23405.71
 1153433.599     0.999963      1390316     27306.67
 1154482.175     0.999969      1390326     32768.00
 1154482.175     0.999973      1390326     36408.89
 1155530.751     0.999976      1390331     40960.00
 1156579.327     0.999979      1390337     46811.43
 1156579.327     0.999982      1390337     54613.33
 1158676.479     0.999985      1390342     65536.00
 1159725.055     0.999986      1390346     72817.78
 1159725.055     0.999988      1390346     81920.00
 1161822.207     0.999989      1390350     93622.86
 1161822.207     0.999991      1390350    109226.67
 1164967.935     0.999992      1390357    131072.00
 1164967.935     0.999993      1390357    145635.56
 1164967.935     0.999994      1390357    163840.00
 1164967.935     0.999995      1390357    187245.71
 1164967.935     0.999995      1390357    218453.33
 1164967.935     0.999996      1390357    262144.00
 1168113.663     0.999997      1390359    291271.11
 1168113.663     0.999997      1390359    327680.00
 1168113.663     0.999997      1390359    374491.43
 1168113.663     0.999998      1390359    436906.67
 1169162.239     0.999998      1390362    524288.00
 1169162.239     1.000000      1390362          inf
#[Mean    =   550057.013, StdDeviation   =   316067.211]
#[Max     =  1168113.664, Total count    =      1390362]
#[Buckets =           27, SubBuckets     =         2048]
----------------------------------------------------------
  1397197 requests in 30.00m, 650.78MB read
  Socket errors: connect 0, read 26, write 214, timeout 16278
  Non-2xx or 3xx responses: 3
Requests/sec:    776.22
Transfer/sec:    370.22KB
