Running 30m test @ http://20.90.254.45:60/wrk2-api/home-timeline/read
  2 threads and 1000 connections
  Thread calibration: mean lat.: 3466.003ms, rate sampling interval: 12509ms
  Thread calibration: mean lat.: 3360.706ms, rate sampling interval: 12025ms
  Thread Stats   Avg      Stdev     99%   +/- Stdev
    Latency    14.00m     7.53m   26.63m    58.49%
    Req/Sec    59.91      9.14    74.00     71.38%
  Latency Distribution (HdrHistogram - Recorded Latency)
 50.000%   14.57m 
 75.000%   20.31m 
 90.000%   24.01m 
 99.000%   26.63m 
 99.900%   27.49m 
 99.990%   27.77m 
 99.999%   27.93m 
100.000%   28.00m 

  Detailed Percentile spectrum:
       Value   Percentile   TotalCount 1/(1-Percentile)

    2873.343     0.000000            1         1.00
  177733.631     0.100000        21644         1.11
  363855.871     0.200000        43312         1.25
  550502.399     0.300000        64924         1.43
  738197.503     0.400000        86606         1.67
  873988.095     0.500000       108209         2.00
  941621.247     0.550000       119055         2.22
 1009778.687     0.600000       129851         2.50
 1077936.127     0.650000       140713         2.86
 1147142.143     0.700000       151581         3.33
 1218445.311     0.750000       162356         4.00
 1255145.471     0.775000       167753         4.44
 1294991.359     0.800000       173182         5.00
 1331691.519     0.825000       178647         5.71
 1368391.679     0.850000       184045         6.67
 1404043.263     0.875000       189466         8.00
 1421869.055     0.887500       192110         8.89
 1440743.423     0.900000       194914        10.00
 1457520.639     0.912500       197533        11.43
 1474297.855     0.925000       200174        13.33
 1493172.223     0.937500       203029        16.00
 1501560.831     0.943750       204342        17.78
 1509949.439     0.950000       205584        20.00
 1519386.623     0.956250       207019        22.86
 1527775.231     0.962500       208295        26.67
 1537212.415     0.968750       209689        32.00
 1542455.295     0.971875       210349        35.56
 1547698.175     0.975000       210996        40.00
 1555038.207     0.978125       211745        45.71
 1562378.239     0.981250       212393        53.33
 1571815.423     0.984375       213033        64.00
 1578106.879     0.985938       213360        71.11
 1585446.911     0.987500       213724        80.00
 1592786.943     0.989062       214062        91.43
 1601175.551     0.990625       214419       106.67
 1608515.583     0.992188       214720       128.00
 1612709.887     0.992969       214898       142.22
 1616904.191     0.993750       215073       160.00
 1621098.495     0.994531       215244       182.86
 1625292.799     0.995313       215419       213.33
 1629487.103     0.996094       215577       256.00
 1631584.255     0.996484       215668       284.44
 1633681.407     0.996875       215751       320.00
 1635778.559     0.997266       215827       365.71
 1638924.287     0.997656       215916       426.67
 1641021.439     0.998047       215983       512.00
 1643118.591     0.998242       216042       568.89
 1644167.167     0.998437       216071       640.00
 1646264.319     0.998633       216126       731.43
 1647312.895     0.998828       216148       853.33
 1649410.047     0.999023       216194      1024.00
 1650458.623     0.999121       216211      1137.78
 1651507.199     0.999219       216232      1280.00
 1653604.351     0.999316       216260      1462.86
 1655701.503     0.999414       216283      1706.67
 1656750.079     0.999512       216298      2048.00
 1657798.655     0.999561       216310      2275.56
 1658847.231     0.999609       216323      2560.00
 1659895.807     0.999658       216334      2925.71
 1660944.383     0.999707       216344      3413.33
 1661992.959     0.999756       216354      4096.00
 1661992.959     0.999780       216354      4551.11
 1663041.535     0.999805       216359      5120.00
 1664090.111     0.999829       216366      5851.43
 1665138.687     0.999854       216375      6826.67
 1665138.687     0.999878       216375      8192.00
 1666187.263     0.999890       216377      9102.22
 1667235.839     0.999902       216381     10240.00
 1667235.839     0.999915       216381     11702.86
 1668284.415     0.999927       216385     13653.33
 1669332.991     0.999939       216389     16384.00
 1669332.991     0.999945       216389     18204.44
 1669332.991     0.999951       216389     20480.00
 1670381.567     0.999957       216391     23405.71
 1672478.719     0.999963       216392     27306.67
 1673527.295     0.999969       216395     32768.00
 1673527.295     0.999973       216395     36408.89
 1673527.295     0.999976       216395     40960.00
 1673527.295     0.999979       216395     46811.43
 1674575.871     0.999982       216396     54613.33
 1674575.871     0.999985       216396     65536.00
 1675624.447     0.999986       216397     72817.78
 1675624.447     0.999988       216397     81920.00
 1675624.447     0.999989       216397     93622.86
 1679818.751     0.999991       216399    109226.67
 1679818.751     1.000000       216399          inf
#[Mean    =   839862.861, StdDeviation   =   451901.265]
#[Max     =  1678770.176, Total count    =       216399]
#[Buckets =           27, SubBuckets     =         2048]
----------------------------------------------------------
  218681 requests in 30.00m, 2.89GB read
  Socket errors: connect 0, read 40824, write 193182, timeout 123774
  Non-2xx or 3xx responses: 1270
Requests/sec:    121.49
Transfer/sec:      1.64MB
