Running 30m test @ http://20.90.254.45:60/wrk2-api/post/compose
  2 threads and 1000 connections
  Thread calibration: mean lat.: 4904.342ms, rate sampling interval: 14229ms
  Thread calibration: mean lat.: 5024.050ms, rate sampling interval: 14409ms
  Thread Stats   Avg      Stdev     99%   +/- Stdev
    Latency    12.22m     7.69m   26.84m    58.67%
    Req/Sec    44.54     18.58    71.00     64.11%
  Latency Distribution (HdrHistogram - Recorded Latency)
 50.000%   11.07m 
 75.000%   18.86m 
 90.000%   23.38m 
 99.000%   26.84m 
 99.900%   28.35m 
 99.990%   28.84m 
 99.999%   29.10m 
100.000%   29.24m 

  Detailed Percentile spectrum:
       Value   Percentile   TotalCount 1/(1-Percentile)

    5742.591     0.000000            1         1.00
  140115.967     0.100000        16078         1.11
  271319.039     0.200000        32166         1.25
  396623.871     0.300000        48221         1.43
  522452.991     0.400000        64276         1.67
  664272.895     0.500000        80376         2.00
  768081.919     0.550000        88396         2.22
  865075.199     0.600000        96422         2.50
  958922.751     0.650000       104467         2.86
 1047003.135     0.700000       112520         3.33
 1131413.503     0.750000       120519         4.00
 1174405.119     0.775000       124587         4.44
 1218445.311     0.800000       128551         5.00
 1265631.231     0.825000       132639         5.71
 1310719.999     0.850000       136585         6.67
 1357905.919     0.875000       140668         8.00
 1380974.591     0.887500       142671         8.89
 1402994.687     0.900000       144635        10.00
 1425014.783     0.912500       146673        11.43
 1448083.455     0.925000       148681        13.33
 1471152.127     0.937500       150658        16.00
 1483735.039     0.943750       151731        17.78
 1495269.375     0.950000       152684        20.00
 1507852.287     0.956250       153704        22.86
 1520435.199     0.962500       154709        26.67
 1535115.263     0.968750       155711        32.00
 1542455.295     0.971875       156161        35.56
 1551892.479     0.975000       156721        40.00
 1561329.663     0.978125       157203        45.71
 1571815.423     0.981250       157669        53.33
 1585446.911     0.984375       158201        64.00
 1592786.943     0.985938       158454        71.11
 1599078.399     0.987500       158686        80.00
 1606418.431     0.989062       158946        91.43
 1613758.463     0.990625       159199       106.67
 1621098.495     0.992188       159449       128.00
 1625292.799     0.992969       159566       142.22
 1629487.103     0.993750       159702       160.00
 1633681.407     0.994531       159825       182.86
 1637875.711     0.995313       159937       213.33
 1644167.167     0.996094       160068       256.00
 1647312.895     0.996484       160118       284.44
 1651507.199     0.996875       160181       320.00
 1657798.655     0.997266       160247       365.71
 1665138.687     0.997656       160308       426.67
 1673527.295     0.998047       160367       512.00
 1679818.751     0.998242       160403       568.89
 1685061.631     0.998437       160433       640.00
 1689255.935     0.998633       160461       731.43
 1695547.391     0.998828       160496       853.33
 1701838.847     0.999023       160527      1024.00
 1704984.575     0.999121       160548      1137.78
 1707081.727     0.999219       160558      1280.00
 1709178.879     0.999316       160570      1462.86
 1714421.759     0.999414       160592      1706.67
 1715470.335     0.999512       160604      2048.00
 1717567.487     0.999561       160616      2275.56
 1718616.063     0.999609       160619      2560.00
 1720713.215     0.999658       160626      2925.71
 1721761.791     0.999707       160632      3413.33
 1723858.943     0.999756       160643      4096.00
 1725956.095     0.999780       160646      4551.11
 1727004.671     0.999805       160652      5120.00
 1727004.671     0.999829       160652      5851.43
 1728053.247     0.999854       160656      6826.67
 1729101.823     0.999878       160661      8192.00
 1730150.399     0.999890       160663      9102.22
 1731198.975     0.999902       160665     10240.00
 1732247.551     0.999915       160667     11702.86
 1733296.127     0.999927       160670     13653.33
 1733296.127     0.999939       160670     16384.00
 1734344.703     0.999945       160671     18204.44
 1736441.855     0.999951       160672     20480.00
 1737490.431     0.999957       160675     23405.71
 1737490.431     0.999963       160675     27306.67
 1737490.431     0.999969       160675     32768.00
 1737490.431     0.999973       160675     36408.89
 1740636.159     0.999976       160676     40960.00
 1740636.159     0.999979       160676     46811.43
 1745879.039     0.999982       160678     54613.33
 1745879.039     0.999985       160678     65536.00
 1745879.039     0.999986       160678     72817.78
 1745879.039     0.999988       160678     81920.00
 1745879.039     0.999989       160678     93622.86
 1745879.039     0.999991       160678    109226.67
 1745879.039     0.999992       160678    131072.00
 1745879.039     0.999993       160678    145635.56
 1754267.647     0.999994       160679    163840.00
 1754267.647     1.000000       160679          inf
#[Mean    =   733323.037, StdDeviation   =   461620.163]
#[Max     =  1753219.072, Total count    =       160679]
#[Buckets =           27, SubBuckets     =         2048]
----------------------------------------------------------
  161794 requests in 30.00m, 30.34MB read
  Socket errors: connect 0, read 25723, write 826598, timeout 505039
  Non-2xx or 3xx responses: 645
Requests/sec:     89.88
Transfer/sec:     17.26KB
