Running 30m test @ http://20.90.75.0:60/wrk2-api/home-timeline/read
  2 threads and 1000 connections
  Thread calibration: mean lat.: 3012.577ms, rate sampling interval: 11608ms
  Thread calibration: mean lat.: 2963.951ms, rate sampling interval: 11116ms
  Thread Stats   Avg      Stdev     99%   +/- Stdev
    Latency    14.35m     7.65m   26.81m    58.39%
    Req/Sec    56.48      9.30    73.00     66.88%
  Latency Distribution (HdrHistogram - Recorded Latency)
 50.000%   15.05m 
 75.000%   20.90m 
 90.000%   24.31m 
 99.000%   26.81m 
 99.900%   27.61m 
 99.990%   27.89m 
 99.999%   28.08m 
100.000%   28.17m 

  Detailed Percentile spectrum:
       Value   Percentile   TotalCount 1/(1-Percentile)

    4288.511     0.000000            1         1.00
  186122.239     0.100000        20402         1.11
  373555.199     0.200000        40790         1.25
  561512.447     0.300000        61196         1.43
  752353.279     0.400000        81588         1.67
  902823.935     0.500000       102025         2.00
  977272.831     0.550000       112185         2.22
 1051197.439     0.600000       122425         2.50
 1124073.471     0.650000       132619         2.86
 1190133.759     0.700000       142820         3.33
 1254096.895     0.750000       153058         4.00
 1287651.327     0.775000       158184         4.44
 1321205.759     0.800000       163160         5.00
 1356857.343     0.825000       168382         5.71
 1392508.927     0.850000       173521         6.67
 1425014.783     0.875000       178482         8.00
 1442840.575     0.887500       181158         8.89
 1458569.215     0.900000       183669        10.00
 1474297.855     0.912500       186184        11.43
 1490026.495     0.925000       188705        13.33
 1506803.711     0.937500       191281        16.00
 1515192.319     0.943750       192530        17.78
 1523580.927     0.950000       193798        20.00
 1531969.535     0.956250       195043        22.86
 1541406.719     0.962500       196405        26.67
 1550843.903     0.968750       197666        32.00
 1556086.783     0.971875       198295        35.56
 1561329.663     0.975000       198861        40.00
 1567621.119     0.978125       199485        45.71
 1576009.727     0.981250       200154        53.33
 1586495.487     0.984375       200799        64.00
 1591738.367     0.985938       201107        71.11
 1598029.823     0.987500       201413        80.00
 1604321.279     0.989062       201728        91.43
 1611661.311     0.990625       202071       106.67
 1619001.343     0.992188       202393       128.00
 1622147.071     0.992969       202531       142.22
 1625292.799     0.993750       202668       160.00
 1629487.103     0.994531       202852       182.86
 1633681.407     0.995313       203017       213.33
 1637875.711     0.996094       203179       256.00
 1638924.287     0.996484       203227       284.44
 1642070.015     0.996875       203332       320.00
 1644167.167     0.997266       203390       365.71
 1646264.319     0.997656       203469       426.67
 1649410.047     0.998047       203565       512.00
 1650458.623     0.998242       203594       568.89
 1651507.199     0.998437       203626       640.00
 1653604.351     0.998633       203679       731.43
 1655701.503     0.998828       203730       853.33
 1656750.079     0.999023       203750      1024.00
 1657798.655     0.999121       203776      1137.78
 1658847.231     0.999219       203788      1280.00
 1659895.807     0.999316       203800      1462.86
 1661992.959     0.999414       203830      1706.67
 1663041.535     0.999512       203847      2048.00
 1664090.111     0.999561       203854      2275.56
 1665138.687     0.999609       203867      2560.00
 1666187.263     0.999658       203877      2925.71
 1667235.839     0.999707       203882      3413.33
 1669332.991     0.999756       203891      4096.00
 1670381.567     0.999780       203899      4551.11
 1671430.143     0.999805       203908      5120.00
 1671430.143     0.999829       203908      5851.43
 1672478.719     0.999854       203915      6826.67
 1672478.719     0.999878       203915      8192.00
 1673527.295     0.999890       203919      9102.22
 1674575.871     0.999902       203921     10240.00
 1675624.447     0.999915       203925     11702.86
 1675624.447     0.999927       203925     13653.33
 1676673.023     0.999939       203928     16384.00
 1676673.023     0.999945       203928     18204.44
 1678770.175     0.999951       203930     20480.00
 1679818.751     0.999957       203931     23405.71
 1680867.327     0.999963       203933     27306.67
 1680867.327     0.999969       203933     32768.00
 1681915.903     0.999973       203935     36408.89
 1681915.903     0.999976       203935     40960.00
 1681915.903     0.999979       203935     46811.43
 1682964.479     0.999982       203936     54613.33
 1682964.479     0.999985       203936     65536.00
 1685061.631     0.999986       203938     72817.78
 1685061.631     0.999988       203938     81920.00
 1685061.631     0.999989       203938     93622.86
 1685061.631     0.999991       203938    109226.67
 1685061.631     0.999992       203938    131072.00
 1685061.631     0.999993       203938    145635.56
 1685061.631     0.999994       203938    163840.00
 1685061.631     0.999995       203938    187245.71
 1690304.511     0.999995       203939    218453.33
 1690304.511     1.000000       203939          inf
#[Mean    =   860989.311, StdDeviation   =   459061.595]
#[Max     =  1689255.936, Total count    =       203939]
#[Buckets =           27, SubBuckets     =         2048]
----------------------------------------------------------
  206180 requests in 30.00m, 2.73GB read
  Socket errors: connect 0, read 37346, write 204898, timeout 124710
  Non-2xx or 3xx responses: 1033
Requests/sec:    114.54
Transfer/sec:      1.56MB
