Running 30m test @ http://20.90.75.0:60/wrk2-api/post/compose
  2 threads and 1000 connections
  Thread calibration: mean lat.: 4447.215ms, rate sampling interval: 15482ms
  Thread calibration: mean lat.: 4374.151ms, rate sampling interval: 15073ms
  Thread Stats   Avg      Stdev     99%   +/- Stdev
    Latency    11.97m     7.76m   26.98m    58.42%
    Req/Sec    42.79     17.66    72.00     65.67%
  Latency Distribution (HdrHistogram - Recorded Latency)
 50.000%   10.37m 
 75.000%   18.94m 
 90.000%   23.35m 
 99.000%   26.98m 
 99.900%   28.59m 
 99.990%   29.17m 
 99.999%   29.36m 
100.000%   29.43m 

  Detailed Percentile spectrum:
       Value   Percentile   TotalCount 1/(1-Percentile)

    4595.711     0.000000            1         1.00
  132513.791     0.100000        15513         1.11
  256638.975     0.200000        31032         1.25
  377749.503     0.300000        46537         1.43
  499908.607     0.400000        62049         1.67
  622329.855     0.500000        77576         2.00
  716701.695     0.550000        85309         2.22
  826802.175     0.600000        93075         2.50
  935854.079     0.650000       100825         2.86
 1042284.543     0.700000       108587         3.33
 1136656.383     0.750000       116389         4.00
 1175453.695     0.775000       120255         4.44
 1214251.007     0.800000       124154         5.00
 1254096.895     0.825000       128011         5.71
 1300234.239     0.850000       131900         6.67
 1350565.887     0.875000       135732         8.00
 1375731.711     0.887500       137658         8.89
 1400897.535     0.900000       139596        10.00
 1425014.783     0.912500       141596        11.43
 1449132.031     0.925000       143510        13.33
 1473249.279     0.937500       145410        16.00
 1486880.767     0.943750       146445        17.78
 1499463.679     0.950000       147355        20.00
 1513095.167     0.956250       148322        22.86
 1526726.655     0.962500       149275        26.67
 1542455.295     0.968750       150307        32.00
 1550843.903     0.971875       150769        35.56
 1560281.087     0.975000       151255        40.00
 1569718.271     0.978125       151719        45.71
 1581252.607     0.981250       152216        53.33
 1594884.095     0.984375       152686        64.00
 1601175.551     0.985938       152920        71.11
 1608515.583     0.987500       153176        80.00
 1615855.615     0.989062       153426        91.43
 1622147.071     0.990625       153649       106.67
 1629487.103     0.992188       153894       128.00
 1633681.407     0.992969       154022       142.22
 1637875.711     0.993750       154132       160.00
 1642070.015     0.994531       154263       182.86
 1646264.319     0.995313       154370       213.33
 1652555.775     0.996094       154492       256.00
 1656750.079     0.996484       154554       284.44
 1660944.383     0.996875       154612       320.00
 1667235.839     0.997266       154676       365.71
 1674575.871     0.997656       154734       426.67
 1684013.055     0.998047       154788       512.00
 1691353.087     0.998242       154821       568.89
 1696595.967     0.998437       154850       640.00
 1702887.423     0.998633       154879       731.43
 1710227.455     0.998828       154913       853.33
 1716518.911     0.999023       154939      1024.00
 1719664.639     0.999121       154955      1137.78
 1722810.367     0.999219       154971      1280.00
 1727004.671     0.999316       154987      1462.86
 1730150.399     0.999414       155001      1706.67
 1734344.703     0.999512       155017      2048.00
 1735393.279     0.999561       155022      2275.56
 1737490.431     0.999609       155032      2560.00
 1739587.583     0.999658       155039      2925.71
 1741684.735     0.999707       155046      3413.33
 1744830.463     0.999756       155056      4096.00
 1744830.463     0.999780       155056      4551.11
 1745879.039     0.999805       155061      5120.00
 1747976.191     0.999829       155066      5851.43
 1749024.767     0.999854       155072      6826.67
 1749024.767     0.999878       155072      8192.00
 1750073.343     0.999890       155074      9102.22
 1752170.495     0.999902       155078     10240.00
 1752170.495     0.999915       155078     11702.86
 1753219.071     0.999927       155082     13653.33
 1753219.071     0.999939       155082     16384.00
 1753219.071     0.999945       155082     18204.44
 1754267.647     0.999951       155083     20480.00
 1755316.223     0.999957       155084     23405.71
 1758461.951     0.999963       155085     27306.67
 1760559.103     0.999969       155087     32768.00
 1760559.103     0.999973       155087     36408.89
 1760559.103     0.999976       155087     40960.00
 1760559.103     0.999979       155087     46811.43
 1761607.679     0.999982       155088     54613.33
 1761607.679     0.999985       155088     65536.00
 1761607.679     0.999986       155088     72817.78
 1764753.407     0.999988       155089     81920.00
 1764753.407     0.999989       155089     93622.86
 1764753.407     0.999991       155089    109226.67
 1764753.407     0.999992       155089    131072.00
 1764753.407     0.999993       155089    145635.56
 1765801.983     0.999994       155090    163840.00
 1765801.983     1.000000       155090          inf
#[Mean    =   717995.348, StdDeviation   =   465790.111]
#[Max     =  1764753.408, Total count    =       155090]
#[Buckets =           27, SubBuckets     =         2048]
----------------------------------------------------------
  156144 requests in 30.01m, 29.27MB read
  Socket errors: connect 0, read 49559, write 777872, timeout 510176
  Non-2xx or 3xx responses: 660
Requests/sec:     86.72
Transfer/sec:     16.65KB
