Running 30m test @ http://20.117.148.60:60
  2 threads and 1000 connections
  Thread calibration: mean lat.: 192.174ms, rate sampling interval: 717ms
  Thread calibration: mean lat.: 192.848ms, rate sampling interval: 729ms
  Thread Stats   Avg      Stdev     99%   +/- Stdev
    Latency     8.24s     6.28s   25.97s    65.89%
    Req/Sec     0.98k   142.99     1.22k    85.29%
  Latency Distribution (HdrHistogram - Recorded Latency)
 50.000%    7.21s 
 75.000%   12.19s 
 90.000%   16.89s 
 99.000%   25.97s 
 99.900%   35.52s 
 99.990%   44.30s 
 99.999%   50.17s 
100.000%    0.93m 

  Detailed Percentile spectrum:
       Value   Percentile   TotalCount 1/(1-Percentile)

       2.111     0.000000            1         1.00
     858.623     0.100000       350959         1.11
    2306.047     0.200000       701776         1.25
    3897.343     0.300000      1052760         1.43
    5517.311     0.400000      1403550         1.67
    7213.055     0.500000      1754933         2.00
    8105.983     0.550000      1930006         2.22
    9035.775     0.600000      2105522         2.50
   10010.623     0.650000      2280720         2.86
   11059.199     0.700000      2456005         3.33
   12189.695     0.750000      2631966         4.00
   12804.095     0.775000      2719030         4.44
   13467.647     0.800000      2807499         5.00
   14180.351     0.825000      2895231         5.71
   14958.591     0.850000      2982416         6.67
   15843.327     0.875000      3069842         8.00
   16343.039     0.887500      3113929         8.89
   16891.903     0.900000      3158546        10.00
   17481.727     0.912500      3201670        11.43
   18153.471     0.925000      3245439        13.33
   18923.519     0.937500      3289211        16.00
   19365.887     0.943750      3311426        17.78
   19841.023     0.950000      3332948        20.00
   20381.695     0.956250      3355424        22.86
   20971.519     0.962500      3377225        26.67
   21676.031     0.968750      3399001        32.00
   22069.247     0.971875      3409823        35.56
   22511.615     0.975000      3420800        40.00
   23019.519     0.978125      3431853        45.71
   23592.959     0.981250      3442711        53.33
   24264.703     0.984375      3453494        64.00
   24674.303     0.985938      3459110        71.11
   25116.671     0.987500      3464514        80.00
   25624.575     0.989062      3470002        91.43
   26214.399     0.990625      3475476       106.67
   26935.295     0.992188      3480984       128.00
   27328.511     0.992969      3483671       142.22
   27770.879     0.993750      3486457       160.00
   28295.167     0.994531      3489150       182.86
   28917.759     0.995313      3491871       213.33
   29671.423     0.996094      3494625       256.00
   30081.023     0.996484      3495957       284.44
   30556.159     0.996875      3497329       320.00
   31162.367     0.997266      3498712       365.71
   31817.727     0.997656      3500079       426.67
   32604.159     0.998047      3501449       512.00
   33046.527     0.998242      3502123       568.89
   33587.199     0.998437      3502829       640.00
   34144.255     0.998633      3503501       731.43
   34832.383     0.998828      3504177       853.33
   35618.815     0.999023      3504885      1024.00
   36044.799     0.999121      3505212      1137.78
   36601.855     0.999219      3505562      1280.00
   37191.679     0.999316      3505896      1462.86
   37781.503     0.999414      3506229      1706.67
   38633.471     0.999512      3506570      2048.00
   39092.223     0.999561      3506742      2275.56
   39583.743     0.999609      3506911      2560.00
   40042.495     0.999658      3507081      2925.71
   40632.319     0.999707      3507255      3413.33
   41451.519     0.999756      3507423      4096.00
   41910.271     0.999780      3507511      4551.11
   42369.023     0.999805      3507598      5120.00
   42795.007     0.999829      3507681      5851.43
   43253.759     0.999854      3507768      6826.67
   43843.583     0.999878      3507854      8192.00
   44138.495     0.999890      3507901      9102.22
   44367.871     0.999902      3507944     10240.00
   44662.783     0.999915      3507980     11702.86
   45121.535     0.999927      3508029     13653.33
   45547.519     0.999939      3508065     16384.00
   45776.895     0.999945      3508087     18204.44
   46071.807     0.999951      3508111     20480.00
   46497.791     0.999957      3508130     23405.71
   46825.471     0.999963      3508153     27306.67
   47185.919     0.999969      3508172     32768.00
   47480.831     0.999973      3508183     36408.89
   47775.743     0.999976      3508196     40960.00
   48168.959     0.999979      3508205     46811.43
   48529.407     0.999982      3508216     54613.33
   49250.303     0.999985      3508226     65536.00
   49545.215     0.999986      3508231     72817.78
   49807.359     0.999988      3508238     81920.00
   49971.199     0.999989      3508243     93622.86
   50495.487     0.999991      3508247    109226.67
   50757.631     0.999992      3508253    131072.00
   50790.399     0.999993      3508255    145635.56
   51380.223     0.999994      3508258    163840.00
   51609.599     0.999995      3508261    187245.71
   51675.135     0.999995      3508263    218453.33
   53477.375     0.999996      3508266    262144.00
   53673.983     0.999997      3508267    291271.11
   54099.967     0.999997      3508269    327680.00
   54132.735     0.999997      3508270    374491.43
   54591.487     0.999998      3508271    436906.67
   55148.543     0.999998      3508273    524288.00
   55148.543     0.999998      3508273    582542.22
   55279.615     0.999998      3508274    655360.00
   55443.455     0.999999      3508276    748982.86
   55443.455     0.999999      3508276    873813.33
   55443.455     0.999999      3508276   1048576.00
   55443.455     0.999999      3508276   1165084.44
   55934.975     0.999999      3508277   1310720.00
   55934.975     0.999999      3508277   1497965.71
   55934.975     0.999999      3508277   1747626.67
   55967.743     1.000000      3508278   2097152.00
   55967.743     1.000000      3508278   2330168.89
   55967.743     1.000000      3508278   2621440.00
   55967.743     1.000000      3508278   2995931.43
   55967.743     1.000000      3508278   3495253.33
   56000.511     1.000000      3508279   4194304.00
   56000.511     1.000000      3508279          inf
#[Mean    =     8240.172, StdDeviation   =     6280.114]
#[Max     =    55967.744, Total count    =      3508279]
#[Buckets =           27, SubBuckets     =         2048]
----------------------------------------------------------
  3526734 requests in 30.00m, 1.60GB read
  Socket errors: connect 0, read 113, write 1563, timeout 16340
  Non-2xx or 3xx responses: 4
Requests/sec:   1959.10
Transfer/sec:      0.91MB
