Running 30m test @ http://20.108.185.199:60/wrk2-api/home-timeline/read
  2 threads and 1000 connections
  Thread calibration: mean lat.: 3662.524ms, rate sampling interval: 14000ms
  Thread calibration: mean lat.: 3657.508ms, rate sampling interval: 14262ms
  Thread Stats   Avg      Stdev     99%   +/- Stdev
    Latency    16.48m     7.82m   28.24m    62.16%
    Req/Sec    33.35     11.96    51.00     63.49%
  Latency Distribution (HdrHistogram - Recorded Latency)
 50.000%   18.09m 
 75.000%   22.77m 
 90.000%   25.85m 
 99.000%   28.24m 
 99.900%   29.36m 
 99.990%   29.67m 
 99.999%   29.87m 
100.000%   29.88m 

  Detailed Percentile spectrum:
       Value   Percentile   TotalCount 1/(1-Percentile)

    6053.887     0.000000            1         1.00
  236847.103     0.100000        12144         1.11
  502530.047     0.200000        24282         1.25
  770703.359     0.300000        36431         1.43
  958922.751     0.400000        48599         1.67
 1085276.159     0.500000        60779         2.00
 1141899.263     0.550000        66876         2.22
 1196425.215     0.600000        72874         2.50
 1251999.743     0.650000        78990         2.86
 1308622.847     0.700000        85054         3.33
 1366294.527     0.750000        91071         4.00
 1396703.231     0.775000        94147         4.44
 1425014.783     0.800000        97169         5.00
 1454374.911     0.825000       100157         5.71
 1486880.767     0.850000       103294         6.67
 1519386.623     0.875000       106299         8.00
 1535115.263     0.887500       107767         8.89
 1550843.903     0.900000       109268        10.00
 1567621.119     0.912500       110859        11.43
 1583349.759     0.925000       112379        13.33
 1601175.551     0.937500       113868        16.00
 1609564.159     0.943750       114599        17.78
 1619001.343     0.950000       115349        20.00
 1629487.103     0.956250       116123        22.86
 1641021.439     0.962500       116914        26.67
 1651507.199     0.968750       117643        32.00
 1656750.079     0.971875       118006        35.56
 1663041.535     0.975000       118429        40.00
 1668284.415     0.978125       118770        45.71
 1674575.871     0.981250       119190        53.33
 1680867.327     0.984375       119566        64.00
 1684013.055     0.985938       119718        71.11
 1687158.783     0.987500       119909        80.00
 1691353.087     0.989062       120095        91.43
 1696595.967     0.990625       120264       106.67
 1702887.423     0.992188       120464       128.00
 1706033.151     0.992969       120551       142.22
 1711276.031     0.993750       120652       160.00
 1715470.335     0.994531       120745       182.86
 1721761.791     0.995313       120839       213.33
 1728053.247     0.996094       120934       256.00
 1731198.975     0.996484       120982       284.44
 1735393.279     0.996875       121026       320.00
 1738539.007     0.997266       121077       365.71
 1744830.463     0.997656       121125       426.67
 1749024.767     0.998047       121173       512.00
 1752170.495     0.998242       121191       568.89
 1754267.647     0.998437       121216       640.00
 1757413.375     0.998633       121244       731.43
 1759510.527     0.998828       121268       853.33
 1761607.679     0.999023       121286      1024.00
 1762656.255     0.999121       121296      1137.78
 1764753.407     0.999219       121312      1280.00
 1765801.983     0.999316       121323      1462.86
 1766850.559     0.999414       121335      1706.67
 1767899.135     0.999512       121345      2048.00
 1769996.287     0.999561       121355      2275.56
 1769996.287     0.999609       121355      2560.00
 1771044.863     0.999658       121362      2925.71
 1772093.439     0.999707       121370      3413.33
 1773142.015     0.999756       121375      4096.00
 1774190.591     0.999780       121380      4551.11
 1774190.591     0.999805       121380      5120.00
 1775239.167     0.999829       121383      5851.43
 1776287.743     0.999854       121385      6826.67
 1777336.319     0.999878       121388      8192.00
 1778384.895     0.999890       121389      9102.22
 1783627.775     0.999902       121393     10240.00
 1783627.775     0.999915       121393     11702.86
 1785724.927     0.999927       121395     13653.33
 1785724.927     0.999939       121395     16384.00
 1786773.503     0.999945       121396     18204.44
 1787822.079     0.999951       121397     20480.00
 1787822.079     0.999957       121397     23405.71
 1788870.655     0.999963       121398     27306.67
 1790967.807     0.999969       121399     32768.00
 1790967.807     0.999973       121399     36408.89
 1792016.383     0.999976       121401     40960.00
 1792016.383     0.999979       121401     46811.43
 1792016.383     0.999982       121401     54613.33
 1792016.383     0.999985       121401     65536.00
 1792016.383     0.999986       121401     72817.78
 1792016.383     0.999988       121401     81920.00
 1792016.383     0.999989       121401     93622.86
 1792016.383     0.999991       121401    109226.67
 1793064.959     0.999992       121402    131072.00
 1793064.959     1.000000       121402          inf
#[Mean    =   988934.050, StdDeviation   =   468934.460]
#[Max     =  1792016.384, Total count    =       121402]
#[Buckets =           27, SubBuckets     =         2048]
----------------------------------------------------------
  122182 requests in 30.00m, 1.55GB read
  Socket errors: connect 0, read 81787, write 656182, timeout 150361
  Non-2xx or 3xx responses: 4608
Requests/sec:     67.88
Transfer/sec:      0.88MB
