Running 30m test @ http://20.108.185.199:60/wrk2-api/post/compose
  2 threads and 1000 connections
  Thread calibration: mean lat.: 4723.995ms, rate sampling interval: 15761ms
  Thread calibration: mean lat.: 4599.768ms, rate sampling interval: 15269ms
  Thread Stats   Avg      Stdev     99%   +/- Stdev
    Latency     6.98m     4.36m   16.55m    60.78%
    Req/Sec     9.80      8.96    24.00     86.84%
  Latency Distribution (HdrHistogram - Recorded Latency)
 50.000%    6.82m 
 75.000%   10.41m 
 90.000%   12.86m 
 99.000%   16.55m 
 99.900%   23.28m 
 99.990%   25.57m 
 99.999%   25.76m 
100.000%   25.76m 

  Detailed Percentile spectrum:
       Value   Percentile   TotalCount 1/(1-Percentile)

    5558.271     0.000000            1         1.00
   74579.967     0.100000         3608         1.11
  152043.519     0.200000         7212         1.25
  233439.231     0.300000        10822         1.43
  317194.239     0.400000        14428         1.67
  409206.783     0.500000        18033         2.00
  455344.127     0.550000        19832         2.22
  496238.591     0.600000        21636         2.50
  540016.639     0.650000        23456         2.86
  581435.391     0.700000        25249         3.33
  624427.007     0.750000        27037         4.00
  646447.103     0.775000        27947         4.44
  668991.487     0.800000        28852         5.00
  691011.583     0.825000        29750         5.71
  714604.543     0.850000        30641         6.67
  741343.231     0.875000        31545         8.00
  756023.295     0.887500        32001         8.89
  771751.935     0.900000        32457        10.00
  786956.287     0.912500        32908        11.43
  803733.503     0.925000        33354        13.33
  822083.583     0.937500        33803        16.00
  833617.919     0.943750        34021        17.78
  844627.967     0.950000        34257        20.00
  857210.879     0.956250        34472        22.86
  870842.367     0.962500        34700        26.67
  886571.007     0.968750        34924        32.00
  897581.055     0.971875        35038        35.56
  910163.967     0.975000        35148        40.00
  922222.591     0.978125        35261        45.71
  936902.655     0.981250        35373        53.33
  952107.007     0.984375        35487        64.00
  962068.479     0.985938        35543        71.11
  973078.527     0.987500        35598        80.00
  984612.863     0.989062        35656        91.43
  997195.775     0.990625        35713       106.67
 1011875.839     0.992188        35767       128.00
 1023410.175     0.992969        35797       142.22
 1032323.071     0.993750        35824       160.00
 1041760.255     0.994531        35852       182.86
 1060110.335     0.995313        35882       213.33
 1071120.383     0.996094        35909       256.00
 1083179.007     0.996484        35924       284.44
 1091567.615     0.996875        35936       320.00
 1148190.719     0.997266        35950       365.71
 1179647.999     0.997656        35964       426.67
 1259339.775     0.998047        35979       512.00
 1269825.535     0.998242        35985       568.89
 1285554.175     0.998437        35992       640.00
 1319108.607     0.998633        35999       731.43
 1363148.799     0.998828        36008       853.33
 1406140.415     0.999023        36013      1024.00
 1411383.295     0.999121        36017      1137.78
 1433403.391     0.999219        36020      1280.00
 1445986.303     0.999316        36024      1462.86
 1465909.247     0.999414        36027      1706.67
 1480589.311     0.999512        36032      2048.00
 1481637.887     0.999561        36034      2275.56
 1481637.887     0.999609        36034      2560.00
 1507852.287     0.999658        36036      2925.71
 1520435.199     0.999707        36039      3413.33
 1521483.775     0.999756        36040      4096.00
 1533018.111     0.999780        36041      4551.11
 1533018.111     0.999805        36041      5120.00
 1534066.687     0.999829        36045      5851.43
 1534066.687     0.999854        36045      6826.67
 1534066.687     0.999878        36045      8192.00
 1534066.687     0.999890        36045      9102.22
 1534066.687     0.999902        36045     10240.00
 1534066.687     0.999915        36045     11702.86
 1535115.263     0.999927        36047     13653.33
 1535115.263     0.999939        36047     16384.00
 1535115.263     0.999945        36047     18204.44
 1535115.263     0.999951        36047     20480.00
 1535115.263     0.999957        36047     23405.71
 1535115.263     0.999963        36047     27306.67
 1535115.263     0.999969        36047     32768.00
 1545601.023     0.999973        36048     36408.89
 1545601.023     1.000000        36048          inf
#[Mean    =   419061.209, StdDeviation   =   261552.367]
#[Max     =  1544552.448, Total count    =        36048]
#[Buckets =           27, SubBuckets     =         2048]
----------------------------------------------------------
  36583 requests in 30.01m, 6.97MB read
  Socket errors: connect 0, read 912, write 1363947, timeout 171615
  Non-2xx or 3xx responses: 866
Requests/sec:     20.32
Transfer/sec:      3.97KB
