Running 60m test @ http://20.117.102.119:60/wrk2-api/home-timeline/read
  2 threads and 1000 connections
  Thread calibration: mean lat.: 925.879ms, rate sampling interval: 5050ms
  Thread calibration: mean lat.: 949.959ms, rate sampling interval: 5259ms
  Thread Stats   Avg      Stdev     99%   +/- Stdev
    Latency    20.63m     9.92m   38.13m    61.67%
    Req/Sec   190.54     37.89   257.00     79.74%
  Latency Distribution (HdrHistogram - Recorded Latency)
 50.000%   21.04m 
 75.000%   28.92m 
 90.000%   33.87m 
 99.000%   38.13m 
 99.900%   39.95m 
 99.990%   40.93m 
 99.999%   41.56m 
100.000%   41.94m 

  Detailed Percentile spectrum:
       Value   Percentile   TotalCount 1/(1-Percentile)

    1347.583     0.000000            1         1.00
  389283.839     0.100000       137183         1.11
  669515.775     0.200000       274416         1.25
  867696.639     0.300000       411424         1.43
 1064304.639     0.400000       548616         1.67
 1262485.503     0.500000       686085         2.00
 1354760.191     0.550000       754350         2.22
 1449132.031     0.600000       823210         2.50
 1543503.871     0.650000       891394         2.86
 1639972.863     0.700000       960448         3.33
 1735393.279     0.750000      1028654         4.00
 1782579.199     0.775000      1062739         4.44
 1830813.695     0.800000      1097057         5.00
 1880096.767     0.825000      1131873         5.71
 1929379.839     0.850000      1166242         6.67
 1979711.487     0.875000      1200260         8.00
 2004877.311     0.887500      1217067         8.89
 2032140.287     0.900000      1234679        10.00
 2058354.687     0.912500      1251324        11.43
 2086666.239     0.925000      1268523        13.33
 2114977.791     0.937500      1285591        16.00
 2130706.431     0.943750      1294430        17.78
 2146435.071     0.950000      1302856        20.00
 2164260.863     0.956250      1311989        22.86
 2181038.079     0.962500      1320157        26.67
 2199912.447     0.968750      1329000        32.00
 2208301.055     0.971875      1332703        35.56
 2218786.815     0.975000      1336955        40.00
 2231369.727     0.978125      1341672        45.71
 2243952.639     0.981250      1345968        53.33
 2256535.551     0.984375      1349950        64.00
 2264924.159     0.985938      1352227        71.11
 2273312.767     0.987500      1354293        80.00
 2281701.375     0.989062      1356356        91.43
 2292187.135     0.990625      1358594       106.67
 2302672.895     0.992188      1360560       128.00
 2308964.351     0.992969      1361581       142.22
 2315255.807     0.993750      1362680       160.00
 2323644.415     0.994531      1363861       182.86
 2332033.023     0.995313      1364939       213.33
 2340421.631     0.996094      1366008       256.00
 2344615.935     0.996484      1366443       284.44
 2350907.391     0.996875      1367121       320.00
 2355101.695     0.997266      1367489       365.71
 2363490.303     0.997656      1368164       426.67
 2369781.759     0.998047      1368580       512.00
 2373976.063     0.998242      1368809       568.89
 2380267.519     0.998437      1369183       640.00
 2384461.823     0.998633      1369382       731.43
 2390753.279     0.998828      1369638       853.33
 2397044.735     0.999023      1369901      1024.00
 2401239.039     0.999121      1370067      1137.78
 2403336.191     0.999219      1370139      1280.00
 2407530.495     0.999316      1370304      1462.86
 2411724.799     0.999414      1370414      1706.67
 2415919.103     0.999512      1370538      2048.00
 2420113.407     0.999561      1370645      2275.56
 2422210.559     0.999609      1370692      2560.00
 2426404.863     0.999658      1370764      2925.71
 2430599.167     0.999707      1370825      3413.33
 2434793.471     0.999756      1370879      4096.00
 2436890.623     0.999780      1370906      4551.11
 2441084.927     0.999805      1370956      5120.00
 2443182.079     0.999829      1370975      5851.43
 2447376.383     0.999854      1371012      6826.67
 2451570.687     0.999878      1371046      8192.00
 2453667.839     0.999890      1371063      9102.22
 2455764.991     0.999902      1371074     10240.00
 2457862.143     0.999915      1371090     11702.86
 2462056.447     0.999927      1371107     13653.33
 2464153.599     0.999939      1371124     16384.00
 2466250.751     0.999945      1371133     18204.44
 2468347.903     0.999951      1371144     20480.00
 2470445.055     0.999957      1371150     23405.71
 2474639.359     0.999963      1371157     27306.67
 2480930.815     0.999969      1371167     32768.00
 2483027.967     0.999973      1371178     36408.89
 2483027.967     0.999976      1371178     40960.00
 2483027.967     0.999979      1371178     46811.43
 2485125.119     0.999982      1371180     54613.33
 2487222.271     0.999985      1371188     65536.00
 2487222.271     0.999986      1371188     72817.78
 2491416.575     0.999988      1371190     81920.00
 2493513.727     0.999989      1371192     93622.86
 2495610.879     0.999991      1371193    109226.67
 2499805.183     0.999992      1371196    131072.00
 2499805.183     0.999993      1371196    145635.56
 2501902.335     0.999994      1371198    163840.00
 2501902.335     0.999995      1371198    187245.71
 2503999.487     0.999995      1371199    218453.33
 2510290.943     0.999996      1371200    262144.00
 2512388.095     0.999997      1371202    291271.11
 2512388.095     0.999997      1371202    327680.00
 2512388.095     0.999997      1371202    374491.43
 2512388.095     0.999998      1371202    436906.67
 2514485.247     0.999998      1371204    524288.00
 2514485.247     0.999998      1371204    582542.22
 2514485.247     0.999998      1371204    655360.00
 2514485.247     0.999999      1371204    748982.86
 2514485.247     0.999999      1371204    873813.33
 2514485.247     0.999999      1371204   1048576.00
 2514485.247     0.999999      1371204   1165084.44
 2514485.247     0.999999      1371204   1310720.00
 2516582.399     0.999999      1371205   1497965.71
 2516582.399     1.000000      1371205          inf
#[Mean    =  1237968.606, StdDeviation   =   595221.434]
#[Max     =  2514485.248, Total count    =      1371205]
#[Buckets =           27, SubBuckets     =         2048]
----------------------------------------------------------
  1376802 requests in 60.00m, 16.97GB read
  Socket errors: connect 0, read 450, write 2861, timeout 243959
  Non-2xx or 3xx responses: 80830
Requests/sec:    382.44
Transfer/sec:      4.83MB
