Running 30m test @ http://20.108.188.64:60/wrk2-api/post/compose
  2 threads and 1000 connections
  Thread calibration: mean lat.: 4042.353ms, rate sampling interval: 15106ms
  Thread calibration: mean lat.: 5297.205ms, rate sampling interval: 15949ms
  Thread Stats   Avg      Stdev     99%   +/- Stdev
    Latency     7.54m     4.83m   22.42m    65.68%
    Req/Sec    11.75     10.69    29.00     52.63%
  Latency Distribution (HdrHistogram - Recorded Latency)
 50.000%    7.19m 
 75.000%   10.89m 
 90.000%   13.48m 
 99.000%   22.42m 
 99.900%   26.41m 
 99.990%   28.22m 
 99.999%   28.35m 
100.000%   28.35m 

  Detailed Percentile spectrum:
       Value   Percentile   TotalCount 1/(1-Percentile)

    6709.247     0.000000            1         1.00
   87228.415     0.100000         4365         1.11
  173146.111     0.200000         8730         1.25
  259260.415     0.300000        13087         1.43
  345767.935     0.400000        17459         1.67
  431226.879     0.500000        21813         2.00
  474480.639     0.550000        23990         2.22
  519831.551     0.600000        26188         2.50
  564658.175     0.650000        28352         2.86
  609746.943     0.700000        30534         3.33
  653262.847     0.750000        32727         4.00
  674758.655     0.775000        33810         4.44
  699400.191     0.800000        34899         5.00
  722993.151     0.825000        35995         5.71
  747634.687     0.850000        37075         6.67
  777519.103     0.875000        38179         8.00
  792723.455     0.887500        38721         8.89
  808976.383     0.900000        39259        10.00
  827850.751     0.912500        39811        11.43
  849346.559     0.925000        40360        13.33
  872939.519     0.937500        40892        16.00
  888143.871     0.943750        41167        17.78
  908066.815     0.950000        41441        20.00
  931135.487     0.956250        41713        22.86
  964689.919     0.962500        41984        26.67
 1012400.127     0.968750        42254        32.00
 1061683.199     0.971875        42391        35.56
 1099956.223     0.975000        42528        40.00
 1140850.687     0.978125        42666        45.71
 1190133.759     0.981250        42801        53.33
 1241513.983     0.984375        42940        64.00
 1270874.111     0.985938        43004        71.11
 1296039.935     0.987500        43072        80.00
 1331691.519     0.989062        43141        91.43
 1355808.767     0.990625        43212       106.67
 1380974.591     0.992188        43277       128.00
 1395654.655     0.992969        43311       142.22
 1414529.023     0.993750        43345       160.00
 1437597.695     0.994531        43379       182.86
 1454374.911     0.995313        43413       213.33
 1474297.855     0.996094        43448       256.00
 1491075.071     0.996484        43464       284.44
 1508900.863     0.996875        43481       320.00
 1521483.775     0.997266        43498       365.71
 1539309.567     0.997656        43518       426.67
 1550843.903     0.998047        43535       512.00
 1555038.207     0.998242        43541       568.89
 1558183.935     0.998437        43549       640.00
 1564475.391     0.998633        43558       731.43
 1574961.151     0.998828        43567       853.33
 1585446.911     0.999023        43576      1024.00
 1589641.215     0.999121        43579      1137.78
 1600126.975     0.999219        43585      1280.00
 1601175.551     0.999316        43588      1462.86
 1623195.647     0.999414        43592      1706.67
 1634729.983     0.999512        43596      2048.00
 1643118.591     0.999561        43598      2275.56
 1653604.351     0.999609        43602      2560.00
 1655701.503     0.999658        43603      2925.71
 1667235.839     0.999707        43605      3413.33
 1671430.143     0.999756        43607      4096.00
 1677721.599     0.999780        43608      4551.11
 1679818.751     0.999805        43610      5120.00
 1679818.751     0.999829        43610      5851.43
 1687158.783     0.999854        43611      6826.67
 1690304.511     0.999878        43612      8192.00
 1693450.239     0.999890        43613      9102.22
 1693450.239     0.999902        43613     10240.00
 1695547.391     0.999915        43615     11702.86
 1695547.391     0.999927        43615     13653.33
 1695547.391     0.999939        43615     16384.00
 1695547.391     0.999945        43615     18204.44
 1695547.391     0.999951        43615     20480.00
 1696595.967     0.999957        43616     23405.71
 1696595.967     0.999963        43616     27306.67
 1696595.967     0.999969        43616     32768.00
 1696595.967     0.999973        43616     36408.89
 1696595.967     0.999976        43616     40960.00
 1700790.271     0.999979        43617     46811.43
 1700790.271     1.000000        43617          inf
#[Mean    =   452436.461, StdDeviation   =   289894.036]
#[Max     =  1699741.696, Total count    =        43617]
#[Buckets =           27, SubBuckets     =         2048]
----------------------------------------------------------
  44141 requests in 30.02m, 8.32MB read
  Socket errors: connect 0, read 14496, write 1424367, timeout 208254
  Non-2xx or 3xx responses: 451
Requests/sec:     24.50
Transfer/sec:      4.73KB
