Running 30m test @ http://20.117.87.226:60
  2 threads and 1000 connections
  Thread calibration: mean lat.: 20.022ms, rate sampling interval: 111ms
  Thread calibration: mean lat.: 20.706ms, rate sampling interval: 92ms
  Thread Stats   Avg      Stdev     99%   +/- Stdev
    Latency     4.91m     4.45m   19.15m    69.80%
    Req/Sec     2.67      5.06    21.00     81.34%
  Latency Distribution (HdrHistogram - Recorded Latency)
 50.000%    4.07m 
 75.000%    7.35m 
 90.000%   10.76m 
 99.000%   19.15m 
 99.900%   24.38m 
 99.990%   26.44m 
 99.999%   26.86m 
100.000%   26.86m 

  Detailed Percentile spectrum:
       Value   Percentile   TotalCount 1/(1-Percentile)

       2.525     0.000000            1         1.00
    6066.175     0.100000         1000         1.11
   44826.623     0.200000         2000         1.25
  100990.975     0.300000         2999         1.43
  175505.407     0.400000         4000         1.67
  243924.991     0.500000         4997         2.00
  278396.927     0.550000         5501         2.22
  312999.935     0.600000         6002         2.50
  354680.831     0.650000         6497         2.86
  394002.431     0.700000         6996         3.33
  440926.207     0.750000         7497         4.00
  465305.599     0.775000         7750         4.44
  490471.423     0.800000         7996         5.00
  519569.407     0.825000         8246         5.71
  556793.855     0.850000         8495         6.67
  594542.591     0.875000         8747         8.00
  617611.263     0.887500         8870         8.89
  645398.527     0.900000         8997        10.00
  671612.927     0.912500         9120        11.43
  706740.223     0.925000         9245        13.33
  746061.823     0.937500         9374        16.00
  772276.223     0.943750         9432        17.78
  805306.367     0.950000         9495        20.00
  839909.375     0.956250         9557        22.86
  886046.719     0.962500         9620        26.67
  947388.415     0.968750         9682        32.00
  963641.343     0.971875         9715        35.56
  984088.575     0.975000         9746        40.00
 1006108.671     0.978125         9776        45.71
 1033895.935     0.981250         9809        53.33
 1064304.639     0.984375         9838        64.00
 1078984.703     0.985938         9854        71.11
 1095761.919     0.987500         9870        80.00
 1123024.895     0.989062         9885        91.43
 1173356.543     0.990625         9901       106.67
 1233125.375     0.992188         9916       128.00
 1280311.295     0.992969         9926       142.22
 1296039.935     0.993750         9932       160.00
 1318060.031     0.994531         9940       182.86
 1341128.703     0.995313         9949       213.33
 1354760.191     0.996094         9955       256.00
 1369440.255     0.996484         9959       284.44
 1386217.471     0.996875         9963       320.00
 1406140.415     0.997266         9967       365.71
 1415577.599     0.997656         9971       426.67
 1428160.511     0.998047         9975       512.00
 1436549.119     0.998242         9977       568.89
 1447034.879     0.998437         9981       640.00
 1447034.879     0.998633         9981       731.43
 1456472.063     0.998828         9983       853.33
 1464860.671     0.999023         9985      1024.00
 1471152.127     0.999121         9986      1137.78
 1500512.255     0.999219         9987      1280.00
 1525678.079     0.999316         9988      1462.86
 1530920.959     0.999414         9989      1706.67
 1533018.111     0.999512         9990      2048.00
 1533018.111     0.999561         9990      2275.56
 1570766.847     0.999609         9991      2560.00
 1570766.847     0.999658         9991      2925.71
 1578106.879     0.999707         9992      3413.33
 1578106.879     0.999756         9992      4096.00
 1578106.879     0.999780         9992      4551.11
 1586495.487     0.999805         9993      5120.00
 1586495.487     0.999829         9993      5851.43
 1586495.487     0.999854         9993      6826.67
 1586495.487     0.999878         9993      8192.00
 1586495.487     0.999890         9993      9102.22
 1611661.311     0.999902         9994     10240.00
 1611661.311     1.000000         9994          inf
#[Mean    =   294450.945, StdDeviation   =   267078.786]
#[Max     =  1610612.736, Total count    =         9994]
#[Buckets =           27, SubBuckets     =         2048]
----------------------------------------------------------
  10082 requests in 30.02m, 4.73MB read
  Socket errors: connect 0, read 0, write 4969, timeout 881373
Requests/sec:      5.60
Transfer/sec:      2.69KB
