Running 60m test @ http://51.140.177.44:60
  2 threads and 1000 connections
  Thread calibration: mean lat.: 4659.752ms, rate sampling interval: 15007ms
  Thread calibration: mean lat.: 4545.336ms, rate sampling interval: 14827ms
  Thread Stats   Avg      Stdev     99%   +/- Stdev
    Latency    23.03m    11.52m   44.39m    61.13%
    Req/Sec   282.44     50.75   355.00     78.79%
  Latency Distribution (HdrHistogram - Recorded Latency)
 50.000%   22.98m 
 75.000%   32.56m 
 90.000%   38.69m 
 99.000%   44.39m 
 99.900%   46.84m 
 99.990%   48.51m 
 99.999%   49.77m 
100.000%   50.02m 

  Detailed Percentile spectrum:
       Value   Percentile   TotalCount 1/(1-Percentile)

     522.751     0.000000            1         1.00
  454819.839     0.100000       203166         1.11
  709361.663     0.200000       406741         1.25
  934281.215     0.300000       609508         1.43
 1157627.903     0.400000       812799         1.67
 1378877.439     0.500000      1016255         2.00
 1495269.375     0.550000      1117716         2.22
 1609564.159     0.600000      1219786         2.50
 1722810.367     0.650000      1320921         2.86
 1833959.423     0.700000      1422566         3.33
 1953497.087     0.750000      1523586         4.00
 2014314.495     0.775000      1574820         4.44
 2069889.023     0.800000      1625737         5.00
 2132803.583     0.825000      1676006         5.71
 2197815.295     0.850000      1726753         6.67
 2260729.855     0.875000      1777539         8.00
 2290089.983     0.887500      1803209         8.89
 2321547.263     0.900000      1829090        10.00
 2355101.695     0.912500      1853769        11.43
 2390753.279     0.925000      1879131        13.33
 2426404.863     0.937500      1905108        16.00
 2447376.383     0.943750      1917040        17.78
 2468347.903     0.950000      1930184        20.00
 2489319.423     0.956250      1942942        22.86
 2512388.095     0.962500      1955746        26.67
 2537553.919     0.968750      1968283        32.00
 2552233.983     0.971875      1974606        35.56
 2566914.047     0.975000      1980752        40.00
 2583691.263     0.978125      1987471        45.71
 2600468.479     0.981250      1993475        53.33
 2615148.543     0.984375      1999584        64.00
 2625634.303     0.985938      2002771        71.11
 2642411.519     0.987500      2006181        80.00
 2654994.431     0.989062      2009286        91.43
 2669674.495     0.990625      2012721       106.67
 2684354.559     0.992188      2015605       128.00
 2694840.319     0.992969      2017097       142.22
 2705326.079     0.993750      2018669       160.00
 2715811.839     0.994531      2020402       182.86
 2726297.599     0.995313      2021770       213.33
 2736783.359     0.996094      2023465       256.00
 2745171.967     0.996484      2024343       284.44
 2751463.423     0.996875      2025052       320.00
 2759852.031     0.997266      2025751       365.71
 2768240.639     0.997656      2026498       426.67
 2778726.399     0.998047      2027394       512.00
 2782920.703     0.998242      2027676       568.89
 2789212.159     0.998437      2028076       640.00
 2795503.615     0.998633      2028622       731.43
 2801795.071     0.998828      2028883       853.33
 2812280.831     0.999023      2029305      1024.00
 2818572.287     0.999121      2029507      1137.78
 2824863.743     0.999219      2029677      1280.00
 2833252.351     0.999316      2029866      1462.86
 2839543.807     0.999414      2030115      1706.67
 2847932.415     0.999512      2030291      2048.00
 2850029.567     0.999561      2030349      2275.56
 2856321.023     0.999609      2030452      2560.00
 2862612.479     0.999658      2030550      2925.71
 2875195.391     0.999707      2030655      3413.33
 2881486.847     0.999756      2030752      4096.00
 2885681.151     0.999780      2030795      4551.11
 2894069.759     0.999805      2030849      5120.00
 2902458.367     0.999829      2030912      5851.43
 2904555.519     0.999854      2030947      6826.67
 2908749.823     0.999878      2031002      8192.00
 2910846.975     0.999890      2031038      9102.22
 2910846.975     0.999902      2031038     10240.00
 2917138.431     0.999915      2031070     11702.86
 2921332.735     0.999927      2031087     13653.33
 2940207.103     0.999939      2031114     16384.00
 2944401.407     0.999945      2031128     18204.44
 2952790.015     0.999951      2031138     20480.00
 2956984.319     0.999957      2031151     23405.71
 2963275.775     0.999963      2031165     27306.67
 2969567.231     0.999969      2031177     32768.00
 2971664.383     0.999973      2031191     36408.89
 2971664.383     0.999976      2031191     40960.00
 2973761.535     0.999979      2031199     46811.43
 2973761.535     0.999982      2031199     54613.33
 2982150.143     0.999985      2031206     65536.00
 2984247.295     0.999986      2031212     72817.78
 2984247.295     0.999988      2031212     81920.00
 2986344.447     0.999989      2031219     93622.86
 2986344.447     0.999991      2031219    109226.67
 2996830.207     0.999992      2031223    131072.00
 2996830.207     0.999993      2031223    145635.56
 2996830.207     0.999994      2031223    163840.00
 2998927.359     0.999995      2031233    187245.71
 2998927.359     0.999995      2031233    218453.33
 2998927.359     0.999996      2031233    262144.00
 2998927.359     0.999997      2031233    291271.11
 2998927.359     0.999997      2031233    327680.00
 2998927.359     0.999997      2031233    374491.43
 2998927.359     0.999998      2031233    436906.67
 2998927.359     0.999998      2031233    524288.00
 2998927.359     0.999998      2031233    582542.22
 2998927.359     0.999998      2031233    655360.00
 2998927.359     0.999999      2031233    748982.86
 2998927.359     0.999999      2031233    873813.33
 3001024.511     0.999999      2031235   1048576.00
 3001024.511     1.000000      2031235          inf
#[Mean    =  1381829.141, StdDeviation   =   691410.498]
#[Max     =  2998927.360, Total count    =      2031235]
#[Buckets =           27, SubBuckets     =         2048]
----------------------------------------------------------
  2034064 requests in 60.00m, 0.91GB read
  Socket errors: connect 0, read 80, write 499, timeout 33370
  Non-2xx or 3xx responses: 143559
Requests/sec:    565.02
Transfer/sec:    264.17KB
