Running 60m test @ http://20.117.88.226:60/wrk2-api/home-timeline/read
  2 threads and 1000 connections
  Thread calibration: mean lat.: 144.924ms, rate sampling interval: 727ms
  Thread calibration: mean lat.: 150.125ms, rate sampling interval: 758ms
  Thread Stats   Avg      Stdev     99%   +/- Stdev
    Latency     8.02m     3.70m   15.83m    66.91%
    Req/Sec   385.29     63.72   500.00     70.52%
  Latency Distribution (HdrHistogram - Recorded Latency)
 50.000%    8.13m 
 75.000%   10.65m 
 90.000%   12.81m 
 99.000%   15.83m 
 99.900%   17.91m 
 99.990%   18.91m 
 99.999%   19.49m 
100.000%   19.89m 

  Detailed Percentile spectrum:
       Value   Percentile   TotalCount 1/(1-Percentile)

       4.791     0.000000            1         1.00
  163839.999     0.100000       276898         1.11
  295174.143     0.200000       553985         1.25
  370671.615     0.300000       831079         1.43
  431751.167     0.400000      1107686         1.67
  487849.983     0.500000      1383759         2.00
  516161.535     0.550000      1522591         2.22
  544210.943     0.600000      1662550         2.50
  574095.359     0.650000      1799274         2.86
  605552.639     0.700000      1938582         3.33
  639107.071     0.750000      2075887         4.00
  657981.439     0.775000      2145803         4.44
  676331.519     0.800000      2214275         5.00
  696254.463     0.825000      2283482         5.71
  718274.559     0.850000      2353701         6.67
  741867.519     0.875000      2422778         8.00
  754450.431     0.887500      2457252         8.89
  768606.207     0.900000      2491159        10.00
  783286.271     0.912500      2525628        11.43
  798490.623     0.925000      2560119        13.33
  815267.839     0.937500      2595098        16.00
  824705.023     0.943750      2612075        17.78
  835715.071     0.950000      2629408        20.00
  847249.407     0.956250      2646976        22.86
  859832.319     0.962500      2664234        26.67
  873988.095     0.968750      2681310        32.00
  881328.127     0.971875      2690105        35.56
  888668.159     0.975000      2698455        40.00
  897056.767     0.978125      2706995        45.71
  907542.527     0.981250      2715662        53.33
  919601.151     0.984375      2724371        64.00
  926941.183     0.985938      2728813        71.11
  933756.927     0.987500      2732899        80.00
  943194.111     0.989062      2737292        91.43
  954728.447     0.990625      2741684       106.67
  966262.783     0.992188      2745874       128.00
  973078.527     0.992969      2748039       142.22
  979894.271     0.993750      2750352       160.00
  986710.015     0.994531      2752403       182.86
  995098.623     0.995313      2754576       213.33
 1005060.095     0.996094      2756700       256.00
 1010827.263     0.996484      2757804       284.44
 1017118.719     0.996875      2758889       320.00
 1025507.327     0.997266      2759940       365.71
 1034420.223     0.997656      2760996       426.67
 1044381.695     0.998047      2762115       512.00
 1049100.287     0.998242      2762659       568.89
 1054867.455     0.998437      2763182       640.00
 1060634.623     0.998633      2763707       731.43
 1066926.079     0.998828      2764249       853.33
 1074790.399     0.999023      2764803      1024.00
 1078984.703     0.999121      2765109      1137.78
 1082130.431     0.999219      2765316      1280.00
 1086324.735     0.999316      2765592      1462.86
 1092616.191     0.999414      2765876      1706.67
 1098907.647     0.999512      2766153      2048.00
 1102053.375     0.999561      2766289      2275.56
 1105199.103     0.999609      2766420      2560.00
 1108344.831     0.999658      2766548      2925.71
 1111490.559     0.999707      2766672      3413.33
 1114636.287     0.999756      2766803      4096.00
 1118830.591     0.999780      2766885      4551.11
 1120927.743     0.999805      2766940      5120.00
 1123024.895     0.999829      2767008      5851.43
 1126170.623     0.999854      2767084      6826.67
 1131413.503     0.999878      2767154      8192.00
 1132462.079     0.999890      2767177      9102.22
 1134559.231     0.999902      2767224     10240.00
 1135607.807     0.999915      2767256     11702.86
 1136656.383     0.999927      2767282     13653.33
 1138753.535     0.999939      2767310     16384.00
 1139802.111     0.999945      2767330     18204.44
 1140850.687     0.999951      2767348     20480.00
 1142947.839     0.999957      2767365     23405.71
 1145044.991     0.999963      2767378     27306.67
 1147142.143     0.999969      2767398     32768.00
 1149239.295     0.999973      2767402     36408.89
 1151336.447     0.999976      2767414     40960.00
 1157627.903     0.999979      2767421     46811.43
 1162870.783     0.999982      2767429     54613.33
 1166016.511     0.999985      2767439     65536.00
 1167065.087     0.999986      2767440     72817.78
 1168113.663     0.999988      2767446     81920.00
 1169162.239     0.999989      2767452     93622.86
 1170210.815     0.999991      2767455    109226.67
 1176502.271     0.999992      2767459    131072.00
 1176502.271     0.999993      2767459    145635.56
 1179647.999     0.999994      2767463    163840.00
 1180696.575     0.999995      2767465    187245.71
 1181745.151     0.999995      2767466    218453.33
 1183842.303     0.999996      2767468    262144.00
 1184890.879     0.999997      2767471    291271.11
 1184890.879     0.999997      2767471    327680.00
 1184890.879     0.999997      2767471    374491.43
 1185939.455     0.999998      2767473    436906.67
 1185939.455     0.999998      2767473    524288.00
 1186988.031     0.999998      2767474    582542.22
 1186988.031     0.999998      2767474    655360.00
 1189085.183     0.999999      2767476    748982.86
 1189085.183     0.999999      2767476    873813.33
 1189085.183     0.999999      2767476   1048576.00
 1189085.183     0.999999      2767476   1165084.44
 1189085.183     0.999999      2767476   1310720.00
 1190133.759     0.999999      2767477   1497965.71
 1190133.759     0.999999      2767477   1747626.67
 1190133.759     1.000000      2767477   2097152.00
 1190133.759     1.000000      2767477   2330168.89
 1190133.759     1.000000      2767477   2621440.00
 1193279.487     1.000000      2767478   2995931.43
 1193279.487     1.000000      2767478          inf
#[Mean    =   481022.909, StdDeviation   =   222113.118]
#[Max     =  1192230.912, Total count    =      2767478]
#[Buckets =           27, SubBuckets     =         2048]
----------------------------------------------------------
  2776374 requests in 60.00m, 36.14GB read
  Socket errors: connect 0, read 474, write 18963, timeout 243884
  Non-2xx or 3xx responses: 66835
Requests/sec:    771.22
Transfer/sec:     10.28MB
