Running 30m test @ http://20.117.70.193:60/wrk2-api/post/compose
  2 threads and 1000 connections
  Thread calibration: mean lat.: 2325.926ms, rate sampling interval: 9838ms
  Thread calibration: mean lat.: 2376.332ms, rate sampling interval: 9912ms
  Thread Stats   Avg      Stdev     99%   +/- Stdev
    Latency    12.48m     7.14m   24.80m    57.95%
    Req/Sec    74.11      5.43    85.00     78.12%
  Latency Distribution (HdrHistogram - Recorded Latency)
 50.000%   12.59m 
 75.000%   18.49m 
 90.000%   22.37m 
 99.000%   24.80m 
 99.900%   25.62m 
 99.990%   26.02m 
 99.999%   26.21m 
100.000%   26.41m 

  Detailed Percentile spectrum:
       Value   Percentile   TotalCount 1/(1-Percentile)

    1584.127     0.000000            1         1.00
  152961.023     0.100000        26700         1.11
  303562.751     0.200000        53411         1.25
  452460.543     0.300000        80126         1.43
  603979.775     0.400000       106855         1.67
  755499.007     0.500000       133571         2.00
  829947.903     0.550000       146870         2.22
  901775.359     0.600000       160291         2.50
  966787.071     0.650000       173633         2.86
 1034420.223     0.700000       186905         3.33
 1109393.407     0.750000       200331         4.00
 1151336.447     0.775000       207004         4.44
 1192230.911     0.800000       213593         5.00
 1233125.375     0.825000       220261         5.71
 1274019.839     0.850000       227087         6.67
 1309671.423     0.875000       233668         8.00
 1326448.639     0.887500       237114         8.89
 1342177.279     0.900000       240360        10.00
 1357905.919     0.912500       243607        11.43
 1374683.135     0.925000       247007        13.33
 1391460.351     0.937500       250307        16.00
 1399848.959     0.943750       251983        17.78
 1409286.143     0.950000       253711        20.00
 1418723.327     0.956250       255410        22.86
 1428160.511     0.962500       256970        26.67
 1438646.271     0.968750       258668        32.00
 1444937.727     0.971875       259604        35.56
 1450180.607     0.975000       260302        40.00
 1457520.639     0.978125       261224        45.71
 1464860.671     0.981250       262063        53.33
 1472200.703     0.984375       262838        64.00
 1476395.007     0.985938       263236        71.11
 1480589.311     0.987500       263644        80.00
 1484783.615     0.989062       264048        91.43
 1490026.495     0.990625       264476       106.67
 1496317.951     0.992188       264954       128.00
 1498415.103     0.992969       265108       142.22
 1501560.831     0.993750       265321       160.00
 1505755.135     0.994531       265547       182.86
 1509949.439     0.995313       265770       213.33
 1513095.167     0.996094       265921       256.00
 1516240.895     0.996484       266055       284.44
 1518338.047     0.996875       266139       320.00
 1521483.775     0.997266       266249       365.71
 1524629.503     0.997656       266368       426.67
 1526726.655     0.998047       266442       512.00
 1528823.807     0.998242       266500       568.89
 1530920.959     0.998437       266568       640.00
 1533018.111     0.998633       266625       731.43
 1535115.263     0.998828       266662       853.33
 1537212.415     0.999023       266702      1024.00
 1539309.567     0.999121       266739      1137.78
 1541406.719     0.999219       266771      1280.00
 1542455.295     0.999316       266783      1462.86
 1544552.447     0.999414       266818      1706.67
 1545601.023     0.999512       266834      2048.00
 1546649.599     0.999561       266844      2275.56
 1548746.751     0.999609       266868      2560.00
 1549795.327     0.999658       266880      2925.71
 1551892.479     0.999707       266894      3413.33
 1552941.055     0.999756       266897      4096.00
 1553989.631     0.999780       266905      4551.11
 1555038.207     0.999805       266911      5120.00
 1557135.359     0.999829       266917      5851.43
 1559232.511     0.999854       266926      6826.67
 1560281.087     0.999878       266932      8192.00
 1560281.087     0.999890       266932      9102.22
 1561329.663     0.999902       266941     10240.00
 1561329.663     0.999915       266941     11702.86
 1562378.239     0.999927       266946     13653.33
 1562378.239     0.999939       266946     16384.00
 1563426.815     0.999945       266949     18204.44
 1563426.815     0.999951       266949     20480.00
 1564475.391     0.999957       266951     23405.71
 1565523.967     0.999963       266952     27306.67
 1567621.119     0.999969       266953     32768.00
 1568669.695     0.999973       266954     36408.89
 1569718.271     0.999976       266957     40960.00
 1569718.271     0.999979       266957     46811.43
 1569718.271     0.999982       266957     54613.33
 1569718.271     0.999985       266957     65536.00
 1572863.999     0.999986       266958     72817.78
 1572863.999     0.999988       266958     81920.00
 1577058.303     0.999989       266959     93622.86
 1577058.303     0.999991       266959    109226.67
 1577058.303     0.999992       266959    131072.00
 1584398.335     0.999993       266961    145635.56
 1584398.335     1.000000       266961          inf
#[Mean    =   748528.418, StdDeviation   =   428164.997]
#[Max     =  1583349.760, Total count    =       266961]
#[Buckets =           27, SubBuckets     =         2048]
----------------------------------------------------------
  268239 requests in 30.00m, 56.08MB read
  Socket errors: connect 0, read 655, write 12231, timeout 772557
  Non-2xx or 3xx responses: 49951
Requests/sec:    149.01
Transfer/sec:     31.90KB
