Running 30m test @ http://20.108.188.48:60/wrk2-api/home-timeline/read
  2 threads and 1000 connections
  Thread calibration: mean lat.: 4411.910ms, rate sampling interval: 14876ms
  Thread calibration: mean lat.: 4246.429ms, rate sampling interval: 14311ms
  Thread Stats   Avg      Stdev     99%   +/- Stdev
    Latency    16.85m     7.51m   27.94m    62.86%
    Req/Sec    39.27     16.56    63.00     59.84%
  Latency Distribution (HdrHistogram - Recorded Latency)
 50.000%   18.23m 
 75.000%   22.82m 
 90.000%   25.71m 
 99.000%   27.94m 
 99.900%   29.05m 
 99.990%   29.38m 
 99.999%   29.50m 
100.000%   29.62m 

  Detailed Percentile spectrum:
       Value   Percentile   TotalCount 1/(1-Percentile)

    5599.231     0.000000            1         1.00
  277610.495     0.100000        14264         1.11
  562036.735     0.200000        28521         1.25
  853016.575     0.300000        42787         1.43
  986185.727     0.400000        57059         1.67
 1093664.767     0.500000        71288         2.00
 1147142.143     0.550000        78426         2.22
 1201668.095     0.600000        85637         2.50
 1256194.047     0.650000        92658         2.86
 1311768.575     0.700000        99806         3.33
 1369440.255     0.750000       106939         4.00
 1399848.959     0.775000       110590         4.44
 1429209.087     0.800000       114083         5.00
 1458569.215     0.825000       117652         5.71
 1485832.191     0.850000       121169         6.67
 1514143.743     0.875000       124805         8.00
 1528823.807     0.887500       126578         8.89
 1542455.295     0.900000       128297        10.00
 1557135.359     0.912500       130095        11.43
 1572863.999     0.925000       131875        13.33
 1588592.639     0.937500       133646        16.00
 1596981.247     0.943750       134565        17.78
 1606418.431     0.950000       135480        20.00
 1614807.039     0.956250       136314        22.86
 1624244.223     0.962500       137269        26.67
 1633681.407     0.968750       138129        32.00
 1637875.711     0.971875       138551        35.56
 1643118.591     0.975000       138982        40.00
 1648361.471     0.978125       139457        45.71
 1654652.927     0.981250       139873        53.33
 1661992.959     0.984375       140349        64.00
 1666187.263     0.985938       140588        71.11
 1669332.991     0.987500       140766        80.00
 1674575.871     0.989062       141016        91.43
 1678770.175     0.990625       141232       106.67
 1685061.631     0.992188       141450       128.00
 1689255.935     0.992969       141561       142.22
 1693450.239     0.993750       141660       160.00
 1699741.695     0.994531       141778       182.86
 1704984.575     0.995313       141883       213.33
 1710227.455     0.996094       141987       256.00
 1713373.183     0.996484       142048       284.44
 1717567.487     0.996875       142104       320.00
 1721761.791     0.997266       142162       365.71
 1725956.095     0.997656       142214       426.67
 1731198.975     0.998047       142272       512.00
 1733296.127     0.998242       142297       568.89
 1735393.279     0.998437       142323       640.00
 1737490.431     0.998633       142352       731.43
 1739587.583     0.998828       142377       853.33
 1743781.887     0.999023       142416      1024.00
 1744830.463     0.999121       142428      1137.78
 1745879.039     0.999219       142442      1280.00
 1746927.615     0.999316       142450      1462.86
 1747976.191     0.999414       142463      1706.67
 1750073.343     0.999512       142475      2048.00
 1751121.919     0.999561       142480      2275.56
 1753219.071     0.999609       142492      2560.00
 1754267.647     0.999658       142499      2925.71
 1755316.223     0.999707       142507      3413.33
 1756364.799     0.999756       142512      4096.00
 1756364.799     0.999780       142512      4551.11
 1757413.375     0.999805       142516      5120.00
 1759510.527     0.999829       142519      5851.43
 1760559.103     0.999854       142526      6826.67
 1760559.103     0.999878       142526      8192.00
 1761607.679     0.999890       142527      9102.22
 1762656.255     0.999902       142530     10240.00
 1762656.255     0.999915       142530     11702.86
 1764753.407     0.999927       142535     13653.33
 1764753.407     0.999939       142535     16384.00
 1764753.407     0.999945       142535     18204.44
 1765801.983     0.999951       142538     20480.00
 1765801.983     0.999957       142538     23405.71
 1765801.983     0.999963       142538     27306.67
 1765801.983     0.999969       142538     32768.00
 1767899.135     0.999973       142539     36408.89
 1767899.135     0.999976       142539     40960.00
 1767899.135     0.999979       142539     46811.43
 1769996.287     0.999982       142541     54613.33
 1769996.287     0.999985       142541     65536.00
 1769996.287     0.999986       142541     72817.78
 1769996.287     0.999988       142541     81920.00
 1769996.287     0.999989       142541     93622.86
 1769996.287     0.999991       142541    109226.67
 1769996.287     0.999992       142541    131072.00
 1777336.319     0.999993       142542    145635.56
 1777336.319     1.000000       142542          inf
#[Mean    =  1011039.164, StdDeviation   =   450650.207]
#[Max     =  1776287.744, Total count    =       142542]
#[Buckets =           27, SubBuckets     =         2048]
----------------------------------------------------------
  143340 requests in 30.00m, 1.43GB read
  Socket errors: connect 0, read 85480, write 654040, timeout 131725
  Non-2xx or 3xx responses: 4059
Requests/sec:     79.63
Transfer/sec:    830.98KB
