Running 60m test @ http://20.90.186.180:60/wrk2-api/post/compose
  2 threads and 1000 connections
  Thread calibration: mean lat.: 3172.783ms, rate sampling interval: 12894ms
  Thread calibration: mean lat.: 3029.495ms, rate sampling interval: 13066ms
  Thread Stats   Avg      Stdev     99%   +/- Stdev
    Latency    19.07m    10.28m   38.13m    58.52%
    Req/Sec   182.19     59.94   431.00     77.90%
  Latency Distribution (HdrHistogram - Recorded Latency)
 50.000%   19.15m 
 75.000%   27.58m 
 90.000%   33.26m 
 99.000%   38.13m 
 99.900%   39.99m 
 99.990%   41.42m 
 99.999%   42.40m 
100.000%   42.57m 

  Detailed Percentile spectrum:
       Value   Percentile   TotalCount 1/(1-Percentile)

     271.615     0.000000            1         1.00
  309067.775     0.100000       131278         1.11
  499122.175     0.200000       262390         1.25
  735051.775     0.300000       393594         1.43
  942669.823     0.400000       524749         1.67
 1149239.295     0.500000       655993         2.00
 1244659.711     0.550000       721527         2.22
 1339031.551     0.600000       787599         2.50
 1431306.239     0.650000       853147         2.86
 1538260.991     0.700000       918478         3.33
 1654652.927     0.750000       984031         4.00
 1710227.455     0.775000      1016602         4.44
 1765801.983     0.800000      1049578         5.00
 1819279.359     0.825000      1082059         5.71
 1876951.039     0.850000      1115443         6.67
 1934622.719     0.875000      1148112         8.00
 1963982.847     0.887500      1164062         8.89
 1995440.127     0.900000      1180794        10.00
 2026897.407     0.912500      1196968        11.43
 2060451.839     0.925000      1213422        13.33
 2096103.423     0.937500      1229939        16.00
 2114977.791     0.943750      1238168        17.78
 2133852.159     0.950000      1246320        20.00
 2153775.103     0.956250      1254650        22.86
 2174746.623     0.962500      1263032        26.67
 2195718.143     0.968750      1271321        32.00
 2206203.903     0.971875      1275266        35.56
 2216689.663     0.975000      1278996        40.00
 2229272.575     0.978125      1283142        45.71
 2243952.639     0.981250      1287507        53.33
 2256535.551     0.984375      1291138        64.00
 2264924.159     0.985938      1293312        71.11
 2273312.767     0.987500      1295394        80.00
 2281701.375     0.989062      1297317        91.43
 2292187.135     0.990625      1299428       106.67
 2304770.047     0.992188      1301638       128.00
 2311061.503     0.992969      1302618       142.22
 2317352.959     0.993750      1303505       160.00
 2325741.567     0.994531      1304585       182.86
 2334130.175     0.995313      1305566       213.33
 2342518.783     0.996094      1306468       256.00
 2348810.239     0.996484      1307094       284.44
 2353004.543     0.996875      1307492       320.00
 2361393.151     0.997266      1308144       365.71
 2367684.607     0.997656      1308588       426.67
 2373976.063     0.998047      1309029       512.00
 2378170.367     0.998242      1309295       568.89
 2382364.671     0.998437      1309541       640.00
 2388656.127     0.998633      1309893       731.43
 2392850.431     0.998828      1310083       853.33
 2401239.039     0.999023      1310379      1024.00
 2403336.191     0.999121      1310439      1137.78
 2409627.647     0.999219      1310576      1280.00
 2415919.103     0.999316      1310691      1462.86
 2424307.711     0.999414      1310834      1706.67
 2432696.319     0.999512      1310973      2048.00
 2436890.623     0.999561      1311020      2275.56
 2441084.927     0.999609      1311076      2560.00
 2449473.535     0.999658      1311158      2925.71
 2455764.991     0.999707      1311223      3413.33
 2459959.295     0.999756      1311270      4096.00
 2466250.751     0.999780      1311313      4551.11
 2468347.903     0.999805      1311332      5120.00
 2472542.207     0.999829      1311367      5851.43
 2476736.511     0.999854      1311401      6826.67
 2480930.815     0.999878      1311436      8192.00
 2483027.967     0.999890      1311445      9102.22
 2485125.119     0.999902      1311460     10240.00
 2489319.423     0.999915      1311477     11702.86
 2493513.727     0.999927      1311491     13653.33
 2501902.335     0.999939      1311507     16384.00
 2503999.487     0.999945      1311515     18204.44
 2510290.943     0.999951      1311524     20480.00
 2514485.247     0.999957      1311536     23405.71
 2516582.399     0.999963      1311542     27306.67
 2522873.855     0.999969      1311546     32768.00
 2524971.007     0.999973      1311552     36408.89
 2529165.311     0.999976      1311555     40960.00
 2531262.463     0.999979      1311558     46811.43
 2535456.767     0.999982      1311562     54613.33
 2539651.071     0.999985      1311566     65536.00
 2541748.223     0.999986      1311571     72817.78
 2541748.223     0.999988      1311571     81920.00
 2543845.375     0.999989      1311576     93622.86
 2543845.375     0.999991      1311576    109226.67
 2543845.375     0.999992      1311576    131072.00
 2545942.527     0.999993      1311578    145635.56
 2545942.527     0.999994      1311578    163840.00
 2548039.679     0.999995      1311579    187245.71
 2550136.831     0.999995      1311580    218453.33
 2552233.983     0.999996      1311584    262144.00
 2552233.983     0.999997      1311584    291271.11
 2552233.983     0.999997      1311584    327680.00
 2552233.983     0.999997      1311584    374491.43
 2552233.983     0.999998      1311584    436906.67
 2552233.983     0.999998      1311584    524288.00
 2552233.983     0.999998      1311584    582542.22
 2552233.983     0.999998      1311584    655360.00
 2554331.135     0.999999      1311586    748982.86
 2554331.135     1.000000      1311586          inf
#[Mean    =  1144003.597, StdDeviation   =   616827.296]
#[Max     =  2552233.984, Total count    =      1311586]
#[Buckets =           27, SubBuckets     =         2048]
----------------------------------------------------------
  1313403 requests in 60.00m, 264.18MB read
  Socket errors: connect 0, read 150, write 2309, timeout 708514
  Non-2xx or 3xx responses: 131204
Requests/sec:    364.83
Transfer/sec:     75.14KB
