Running 30m test @ http://13.87.64.235:60/wrk2-api/home-timeline/read
  2 threads and 1000 connections
  Thread calibration: mean lat.: 2059.531ms, rate sampling interval: 8486ms
  Thread calibration: mean lat.: 1938.411ms, rate sampling interval: 8237ms
  Thread Stats   Avg      Stdev     99%   +/- Stdev
    Latency    14.42m     7.59m   27.14m    60.03%
    Req/Sec    52.02     10.88    71.00     61.59%
  Latency Distribution (HdrHistogram - Recorded Latency)
 50.000%   15.27m 
 75.000%   20.55m 
 90.000%   24.43m 
 99.000%   27.14m 
 99.900%   27.80m 
 99.990%   28.05m 
 99.999%   28.15m 
100.000%   28.22m 

  Detailed Percentile spectrum:
       Value   Percentile   TotalCount 1/(1-Percentile)

    2075.647     0.000000            1         1.00
  186253.311     0.100000        18823         1.11
  382205.951     0.200000        37622         1.25
  579862.527     0.300000        56464         1.43
  784334.847     0.400000        75246         1.67
  916455.423     0.500000        94102         2.00
  981467.135     0.550000       103505         2.22
 1044905.983     0.600000       112875         2.50
 1108344.831     0.650000       122339         2.86
 1171259.391     0.700000       131789         3.33
 1233125.375     0.750000       141143         4.00
 1265631.231     0.775000       145878         4.44
 1299185.663     0.800000       150507         5.00
 1337982.975     0.825000       155281         5.71
 1378877.439     0.850000       159916         6.67
 1423966.207     0.875000       164633         8.00
 1444937.727     0.887500       166977         8.89
 1465909.247     0.900000       169405        10.00
 1484783.615     0.912500       171769        11.43
 1502609.407     0.925000       174078        13.33
 1520435.199     0.937500       176382        16.00
 1529872.383     0.943750       177603        17.78
 1539309.567     0.950000       178769        20.00
 1548746.751     0.956250       179975        22.86
 1558183.935     0.962500       181149        26.67
 1567621.119     0.968750       182269        32.00
 1572863.999     0.971875       182810        35.56
 1579155.455     0.975000       183395        40.00
 1587544.063     0.978125       184033        45.71
 1595932.671     0.981250       184592        53.33
 1606418.431     0.984375       185188        64.00
 1612709.887     0.985938       185491        71.11
 1619001.343     0.987500       185788        80.00
 1624244.223     0.989062       186058        91.43
 1630535.679     0.990625       186354       106.67
 1636827.135     0.992188       186641       128.00
 1639972.863     0.992969       186803       142.22
 1643118.591     0.993750       186960       160.00
 1646264.319     0.994531       187097       182.86
 1649410.047     0.995313       187250       213.33
 1652555.775     0.996094       187390       256.00
 1654652.927     0.996484       187472       284.44
 1655701.503     0.996875       187516       320.00
 1657798.655     0.997266       187600       365.71
 1659895.807     0.997656       187681       426.67
 1661992.959     0.998047       187742       512.00
 1663041.535     0.998242       187768       568.89
 1665138.687     0.998437       187825       640.00
 1666187.263     0.998633       187850       731.43
 1667235.839     0.998828       187880       853.33
 1669332.991     0.999023       187925      1024.00
 1670381.567     0.999121       187942      1137.78
 1671430.143     0.999219       187963      1280.00
 1672478.719     0.999316       187978      1462.86
 1673527.295     0.999414       187989      1706.67
 1674575.871     0.999512       188010      2048.00
 1675624.447     0.999561       188021      2275.56
 1675624.447     0.999609       188021      2560.00
 1676673.023     0.999658       188030      2925.71
 1678770.175     0.999707       188048      3413.33
 1679818.751     0.999756       188056      4096.00
 1679818.751     0.999780       188056      4551.11
 1680867.327     0.999805       188067      5120.00
 1680867.327     0.999829       188067      5851.43
 1680867.327     0.999854       188067      6826.67
 1681915.903     0.999878       188074      8192.00
 1681915.903     0.999890       188074      9102.22
 1682964.479     0.999902       188080     10240.00
 1682964.479     0.999915       188080     11702.86
 1684013.055     0.999927       188083     13653.33
 1684013.055     0.999939       188083     16384.00
 1685061.631     0.999945       188087     18204.44
 1685061.631     0.999951       188087     20480.00
 1685061.631     0.999957       188087     23405.71
 1686110.207     0.999963       188088     27306.67
 1687158.783     0.999969       188089     32768.00
 1687158.783     0.999973       188089     36408.89
 1688207.359     0.999976       188090     40960.00
 1688207.359     0.999979       188090     46811.43
 1689255.935     0.999982       188092     54613.33
 1689255.935     0.999985       188092     65536.00
 1689255.935     0.999986       188092     72817.78
 1689255.935     0.999988       188092     81920.00
 1689255.935     0.999989       188092     93622.86
 1691353.087     0.999991       188093    109226.67
 1691353.087     0.999992       188093    131072.00
 1691353.087     0.999993       188093    145635.56
 1691353.087     0.999994       188093    163840.00
 1691353.087     0.999995       188093    187245.71
 1693450.239     0.999995       188094    218453.33
 1693450.239     1.000000       188094          inf
#[Mean    =   865097.969, StdDeviation   =   455357.137]
#[Max     =  1692401.664, Total count    =       188094]
#[Buckets =           27, SubBuckets     =         2048]
----------------------------------------------------------
  191662 requests in 30.00m, 2.52GB read
  Socket errors: connect 0, read 50901, write 285969, timeout 125221
  Non-2xx or 3xx responses: 1220
Requests/sec:    106.48
Transfer/sec:      1.43MB
