Running 30m test @ http://13.87.64.235:60/wrk2-api/post/compose
  2 threads and 1000 connections
  Thread calibration: mean lat.: 3797.410ms, rate sampling interval: 16490ms
  Thread calibration: mean lat.: 3753.013ms, rate sampling interval: 16138ms
  Thread Stats   Avg      Stdev     99%   +/- Stdev
    Latency    12.16m     7.75m   27.26m    59.00%
    Req/Sec    44.46     12.43    64.00     62.84%
  Latency Distribution (HdrHistogram - Recorded Latency)
 50.000%   10.75m 
 75.000%   18.98m 
 90.000%   23.54m 
 99.000%   27.26m 
 99.900%   28.52m 
 99.990%   29.26m 
 99.999%   29.50m 
100.000%   29.53m 

  Detailed Percentile spectrum:
       Value   Percentile   TotalCount 1/(1-Percentile)

    3747.839     0.000000            1         1.00
  141688.831     0.100000        16095         1.11
  272629.759     0.200000        32189         1.25
  400293.887     0.300000        48259         1.43
  523501.567     0.400000        64331         1.67
  644874.239     0.500000        80427         2.00
  715653.119     0.550000        88491         2.22
  828899.327     0.600000        96480         2.50
  937951.231     0.650000       104518         2.86
 1042808.831     0.700000       112602         3.33
 1138753.535     0.750000       120690         4.00
 1179647.999     0.775000       124659         4.44
 1220542.463     0.800000       128662         5.00
 1262485.503     0.825000       132727         5.71
 1308622.847     0.850000       136730         6.67
 1361051.647     0.875000       140771         8.00
 1386217.471     0.887500       142711         8.89
 1412431.871     0.900000       144725        10.00
 1437597.695     0.912500       146764        11.43
 1463812.095     0.925000       148776        13.33
 1491075.071     0.937500       150760        16.00
 1505755.135     0.943750       151795        17.78
 1520435.199     0.950000       152822        20.00
 1536163.839     0.956250       153819        22.86
 1551892.479     0.962500       154789        26.67
 1569718.271     0.968750       155820        32.00
 1578106.879     0.971875       156329        35.56
 1586495.487     0.975000       156816        40.00
 1595932.671     0.978125       157327        45.71
 1605369.855     0.981250       157813        53.33
 1615855.615     0.984375       158293        64.00
 1621098.495     0.985938       158541        71.11
 1626341.375     0.987500       158789        80.00
 1632632.831     0.989062       159068        91.43
 1636827.135     0.990625       159296       106.67
 1642070.015     0.992188       159542       128.00
 1645215.743     0.992969       159677       142.22
 1648361.471     0.993750       159815       160.00
 1651507.199     0.994531       159941       182.86
 1654652.927     0.995313       160053       213.33
 1658847.231     0.996094       160180       256.00
 1660944.383     0.996484       160238       284.44
 1664090.111     0.996875       160302       320.00
 1667235.839     0.997266       160361       365.71
 1671430.143     0.997656       160427       426.67
 1676673.023     0.998047       160483       512.00
 1680867.327     0.998242       160514       568.89
 1686110.207     0.998437       160545       640.00
 1693450.239     0.998633       160577       731.43
 1702887.423     0.998828       160611       853.33
 1712324.607     0.999023       160641      1024.00
 1716518.911     0.999121       160657      1137.78
 1719664.639     0.999219       160675      1280.00
 1724907.519     0.999316       160689      1462.86
 1730150.399     0.999414       160702      1706.67
 1734344.703     0.999512       160718      2048.00
 1737490.431     0.999561       160727      2275.56
 1739587.583     0.999609       160734      2560.00
 1742733.311     0.999658       160746      2925.71
 1743781.887     0.999707       160749      3413.33
 1746927.615     0.999756       160758      4096.00
 1749024.767     0.999780       160764      4551.11
 1750073.343     0.999805       160766      5120.00
 1752170.495     0.999829       160770      5851.43
 1753219.071     0.999854       160773      6826.67
 1755316.223     0.999878       160780      8192.00
 1755316.223     0.999890       160780      9102.22
 1757413.375     0.999902       160783     10240.00
 1757413.375     0.999915       160783     11702.86
 1760559.103     0.999927       160786     13653.33
 1762656.255     0.999939       160787     16384.00
 1763704.831     0.999945       160789     18204.44
 1763704.831     0.999951       160789     20480.00
 1764753.407     0.999957       160791     23405.71
 1764753.407     0.999963       160791     27306.67
 1765801.983     0.999969       160792     32768.00
 1765801.983     0.999973       160792     36408.89
 1768947.711     0.999976       160793     40960.00
 1768947.711     0.999979       160793     46811.43
 1769996.287     0.999982       160794     54613.33
 1769996.287     0.999985       160794     65536.00
 1769996.287     0.999986       160794     72817.78
 1771044.863     0.999988       160795     81920.00
 1771044.863     0.999989       160795     93622.86
 1771044.863     0.999991       160795    109226.67
 1771044.863     0.999992       160795    131072.00
 1771044.863     0.999993       160795    145635.56
 1772093.439     0.999994       160796    163840.00
 1772093.439     1.000000       160796          inf
#[Mean    =   729829.696, StdDeviation   =   464785.013]
#[Max     =  1771044.864, Total count    =       160796]
#[Buckets =           27, SubBuckets     =         2048]
----------------------------------------------------------
  161688 requests in 30.00m, 30.44MB read
  Socket errors: connect 0, read 41420, write 843800, timeout 538928
  Non-2xx or 3xx responses: 1960
Requests/sec:     89.82
Transfer/sec:     17.31KB
