Running 60m test @ http://20.90.104.93:60
  2 threads and 1000 connections
  Thread calibration: mean lat.: 4227.061ms, rate sampling interval: 14319ms
  Thread calibration: mean lat.: 4254.690ms, rate sampling interval: 14557ms
  Thread Stats   Avg      Stdev     99%   +/- Stdev
    Latency    23.02m    11.60m   45.26m    61.18%
    Req/Sec   278.35     50.34   377.00     77.62%
  Latency Distribution (HdrHistogram - Recorded Latency)
 50.000%   22.93m 
 75.000%   32.54m 
 90.000%   38.76m 
 99.000%   45.26m 
 99.900%   47.95m 
 99.990%   50.33m 
 99.999%   50.96m 
100.000%   51.00m 

  Detailed Percentile spectrum:
       Value   Percentile   TotalCount 1/(1-Percentile)

    3530.751     0.000000            1         1.00
  453509.119     0.100000       200224         1.11
  699924.479     0.200000       400429         1.25
  933756.927     0.300000       600536         1.43
 1159725.055     0.400000       801206         1.67
 1375731.711     0.500000      1000880         2.00
 1480589.311     0.550000      1101599         2.22
 1593835.519     0.600000      1201011         2.50
 1717567.487     0.650000      1301225         2.86
 1840250.879     0.700000      1401730         3.33
 1952448.511     0.750000      1501335         4.00
 2009071.615     0.775000      1551672         4.44
 2067791.871     0.800000      1601379         5.00
 2129657.855     0.825000      1651691         5.71
 2191523.839     0.850000      1701424         6.67
 2258632.703     0.875000      1752115         8.00
 2292187.135     0.887500      1777647         8.89
 2325741.567     0.900000      1802089        10.00
 2363490.303     0.912500      1827233        11.43
 2401239.039     0.925000      1851827        13.33
 2445279.231     0.937500      1877382        16.00
 2466250.751     0.943750      1889918        17.78
 2485125.119     0.950000      1902219        20.00
 2508193.791     0.956250      1914279        22.86
 2539651.071     0.962500      1927405        26.67
 2566914.047     0.968750      1939597        32.00
 2583691.263     0.971875      1946163        35.56
 2598371.327     0.975000      1952063        40.00
 2617245.695     0.978125      1958451        45.71
 2640314.367     0.981250      1964232        53.33
 2665480.191     0.984375      1970670        64.00
 2678063.103     0.985938      1973626        71.11
 2692743.167     0.987500      1977041        80.00
 2705326.079     0.989062      1979811        91.43
 2722103.295     0.990625      1983124       106.67
 2738880.511     0.992188      1986318       128.00
 2747269.119     0.992969      1987745       142.22
 2755657.727     0.993750      1989159       160.00
 2766143.487     0.994531      1990830       182.86
 2778726.399     0.995313      1992498       213.33
 2793406.463     0.996094      1993873       256.00
 2799697.919     0.996484      1994634       284.44
 2808086.527     0.996875      1995551       320.00
 2816475.135     0.997266      1996255       365.71
 2824863.743     0.997656      1996995       426.67
 2839543.807     0.998047      1997779       512.00
 2850029.567     0.998242      1998167       568.89
 2860515.327     0.998437      1998609       640.00
 2864709.631     0.998633      1998935       731.43
 2873098.239     0.998828      1999383       853.33
 2877292.543     0.999023      1999759      1024.00
 2879389.695     0.999121      1999922      1137.78
 2883583.999     0.999219      2000168      1280.00
 2887778.303     0.999316      2000290      1462.86
 2896166.911     0.999414      2000494      1706.67
 2906652.671     0.999512      2000710      2048.00
 2908749.823     0.999561      2000772      2275.56
 2915041.279     0.999609      2000883      2560.00
 2921332.735     0.999658      2000990      2925.71
 2933915.647     0.999707      2001077      3413.33
 2944401.407     0.999756      2001163      4096.00
 2946498.559     0.999780      2001212      4551.11
 2959081.471     0.999805      2001259      5120.00
 2973761.535     0.999829      2001307      5851.43
 2990538.751     0.999854      2001357      6826.67
 3009413.119     0.999878      2001408      8192.00
 3013607.423     0.999890      2001430      9102.22
 3021996.031     0.999902      2001461     10240.00
 3028287.487     0.999915      2001477     11702.86
 3047161.855     0.999927      2001507     13653.33
 3049259.007     0.999939      2001537     16384.00
 3051356.159     0.999945      2001571     18204.44
 3051356.159     0.999951      2001571     20480.00
 3051356.159     0.999957      2001571     23405.71
 3053453.311     0.999963      2001578     27306.67
 3055550.463     0.999969      2001610     32768.00
 3055550.463     0.999973      2001610     36408.89
 3055550.463     0.999976      2001610     40960.00
 3055550.463     0.999979      2001610     46811.43
 3057647.615     0.999982      2001632     54613.33
 3057647.615     0.999985      2001632     65536.00
 3057647.615     0.999986      2001632     72817.78
 3057647.615     0.999988      2001632     81920.00
 3057647.615     0.999989      2001632     93622.86
 3057647.615     0.999991      2001632    109226.67
 3059744.767     0.999992      2001648    131072.00
 3059744.767     1.000000      2001648          inf
#[Mean    =  1381241.445, StdDeviation   =   695764.698]
#[Max     =  3057647.616, Total count    =      2001648]
#[Buckets =           27, SubBuckets     =         2048]
----------------------------------------------------------
  2004467 requests in 60.00m, 0.89GB read
  Socket errors: connect 0, read 150, write 807, timeout 45256
  Non-2xx or 3xx responses: 148731
Requests/sec:    556.80
Transfer/sec:    259.81KB
