Running 60m test @ http://51.140.46.84:60
  2 threads and 1000 connections
  Thread calibration: mean lat.: 844.272ms, rate sampling interval: 3667ms
  Thread calibration: mean lat.: 849.891ms, rate sampling interval: 3655ms
  Thread Stats   Avg      Stdev     99%   +/- Stdev
    Latency    39.15s    14.68s    1.23m    70.09%
    Req/Sec     0.99k    40.93     1.08k    76.17%
  Latency Distribution (HdrHistogram - Recorded Latency)
 50.000%   39.22s 
 75.000%   48.82s 
 90.000%    0.96m 
 99.000%    1.23m 
 99.900%    1.45m 
 99.990%    1.61m 
 99.999%    1.74m 
100.000%    1.80m 

  Detailed Percentile spectrum:
       Value   Percentile   TotalCount 1/(1-Percentile)

       3.447     0.000000            1         1.00
   20758.527     0.100000       708866         1.11
   27574.271     0.200000      1417912         1.25
   31965.183     0.300000      2126432         1.43
   35684.351     0.400000      2835481         1.67
   39223.295     0.500000      3545280         2.00
   40992.767     0.550000      3897292         2.22
   42827.775     0.600000      4255168         2.50
   44728.319     0.650000      4609338         2.86
   46727.167     0.700000      4964803         3.33
   48824.319     0.750000      5314536         4.00
   50003.967     0.775000      5495396         4.44
   51216.383     0.800000      5670258         5.00
   52527.103     0.825000      5845654         5.71
   54001.663     0.850000      6025811         6.67
   55640.063     0.875000      6201826         8.00
   56557.567     0.887500      6290510         8.89
   57540.607     0.900000      6378049        10.00
   58621.951     0.912500      6466011        11.43
   59834.367     0.925000      6554987        13.33
   61243.391     0.937500      6644312        16.00
   62029.823     0.943750      6687860        17.78
   62881.791     0.950000      6732233        20.00
   63832.063     0.956250      6776334        22.86
   64913.407     0.962500      6820363        26.67
   66158.591     0.968750      6864187        32.00
   66879.487     0.971875      6886558        35.56
   67698.687     0.975000      6909368        40.00
   68616.191     0.978125      6931434        45.71
   69664.767     0.981250      6953131        53.33
   70909.951     0.984375      6975165        64.00
   71630.847     0.985938      6986024        71.11
   72482.815     0.987500      6997668        80.00
   73334.783     0.989062      7008188        91.43
   74383.359     0.990625      7019126       106.67
   75628.543     0.992188      7030604       128.00
   76283.903     0.992969      7035781       142.22
   77070.335     0.993750      7041449       160.00
   77922.303     0.994531      7046840       182.86
   78905.343     0.995313      7052425       213.33
   80019.455     0.996094      7057912       256.00
   80609.279     0.996484      7060680       284.44
   81264.639     0.996875      7063297       320.00
   82051.071     0.997266      7066124       365.71
   82903.039     0.997656      7068846       426.67
   83820.543     0.998047      7071606       512.00
   84344.831     0.998242      7073046       568.89
   84934.655     0.998437      7074450       640.00
   85590.015     0.998633      7075751       731.43
   86441.983     0.998828      7077214       853.33
   87359.487     0.999023      7078583      1024.00
   87883.775     0.999121      7079278      1137.78
   88408.063     0.999219      7079909      1280.00
   89063.423     0.999316      7080614      1462.86
   89718.783     0.999414      7081286      1706.67
   90701.823     0.999512      7082020      2048.00
   91095.039     0.999561      7082342      2275.56
   91553.791     0.999609      7082690      2560.00
   92078.079     0.999658      7083023      2925.71
   92602.367     0.999707      7083377      3413.33
   93192.191     0.999756      7083704      4096.00
   93585.407     0.999780      7083885      4551.11
   94044.159     0.999805      7084067      5120.00
   94502.911     0.999829      7084226      5851.43
   95223.807     0.999854      7084403      6826.67
   95879.167     0.999878      7084588      8192.00
   96206.847     0.999890      7084666      9102.22
   96600.063     0.999902      7084747     10240.00
   97189.887     0.999915      7084834     11702.86
   98172.927     0.999927      7084919     13653.33
   99024.895     0.999939      7085003     16384.00
   99352.575     0.999945      7085047     18204.44
   99876.863     0.999951      7085093     20480.00
  100335.615     0.999957      7085136     23405.71
  100794.367     0.999963      7085174     27306.67
  101449.727     0.999969      7085222     32768.00
  101711.871     0.999973      7085239     36408.89
  102039.551     0.999976      7085264     40960.00
  102498.303     0.999979      7085283     46811.43
  102891.519     0.999982      7085306     54613.33
  103415.807     0.999985      7085331     65536.00
  103546.879     0.999986      7085336     72817.78
  103940.095     0.999988      7085350     81920.00
  104136.703     0.999989      7085358     93622.86
  104529.919     0.999991      7085369    109226.67
  104857.599     0.999992      7085380    131072.00
  105185.279     0.999993      7085385    145635.56
  105316.351     0.999994      7085391    163840.00
  105512.959     0.999995      7085397    187245.71
  105578.495     0.999995      7085401    218453.33
  106168.319     0.999996      7085406    262144.00
  106233.855     0.999997      7085409    291271.11
  106495.999     0.999997      7085412    327680.00
  106627.071     0.999997      7085416    374491.43
  106692.607     0.999998      7085417    436906.67
  106954.751     0.999998      7085422    524288.00
  106954.751     0.999998      7085422    582542.22
  107020.287     0.999998      7085423    655360.00
  107085.823     0.999999      7085424    748982.86
  107216.895     0.999999      7085425    873813.33
  107282.431     0.999999      7085427   1048576.00
  107282.431     0.999999      7085427   1165084.44
  107413.503     0.999999      7085428   1310720.00
  107479.039     0.999999      7085429   1497965.71
  107479.039     0.999999      7085429   1747626.67
  107937.791     1.000000      7085430   2097152.00
  107937.791     1.000000      7085430   2330168.89
  108003.327     1.000000      7085431   2621440.00
  108003.327     1.000000      7085431   2995931.43
  108003.327     1.000000      7085431   3495253.33
  108068.863     1.000000      7085432   4194304.00
  108068.863     1.000000      7085432   4660337.78
  108068.863     1.000000      7085432   5242880.00
  108068.863     1.000000      7085432   5991862.86
  108068.863     1.000000      7085432   6990506.67
  108199.935     1.000000      7085433   8388608.00
  108199.935     1.000000      7085433          inf
#[Mean    =    39150.980, StdDeviation   =    14679.396]
#[Max     =   108134.400, Total count    =      7085433]
#[Buckets =           27, SubBuckets     =         2048]
----------------------------------------------------------
  7101845 requests in 60.00m, 3.20GB read
  Socket errors: connect 0, read 27, write 370, timeout 32879
  Non-2xx or 3xx responses: 214587
Requests/sec:   1972.73
Transfer/sec:      0.91MB
