Running 30m test @ http://20.117.90.143:60
  2 threads and 1000 connections
  Thread calibration: mean lat.: 2922.326ms, rate sampling interval: 11329ms
  Thread calibration: mean lat.: 2913.581ms, rate sampling interval: 11223ms
  Thread Stats   Avg      Stdev     99%   +/- Stdev
    Latency     9.00m     5.14m   17.95m    58.08%
    Req/Sec   399.34     19.06   423.00     87.34%
  Latency Distribution (HdrHistogram - Recorded Latency)
 50.000%    8.98m 
 75.000%   13.42m 
 90.000%   16.15m 
 99.000%   17.95m 
 99.900%   18.49m 
 99.990%   18.86m 
 99.999%   19.21m 
100.000%   19.35m 

  Detailed Percentile spectrum:
       Value   Percentile   TotalCount 1/(1-Percentile)

     215.935     0.000000            1         1.00
  113836.031     0.100000       143085         1.11
  221642.751     0.200000       286315         1.25
  327942.143     0.300000       429331         1.43
  433586.175     0.400000       572424         1.67
  538968.063     0.500000       715796         2.00
  591921.151     0.550000       787555         2.22
  644349.951     0.600000       858689         2.50
  696778.751     0.650000       930532         2.86
  750256.127     0.700000      1002138         3.33
  805306.367     0.750000      1073281         4.00
  832045.055     0.775000      1108947         4.44
  859308.031     0.800000      1144789         5.00
  886571.007     0.825000      1181075         5.71
  912785.407     0.850000      1216200         6.67
  941096.959     0.875000      1252582         8.00
  954728.447     0.887500      1269941         8.89
  968884.223     0.900000      1288247        10.00
  981991.423     0.912500      1305637        11.43
  996147.199     0.925000      1323529        13.33
 1010827.263     0.937500      1341957        16.00
 1017643.007     0.943750      1350506        17.78
 1024983.039     0.950000      1359503        20.00
 1032323.071     0.956250      1368461        22.86
 1039663.103     0.962500      1377585        26.67
 1047003.135     0.968750      1386346        32.00
 1050673.151     0.971875      1390665        35.56
 1054867.455     0.975000      1395503        40.00
 1058537.471     0.978125      1399548        45.71
 1063256.063     0.981250      1404489        53.33
 1067450.367     0.984375      1408622        64.00
 1070071.807     0.985938      1410960        71.11
 1072693.247     0.987500      1413227        80.00
 1075838.975     0.989062      1415729        91.43
 1078984.703     0.990625      1417985       106.67
 1082130.431     0.992188      1420016       128.00
 1084227.583     0.992969      1421261       142.22
 1086324.735     0.993750      1422394       160.00
 1088421.887     0.994531      1423458       182.86
 1090519.039     0.995313      1424385       213.33
 1093664.767     0.996094      1425599       256.00
 1094713.343     0.996484      1425938       284.44
 1096810.495     0.996875      1426636       320.00
 1097859.071     0.997266      1426944       365.71
 1099956.223     0.997656      1427510       426.67
 1103101.951     0.998047      1428305       512.00
 1103101.951     0.998242      1428305       568.89
 1105199.103     0.998437      1428732       640.00
 1106247.679     0.998633      1428968       731.43
 1108344.831     0.998828      1429295       853.33
 1110441.983     0.999023      1429521      1024.00
 1111490.559     0.999121      1429638      1137.78
 1112539.135     0.999219      1429750      1280.00
 1113587.711     0.999316      1429844      1462.86
 1115684.863     0.999414      1430008      1706.67
 1117782.015     0.999512      1430130      2048.00
 1118830.591     0.999561      1430213      2275.56
 1119879.167     0.999609      1430292      2560.00
 1120927.743     0.999658      1430370      2925.71
 1121976.319     0.999707      1430412      3413.33
 1124073.471     0.999756      1430498      4096.00
 1125122.047     0.999780      1430532      4551.11
 1126170.623     0.999805      1430565      5120.00
 1127219.199     0.999829      1430596      5851.43
 1128267.775     0.999854      1430622      6826.67
 1129316.351     0.999878      1430655      8192.00
 1130364.927     0.999890      1430674      9102.22
 1131413.503     0.999902      1430696     10240.00
 1132462.079     0.999915      1430709     11702.86
 1133510.655     0.999927      1430722     13653.33
 1135607.807     0.999939      1430740     16384.00
 1136656.383     0.999945      1430753     18204.44
 1136656.383     0.999951      1430753     20480.00
 1138753.535     0.999957      1430760     23405.71
 1139802.111     0.999963      1430770     27306.67
 1141899.263     0.999969      1430776     32768.00
 1143996.415     0.999973      1430781     36408.89
 1145044.991     0.999976      1430788     40960.00
 1146093.567     0.999979      1430793     46811.43
 1146093.567     0.999982      1430793     54613.33
 1149239.295     0.999985      1430799     65536.00
 1150287.871     0.999986      1430800     72817.78
 1151336.447     0.999988      1430802     81920.00
 1152385.023     0.999989      1430805     93622.86
 1153433.599     0.999991      1430807    109226.67
 1155530.751     0.999992      1430809    131072.00
 1156579.327     0.999993      1430810    145635.56
 1157627.903     0.999994      1430815    163840.00
 1157627.903     0.999995      1430815    187245.71
 1157627.903     0.999995      1430815    218453.33
 1157627.903     0.999996      1430815    262144.00
 1157627.903     0.999997      1430815    291271.11
 1157627.903     0.999997      1430815    327680.00
 1158676.479     0.999997      1430817    374491.43
 1158676.479     0.999998      1430817    436906.67
 1158676.479     0.999998      1430817    524288.00
 1158676.479     0.999998      1430817    582542.22
 1158676.479     0.999998      1430817    655360.00
 1159725.055     0.999999      1430818    748982.86
 1159725.055     0.999999      1430818    873813.33
 1159725.055     0.999999      1430818   1048576.00
 1159725.055     0.999999      1430818   1165084.44
 1159725.055     0.999999      1430818   1310720.00
 1160773.631     0.999999      1430819   1497965.71
 1160773.631     1.000000      1430819          inf
#[Mean    =   540293.713, StdDeviation   =   308504.301]
#[Max     =  1159725.056, Total count    =      1430819]
#[Buckets =           27, SubBuckets     =         2048]
----------------------------------------------------------
  1437441 requests in 30.00m, 669.26MB read
  Socket errors: connect 0, read 18, write 184, timeout 16310
  Non-2xx or 3xx responses: 2
Requests/sec:    798.58
Transfer/sec:    380.73KB
