Running 30m test @ http://20.108.19.159:60/wrk2-api/home-timeline/read
  2 threads and 1000 connections
  Thread calibration: mean lat.: 21.921ms, rate sampling interval: 93ms
  Thread calibration: mean lat.: 22.621ms, rate sampling interval: 94ms
  Thread Stats   Avg      Stdev     99%   +/- Stdev
    Latency     0.90m    39.39s    2.49m    61.10%
    Req/Sec   470.46     86.09   677.00     70.36%
  Latency Distribution (HdrHistogram - Recorded Latency)
 50.000%   50.30s 
 75.000%    1.38m 
 90.000%    1.82m 
 99.000%    2.49m 
 99.900%    2.96m 
 99.990%    3.41m 
 99.999%    3.58m 
100.000%    3.64m 

  Detailed Percentile spectrum:
       Value   Percentile   TotalCount 1/(1-Percentile)

       0.173     0.000000            1         1.00
    3321.855     0.100000       167579         1.11
   13795.327     0.200000       335202         1.25
   26001.407     0.300000       502854         1.43
   38207.487     0.400000       670648         1.67
   50298.879     0.500000       838156         2.00
   56492.031     0.550000       921761         2.22
   62881.791     0.600000      1005444         2.50
   69402.623     0.650000      1089890         2.86
   76021.759     0.700000      1173464         3.33
   82903.039     0.750000      1256969         4.00
   86638.591     0.775000      1298858         4.44
   90570.751     0.800000      1341082         5.00
   94699.519     0.825000      1382699         5.71
   99155.967     0.850000      1424410         6.67
  104005.631     0.875000      1466354         8.00
  106627.071     0.887500      1487119         8.89
  109445.119     0.900000      1508267        10.00
  112394.239     0.912500      1529137        11.43
  115539.967     0.925000      1550108        13.33
  118947.839     0.937500      1571032        16.00
  120782.847     0.943750      1581531        17.78
  122814.463     0.950000      1591865        20.00
  125173.759     0.956250      1602493        22.86
  127664.127     0.962500      1612934        26.67
  130678.783     0.968750      1623376        32.00
  132317.183     0.971875      1628458        35.56
  134217.727     0.975000      1633693        40.00
  136445.951     0.978125      1639090        45.71
  138805.247     0.981250      1644200        53.33
  141950.975     0.984375      1649533        64.00
  143785.983     0.985938      1652168        71.11
  145752.063     0.987500      1654784        80.00
  147849.215     0.989062      1657268        91.43
  150208.511     0.990625      1659910       106.67
  152829.951     0.992188      1662494       128.00
  154402.815     0.992969      1663882       142.22
  155975.679     0.993750      1665192       160.00
  157548.543     0.994531      1666448       182.86
  159383.551     0.995313      1667736       213.33
  161480.703     0.996094      1669070       256.00
  162660.351     0.996484      1669701       284.44
  164233.215     0.996875      1670389       320.00
  165937.151     0.997266      1671036       365.71
  167772.159     0.997656      1671653       426.67
  169869.311     0.998047      1672308       512.00
  171048.959     0.998242      1672642       568.89
  172228.607     0.998437      1672958       640.00
  173670.399     0.998633      1673315       731.43
  175505.407     0.998828      1673620       853.33
  178257.919     0.999023      1673939      1024.00
  180092.927     0.999121      1674118      1137.78
  181665.791     0.999219      1674272      1280.00
  183894.015     0.999316      1674435      1462.86
  186515.455     0.999414      1674596      1706.67
  188874.751     0.999512      1674767      2048.00
  189792.255     0.999561      1674841      2275.56
  191234.047     0.999609      1674925      2560.00
  193200.127     0.999658      1675004      2925.71
  195166.207     0.999707      1675085      3413.33
  197918.719     0.999756      1675168      4096.00
  199229.439     0.999780      1675208      4551.11
  200540.159     0.999805      1675250      5120.00
  201326.591     0.999829      1675293      5851.43
  202244.095     0.999854      1675331      6826.67
  203423.743     0.999878      1675373      8192.00
  204210.175     0.999890      1675391      9102.22
  204865.535     0.999902      1675413     10240.00
  206438.399     0.999915      1675432     11702.86
  207355.903     0.999927      1675453     13653.33
  208404.479     0.999939      1675474     16384.00
  208928.767     0.999945      1675483     18204.44
  209846.271     0.999951      1675494     20480.00
  210370.559     0.999957      1675504     23405.71
  210763.775     0.999963      1675514     27306.67
  211419.135     0.999969      1675526     32768.00
  211550.207     0.999973      1675529     36408.89
  212074.495     0.999976      1675536     40960.00
  212860.927     0.999979      1675544     46811.43
  212991.999     0.999982      1675546     54613.33
  213385.215     0.999985      1675552     65536.00
  213385.215     0.999986      1675552     72817.78
  213909.503     0.999988      1675556     81920.00
  214564.863     0.999989      1675559     93622.86
  214695.935     0.999991      1675560    109226.67
  215351.295     0.999992      1675563    131072.00
  215613.439     0.999993      1675564    145635.56
  216137.727     0.999994      1675566    163840.00
  216268.799     0.999995      1675567    187245.71
  216399.871     0.999995      1675569    218453.33
  216399.871     0.999996      1675569    262144.00
  216530.943     0.999997      1675571    291271.11
  216530.943     0.999997      1675571    327680.00
  216530.943     0.999997      1675571    374491.43
  216662.015     0.999998      1675572    436906.67
  216662.015     0.999998      1675572    524288.00
  216924.159     0.999998      1675573    582542.22
  216924.159     0.999998      1675573    655360.00
  216924.159     0.999999      1675573    748982.86
  217448.447     0.999999      1675574    873813.33
  217448.447     0.999999      1675574   1048576.00
  217448.447     0.999999      1675574   1165084.44
  217448.447     0.999999      1675574   1310720.00
  217448.447     0.999999      1675574   1497965.71
  218628.095     0.999999      1675575   1747626.67
  218628.095     1.000000      1675575          inf
#[Mean    =    54063.388, StdDeviation   =    39394.921]
#[Max     =   218497.024, Total count    =      1675575]
#[Buckets =           27, SubBuckets     =         2048]
----------------------------------------------------------
  1685045 requests in 30.00m, 22.75GB read
  Socket errors: connect 0, read 5126, write 106810, timeout 121881
  Non-2xx or 3xx responses: 175
Requests/sec:    936.13
Transfer/sec:     12.94MB
