Running 30m test @ http://20.117.90.158:60
  2 threads and 1000 connections
  Thread calibration: mean lat.: 3055.641ms, rate sampling interval: 11468ms
  Thread calibration: mean lat.: 3050.954ms, rate sampling interval: 11575ms
  Thread Stats   Avg      Stdev     99%   +/- Stdev
    Latency     9.00m     5.13m   17.91m    58.06%
    Req/Sec   399.80     17.94   423.00     87.10%
  Latency Distribution (HdrHistogram - Recorded Latency)
 50.000%    8.98m 
 75.000%   13.41m 
 90.000%   16.13m 
 99.000%   17.91m 
 99.900%   18.44m 
 99.990%   18.75m 
 99.999%   18.93m 
100.000%   19.07m 

  Detailed Percentile spectrum:
       Value   Percentile   TotalCount 1/(1-Percentile)

     330.239     0.000000            1         1.00
  114294.783     0.100000       143307         1.11
  222560.255     0.200000       286677         1.25
  328728.575     0.300000       429834         1.43
  432799.743     0.400000       573183         1.67
  538968.063     0.500000       716755         2.00
  591921.151     0.550000       788567         2.22
  643825.663     0.600000       859589         2.50
  697827.327     0.650000       931752         2.86
  750780.415     0.700000      1003336         3.33
  804782.079     0.750000      1074963         4.00
  832045.055     0.775000      1110460         4.44
  859308.031     0.800000      1146140         5.00
  886046.719     0.825000      1181863         5.71
  913309.695     0.850000      1217785         6.67
  941096.959     0.875000      1254041         8.00
  954204.159     0.887500      1271474         8.89
  967835.647     0.900000      1289988        10.00
  981467.135     0.912500      1307817        11.43
  995098.623     0.925000      1325441        13.33
 1009254.399     0.937500      1343408        16.00
 1016070.143     0.943750      1352406        17.78
 1022885.887     0.950000      1361192        20.00
 1029701.631     0.956250      1370121        22.86
 1036517.375     0.962500      1379046        26.67
 1043857.407     0.968750      1388048        32.00
 1047527.423     0.971875      1392471        35.56
 1051721.727     0.975000      1397318        40.00
 1055391.743     0.978125      1401351        45.71
 1059586.047     0.981250      1405675        53.33
 1064304.639     0.984375      1410260        64.00
 1066926.079     0.985938      1412650        71.11
 1069547.519     0.987500      1414869        80.00
 1072693.247     0.989062      1417244        91.43
 1075838.975     0.990625      1419523       106.67
 1078984.703     0.992188      1421510       128.00
 1081081.855     0.992969      1422751       142.22
 1083179.007     0.993750      1423965       160.00
 1085276.159     0.994531      1425029       182.86
 1087373.311     0.995313      1426010       213.33
 1090519.039     0.996094      1427348       256.00
 1091567.615     0.996484      1427709       284.44
 1093664.767     0.996875      1428376       320.00
 1094713.343     0.997266      1428695       365.71
 1096810.495     0.997656      1429266       426.67
 1098907.647     0.998047      1429778       512.00
 1099956.223     0.998242      1430029       568.89
 1102053.375     0.998437      1430480       640.00
 1103101.951     0.998633      1430654       731.43
 1105199.103     0.998828      1430969       853.33
 1107296.255     0.999023      1431249      1024.00
 1108344.831     0.999121      1431409      1137.78
 1109393.407     0.999219      1431553      1280.00
 1109393.407     0.999316      1431553      1462.86
 1111490.559     0.999414      1431755      1706.67
 1113587.711     0.999512      1431908      2048.00
 1113587.711     0.999561      1431908      2275.56
 1114636.287     0.999609      1431988      2560.00
 1115684.863     0.999658      1432074      2925.71
 1116733.439     0.999707      1432135      3413.33
 1118830.591     0.999756      1432235      4096.00
 1118830.591     0.999780      1432235      4551.11
 1119879.167     0.999805      1432268      5120.00
 1120927.743     0.999829      1432300      5851.43
 1123024.895     0.999854      1432349      6826.67
 1124073.471     0.999878      1432379      8192.00
 1124073.471     0.999890      1432379      9102.22
 1125122.047     0.999902      1432397     10240.00
 1126170.623     0.999915      1432426     11702.86
 1127219.199     0.999927      1432446     13653.33
 1127219.199     0.999939      1432446     16384.00
 1128267.775     0.999945      1432458     18204.44
 1129316.351     0.999951      1432474     20480.00
 1129316.351     0.999957      1432474     23405.71
 1130364.927     0.999963      1432485     27306.67
 1131413.503     0.999969      1432493     32768.00
 1131413.503     0.999973      1432493     36408.89
 1132462.079     0.999976      1432501     40960.00
 1133510.655     0.999979      1432506     46811.43
 1133510.655     0.999982      1432506     54613.33
 1134559.231     0.999985      1432514     65536.00
 1134559.231     0.999986      1432514     72817.78
 1135607.807     0.999988      1432519     81920.00
 1135607.807     0.999989      1432519     93622.86
 1135607.807     0.999991      1432519    109226.67
 1136656.383     0.999992      1432524    131072.00
 1136656.383     0.999993      1432524    145635.56
 1136656.383     0.999994      1432524    163840.00
 1137704.959     0.999995      1432525    187245.71
 1138753.535     0.999995      1432527    218453.33
 1138753.535     0.999996      1432527    262144.00
 1140850.687     0.999997      1432529    291271.11
 1140850.687     0.999997      1432529    327680.00
 1140850.687     0.999997      1432529    374491.43
 1140850.687     0.999998      1432529    436906.67
 1141899.263     0.999998      1432531    524288.00
 1141899.263     0.999998      1432531    582542.22
 1141899.263     0.999998      1432531    655360.00
 1141899.263     0.999999      1432531    748982.86
 1141899.263     0.999999      1432531    873813.33
 1141899.263     0.999999      1432531   1048576.00
 1141899.263     0.999999      1432531   1165084.44
 1141899.263     0.999999      1432531   1310720.00
 1143996.415     0.999999      1432532   1497965.71
 1143996.415     1.000000      1432532          inf
#[Mean    =   540127.088, StdDeviation   =   307987.951]
#[Max     =  1142947.840, Total count    =      1432532]
#[Buckets =           27, SubBuckets     =         2048]
----------------------------------------------------------
  1439278 requests in 30.00m, 670.91MB read
  Socket errors: connect 0, read 47, write 390, timeout 16315
  Non-2xx or 3xx responses: 5
Requests/sec:    799.60
Transfer/sec:    381.68KB
