Running 30m test @ http://51.142.74.0:60
  2 threads and 1000 connections
  Thread calibration: mean lat.: 4757.196ms, rate sampling interval: 16637ms
  Thread calibration: mean lat.: 4784.221ms, rate sampling interval: 16719ms
  Thread Stats   Avg      Stdev     99%   +/- Stdev
    Latency    14.15m     8.14m   28.03m    57.82%
    Req/Sec    56.10      3.53    64.00     78.97%
  Latency Distribution (HdrHistogram - Recorded Latency)
 50.000%   14.18m 
 75.000%   21.22m 
 90.000%   25.39m 
 99.000%   28.03m 
 99.900%   28.68m 
 99.990%   29.05m 
 99.999%   29.34m 
100.000%   29.50m 

  Detailed Percentile spectrum:
       Value   Percentile   TotalCount 1/(1-Percentile)

    6561.791     0.000000            1         1.00
  169607.167     0.100000        20265         1.11
  340787.199     0.200000        40530         1.25
  511180.799     0.300000        60771         1.43
  683671.551     0.400000        81051         1.67
  850919.423     0.500000       101340         2.00
  932708.351     0.550000       111398         2.22
 1019215.871     0.600000       121543         2.50
 1107296.255     0.650000       131665         2.86
 1190133.759     0.700000       141901         3.33
 1272971.263     0.750000       151942         4.00
 1312817.151     0.775000       157078         4.44
 1353711.615     0.800000       162070         5.00
 1395654.655     0.825000       167149         5.71
 1437597.695     0.850000       172204         6.67
 1479540.735     0.875000       177264         8.00
 1501560.831     0.887500       179762         8.89
 1523580.927     0.900000       182327        10.00
 1543503.871     0.912500       184936        11.43
 1564475.391     0.925000       187391        13.33
 1586495.487     0.937500       189945        16.00
 1596981.247     0.943750       191170        17.78
 1608515.583     0.950000       192500        20.00
 1620049.919     0.956250       193734        22.86
 1630535.679     0.962500       194972        26.67
 1641021.439     0.968750       196254        32.00
 1646264.319     0.971875       196852        35.56
 1651507.199     0.975000       197468        40.00
 1657798.655     0.978125       198205        45.71
 1663041.535     0.981250       198823        53.33
 1669332.991     0.984375       199447        64.00
 1672478.719     0.985938       199702        71.11
 1676673.023     0.987500       200070        80.00
 1679818.751     0.989062       200336        91.43
 1684013.055     0.990625       200660       106.67
 1688207.359     0.992188       200963       128.00
 1690304.511     0.992969       201124       142.22
 1693450.239     0.993750       201307       160.00
 1696595.967     0.994531       201480       182.86
 1698693.119     0.995313       201579       213.33
 1702887.423     0.996094       201771       256.00
 1703935.999     0.996484       201826       284.44
 1706033.151     0.996875       201912       320.00
 1708130.303     0.997266       202002       365.71
 1710227.455     0.997656       202094       426.67
 1711276.031     0.998047       202135       512.00
 1712324.607     0.998242       202172       568.89
 1714421.759     0.998437       202230       640.00
 1715470.335     0.998633       202254       731.43
 1717567.487     0.998828       202290       853.33
 1720713.215     0.999023       202341      1024.00
 1721761.791     0.999121       202354      1137.78
 1723858.943     0.999219       202378      1280.00
 1724907.519     0.999316       202388      1462.86
 1727004.671     0.999414       202411      1706.67
 1729101.823     0.999512       202437      2048.00
 1729101.823     0.999561       202437      2275.56
 1731198.975     0.999609       202450      2560.00
 1733296.127     0.999658       202458      2925.71
 1735393.279     0.999707       202472      3413.33
 1737490.431     0.999756       202483      4096.00
 1737490.431     0.999780       202483      4551.11
 1738539.007     0.999805       202488      5120.00
 1739587.583     0.999829       202493      5851.43
 1740636.159     0.999854       202500      6826.67
 1741684.735     0.999878       202505      8192.00
 1741684.735     0.999890       202505      9102.22
 1742733.311     0.999902       202507     10240.00
 1743781.887     0.999915       202510     11702.86
 1744830.463     0.999927       202513     13653.33
 1745879.039     0.999939       202517     16384.00
 1745879.039     0.999945       202517     18204.44
 1745879.039     0.999951       202517     20480.00
 1746927.615     0.999957       202518     23405.71
 1747976.191     0.999963       202519     27306.67
 1749024.767     0.999969       202521     32768.00
 1749024.767     0.999973       202521     36408.89
 1754267.647     0.999976       202522     40960.00
 1754267.647     0.999979       202522     46811.43
 1757413.375     0.999982       202523     54613.33
 1757413.375     0.999985       202523     65536.00
 1760559.103     0.999986       202524     72817.78
 1760559.103     0.999988       202524     81920.00
 1760559.103     0.999989       202524     93622.86
 1761607.679     0.999991       202525    109226.67
 1761607.679     0.999992       202525    131072.00
 1761607.679     0.999993       202525    145635.56
 1761607.679     0.999994       202525    163840.00
 1761607.679     0.999995       202525    187245.71
 1769996.287     0.999995       202526    218453.33
 1769996.287     1.000000       202526          inf
#[Mean    =   848818.643, StdDeviation   =   488234.040]
#[Max     =  1768947.712, Total count    =       202526]
#[Buckets =           27, SubBuckets     =         2048]
----------------------------------------------------------
  203317 requests in 30.00m, 94.45MB read
  Socket errors: connect 0, read 274055, write 553250, timeout 39621
  Non-2xx or 3xx responses: 2058
Requests/sec:    112.94
Transfer/sec:     53.72KB
