Running 60m test @ http://51.140.50.174:60/wrk2-api/post/compose
  2 threads and 1000 connections
  Thread calibration: mean lat.: 4270.157ms, rate sampling interval: 14319ms
  Thread calibration: mean lat.: 4356.745ms, rate sampling interval: 14360ms
  Thread Stats   Avg      Stdev     99%   +/- Stdev
    Latency    18.06m    12.73m   45.61m    65.11%
    Req/Sec   101.45     84.49   472.00     92.79%
  Latency Distribution (HdrHistogram - Recorded Latency)
 50.000%   14.99m 
 75.000%   27.80m 
 90.000%   37.40m 
 99.000%   45.61m 
 99.900%   48.13m 
 99.990%   49.84m 
 99.999%   50.65m 
100.000%   51.00m 

  Detailed Percentile spectrum:
       Value   Percentile   TotalCount 1/(1-Percentile)

     143.999     0.000000            1         1.00
  153223.167     0.100000        73208         1.11
  454819.839     0.200000       146507         1.25
  511967.231     0.300000       219571         1.43
  654311.423     0.400000       292817         1.67
  899678.207     0.500000       365855         2.00
 1065877.503     0.550000       402467         2.22
 1238368.255     0.600000       439128         2.50
 1395654.655     0.650000       475721         2.86
 1529872.383     0.700000       512246         3.33
 1668284.415     0.750000       548881         4.00
 1745879.039     0.775000       567074         4.44
 1832910.847     0.800000       585372         5.00
 1928331.263     0.825000       603741         5.71
 2033188.863     0.850000       622056         6.67
 2138046.463     0.875000       640233         8.00
 2191523.839     0.887500       649443         8.89
 2243952.639     0.900000       658580        10.00
 2298478.591     0.912500       667705        11.43
 2357198.847     0.925000       676899        13.33
 2418016.255     0.937500       685990        16.00
 2449473.535     0.943750       690651        17.78
 2483027.967     0.950000       695362        20.00
 2516582.399     0.956250       699865        22.86
 2552233.983     0.962500       704314        26.67
 2587885.567     0.968750       708906        32.00
 2606759.935     0.971875       711250        35.56
 2625634.303     0.975000       713443        40.00
 2646605.823     0.978125       715698        45.71
 2669674.495     0.981250       718112        53.33
 2690646.015     0.984375       720257        64.00
 2703228.927     0.985938       721497        71.11
 2715811.839     0.987500       722716        80.00
 2728394.751     0.989062       723818        91.43
 2743074.815     0.990625       724958       106.67
 2757754.879     0.992188       725962       128.00
 2768240.639     0.992969       726607       142.22
 2776629.247     0.993750       727128       160.00
 2787115.007     0.994531       727677       182.86
 2799697.919     0.995313       728300       213.33
 2812280.831     0.996094       728858       256.00
 2818572.287     0.996484       729120       284.44
 2826960.895     0.996875       729469       320.00
 2833252.351     0.997266       729699       365.71
 2841640.959     0.997656       729975       426.67
 2852126.719     0.998047       730286       512.00
 2856321.023     0.998242       730390       568.89
 2864709.631     0.998437       730559       640.00
 2871001.087     0.998633       730679       731.43
 2879389.695     0.998828       730829       853.33
 2889875.455     0.999023       730988      1024.00
 2894069.759     0.999121       731042      1137.78
 2900361.215     0.999219       731118      1280.00
 2904555.519     0.999316       731175      1462.86
 2910846.975     0.999414       731248      1706.67
 2919235.583     0.999512       731316      2048.00
 2923429.887     0.999561       731350      2275.56
 2929721.343     0.999609       731387      2560.00
 2936012.799     0.999658       731422      2925.71
 2944401.407     0.999707       731455      3413.33
 2954887.167     0.999756       731496      4096.00
 2961178.623     0.999780       731514      4551.11
 2965372.927     0.999805       731528      5120.00
 2971664.383     0.999829       731546      5851.43
 2980052.991     0.999854       731563      6826.67
 2988441.599     0.999878       731586      8192.00
 2990538.751     0.999890       731597      9102.22
 2992635.903     0.999902       731603     10240.00
 2994733.055     0.999915       731607     11702.86
 3001024.511     0.999927       731618     13653.33
 3005218.815     0.999939       731625     16384.00
 3009413.119     0.999945       731629     18204.44
 3013607.423     0.999951       731634     20480.00
 3015704.575     0.999957       731638     23405.71
 3019898.879     0.999963       731644     27306.67
 3024093.183     0.999969       731648     32768.00
 3026190.335     0.999973       731653     36408.89
 3026190.335     0.999976       731653     40960.00
 3030384.639     0.999979       731657     46811.43
 3030384.639     0.999982       731657     54613.33
 3032481.791     0.999985       731658     65536.00
 3034578.943     0.999986       731659     72817.78
 3036676.095     0.999988       731661     81920.00
 3038773.247     0.999989       731662     93622.86
 3040870.399     0.999991       731663    109226.67
 3042967.551     0.999992       731664    131072.00
 3042967.551     0.999993       731664    145635.56
 3045064.703     0.999994       731665    163840.00
 3047161.855     0.999995       731666    187245.71
 3047161.855     0.999995       731666    218453.33
 3049259.007     0.999996       731667    262144.00
 3049259.007     0.999997       731667    291271.11
 3049259.007     0.999997       731667    327680.00
 3055550.463     0.999997       731668    374491.43
 3055550.463     0.999998       731668    436906.67
 3055550.463     0.999998       731668    524288.00
 3055550.463     0.999998       731668    582542.22
 3055550.463     0.999998       731668    655360.00
 3059744.767     0.999999       731669    748982.86
 3059744.767     1.000000       731669          inf
#[Mean    =  1083823.184, StdDeviation   =   764028.870]
#[Max     =  3057647.616, Total count    =       731669]
#[Buckets =           27, SubBuckets     =         2048]
----------------------------------------------------------
  732766 requests in 60.00m, 166.76MB read
  Socket errors: connect 0, read 10581, write 77109, timeout 1549697
  Non-2xx or 3xx responses: 208371
Requests/sec:    203.55
Transfer/sec:     47.43KB
