Running 30m test @ http://20.108.21.117:60/wrk2-api/home-timeline/read
  2 threads and 1000 connections
  Thread calibration: mean lat.: 61.167ms, rate sampling interval: 116ms
  Thread calibration: mean lat.: 50.885ms, rate sampling interval: 117ms
  Thread Stats   Avg      Stdev     99%   +/- Stdev
    Latency     1.09m    46.62s    2.96m    61.81%
    Req/Sec   463.63     77.89   652.00     69.42%
  Latency Distribution (HdrHistogram - Recorded Latency)
 50.000%    1.03m 
 75.000%    1.65m 
 90.000%    2.16m 
 99.000%    2.96m 
 99.900%    3.63m 
 99.990%    4.09m 
 99.999%    4.99m 
100.000%    5.02m 

  Detailed Percentile spectrum:
       Value   Percentile   TotalCount 1/(1-Percentile)

       0.597     0.000000            1         1.00
    4517.887     0.100000       165314         1.11
   18563.071     0.200000       330640         1.25
   33177.599     0.300000       495936         1.43
   47349.759     0.400000       661242         1.67
   61603.839     0.500000       826545         2.00
   68681.727     0.550000       909496         2.22
   75694.079     0.600000       991936         2.50
   83165.183     0.650000      1074754         2.86
   90832.895     0.700000      1157167         3.33
   99090.431     0.750000      1239980         4.00
  103481.343     0.775000      1281209         4.44
  108134.399     0.800000      1322678         5.00
  113115.135     0.825000      1363735         5.71
  118292.479     0.850000      1405357         6.67
  123666.431     0.875000      1446374         8.00
  126681.087     0.887500      1467066         8.89
  129892.351     0.900000      1487725        10.00
  133496.831     0.912500      1508671        11.43
  137494.527     0.925000      1529594        13.33
  141950.975     0.937500      1549788        16.00
  144572.415     0.943750      1560016        17.78
  147587.071     0.950000      1570776        20.00
  150601.727     0.956250      1581003        22.86
  153878.527     0.962500      1591057        26.67
  157548.543     0.968750      1601454        32.00
  159645.695     0.971875      1606751        35.56
  161873.919     0.975000      1611837        40.00
  164233.215     0.978125      1616843        45.71
  166854.655     0.981250      1622001        53.33
  170000.383     0.984375      1627321        64.00
  171704.319     0.985938      1629841        71.11
  173670.399     0.987500      1632468        80.00
  176029.695     0.989062      1634977        91.43
  178913.279     0.990625      1637556       106.67
  181927.935     0.992188      1640155       128.00
  183500.799     0.992969      1641372       142.22
  185335.807     0.993750      1642699       160.00
  187170.815     0.994531      1643953       182.86
  189792.255     0.995313      1645259       213.33
  193331.199     0.996094      1646584       256.00
  195035.135     0.996484      1647218       284.44
  196870.143     0.996875      1647839       320.00
  198967.295     0.997266      1648483       365.71
  201457.663     0.997656      1649126       426.67
  204996.607     0.998047      1649781       512.00
  206700.543     0.998242      1650088       568.89
  208928.767     0.998437      1650420       640.00
  211943.423     0.998633      1650737       731.43
  214827.007     0.998828      1651058       853.33
  217972.735     0.999023      1651380      1024.00
  219414.527     0.999121      1651553      1137.78
  220856.319     0.999219      1651706      1280.00
  222167.039     0.999316      1651876      1462.86
  223870.975     0.999414      1652033      1706.67
  225574.911     0.999512      1652184      2048.00
  226623.487     0.999561      1652270      2275.56
  228589.567     0.999609      1652350      2560.00
  230686.719     0.999658      1652427      2925.71
  232914.943     0.999707      1652511      3413.33
  234881.023     0.999756      1652591      4096.00
  236584.959     0.999780      1652632      4551.11
  238157.823     0.999805      1652673      5120.00
  239992.831     0.999829      1652709      5851.43
  241565.695     0.999854      1652751      6826.67
  243007.487     0.999878      1652790      8192.00
  243924.991     0.999890      1652814      9102.22
  245891.071     0.999902      1652830     10240.00
  247726.079     0.999915      1652850     11702.86
  265814.015     0.999927      1652870     13653.33
  289144.831     0.999939      1652892     16384.00
  290717.695     0.999945      1652901     18204.44
  292028.415     0.999951      1652915     20480.00
  293339.135     0.999957      1652922     23405.71
  295174.143     0.999963      1652931     27306.67
  297009.151     0.999969      1652942     32768.00
  298057.727     0.999973      1652949     36408.89
  298582.015     0.999976      1652952     40960.00
  298844.159     0.999979      1652956     46811.43
  299106.303     0.999982      1652961     54613.33
  299368.447     0.999985      1652966     65536.00
  299630.591     0.999986      1652975     72817.78
  299630.591     0.999988      1652975     81920.00
  299630.591     0.999989      1652975     93622.86
  299892.735     0.999991      1652981    109226.67
  299892.735     0.999992      1652981    131072.00
  299892.735     0.999993      1652981    145635.56
  299892.735     0.999994      1652981    163840.00
  300154.879     0.999995      1652984    187245.71
  300154.879     0.999995      1652984    218453.33
  300417.023     0.999996      1652988    262144.00
  300417.023     0.999997      1652988    291271.11
  300417.023     0.999997      1652988    327680.00
  300417.023     0.999997      1652988    374491.43
  300417.023     0.999998      1652988    436906.67
  300417.023     0.999998      1652988    524288.00
  300941.311     0.999998      1652990    582542.22
  300941.311     0.999998      1652990    655360.00
  300941.311     0.999999      1652990    748982.86
  300941.311     0.999999      1652990    873813.33
  300941.311     0.999999      1652990   1048576.00
  300941.311     0.999999      1652990   1165084.44
  300941.311     0.999999      1652990   1310720.00
  300941.311     0.999999      1652990   1497965.71
  301465.599     0.999999      1652991   1747626.67
  301465.599     1.000000      1652991          inf
#[Mean    =    65439.651, StdDeviation   =    46622.964]
#[Max     =   301203.456, Total count    =      1652991]
#[Buckets =           27, SubBuckets     =         2048]
----------------------------------------------------------
  1662274 requests in 30.00m, 22.44GB read
  Socket errors: connect 0, read 6094, write 129196, timeout 121879
  Non-2xx or 3xx responses: 174
Requests/sec:    923.48
Transfer/sec:     12.76MB
