Running 30m test @ http://20.117.162.1:60
  2 threads and 1000 connections
  Thread calibration: mean lat.: 4956.724ms, rate sampling interval: 16506ms
  Thread calibration: mean lat.: 5234.944ms, rate sampling interval: 16859ms
  Thread Stats   Avg      Stdev     99%   +/- Stdev
    Latency    14.08m     8.10m   27.96m    57.82%
    Req/Sec    60.61      3.77    68.00     79.44%
  Latency Distribution (HdrHistogram - Recorded Latency)
 50.000%   14.05m 
 75.000%   21.08m 
 90.000%   25.32m 
 99.000%   27.96m 
 99.900%   28.59m 
 99.990%   28.99m 
 99.999%   29.20m 
100.000%   29.22m 

  Detailed Percentile spectrum:
       Value   Percentile   TotalCount 1/(1-Percentile)

    4866.047     0.000000            1         1.00
  172097.535     0.100000        21871         1.11
  338690.047     0.200000        43749         1.25
  511705.087     0.300000        65621         1.43
  681050.111     0.400000        87480         1.67
  843055.103     0.500000       109387         2.00
  927465.471     0.550000       120292         2.22
 1012924.415     0.600000       131276         2.50
 1096810.495     0.650000       142151         2.86
 1180696.575     0.700000       153165         3.33
 1264582.655     0.750000       164098         4.00
 1305477.119     0.775000       169526         4.44
 1347420.159     0.800000       175093         5.00
 1390411.775     0.825000       180466         5.71
 1432354.815     0.850000       185900         6.67
 1475346.431     0.875000       191383         8.00
 1498415.103     0.887500       194178         8.89
 1519386.623     0.900000       196893        10.00
 1541406.719     0.912500       199642        11.43
 1562378.239     0.925000       202391        13.33
 1582301.183     0.937500       205058        16.00
 1592786.943     0.943750       206412        17.78
 1604321.279     0.950000       207848        20.00
 1614807.039     0.956250       209151        22.86
 1626341.375     0.962500       210568        26.67
 1636827.135     0.968750       211938        32.00
 1642070.015     0.971875       212590        35.56
 1648361.471     0.975000       213354        40.00
 1653604.351     0.978125       213963        45.71
 1658847.231     0.981250       214629        53.33
 1665138.687     0.984375       215329        64.00
 1669332.991     0.985938       215725        71.11
 1671430.143     0.987500       215957        80.00
 1675624.447     0.989062       216332        91.43
 1679818.751     0.990625       216673       106.67
 1684013.055     0.992188       217001       128.00
 1687158.783     0.992969       217228       142.22
 1689255.935     0.993750       217382       160.00
 1691353.087     0.994531       217527       182.86
 1694498.815     0.995313       217707       213.33
 1696595.967     0.996094       217851       256.00
 1698693.119     0.996484       217962       284.44
 1699741.695     0.996875       218021       320.00
 1701838.847     0.997266       218112       365.71
 1703935.999     0.997656       218196       426.67
 1706033.151     0.998047       218265       512.00
 1708130.303     0.998242       218319       568.89
 1709178.879     0.998437       218353       640.00
 1711276.031     0.998633       218402       731.43
 1712324.607     0.998828       218430       853.33
 1715470.335     0.999023       218480      1024.00
 1717567.487     0.999121       218503      1137.78
 1719664.639     0.999219       218526      1280.00
 1720713.215     0.999316       218536      1462.86
 1722810.367     0.999414       218558      1706.67
 1725956.095     0.999512       218581      2048.00
 1727004.671     0.999561       218589      2275.56
 1728053.247     0.999609       218600      2560.00
 1730150.399     0.999658       218620      2925.71
 1731198.975     0.999707       218627      3413.33
 1733296.127     0.999756       218633      4096.00
 1734344.703     0.999780       218643      4551.11
 1734344.703     0.999805       218643      5120.00
 1736441.855     0.999829       218653      5851.43
 1736441.855     0.999854       218653      6826.67
 1738539.007     0.999878       218661      8192.00
 1738539.007     0.999890       218661      9102.22
 1740636.159     0.999902       218665     10240.00
 1741684.735     0.999915       218667     11702.86
 1745879.039     0.999927       218669     13653.33
 1746927.615     0.999939       218672     16384.00
 1747976.191     0.999945       218678     18204.44
 1747976.191     0.999951       218678     20480.00
 1747976.191     0.999957       218678     23405.71
 1747976.191     0.999963       218678     27306.67
 1749024.767     0.999969       218680     32768.00
 1749024.767     0.999973       218680     36408.89
 1749024.767     0.999976       218680     40960.00
 1751121.919     0.999979       218682     46811.43
 1751121.919     0.999982       218682     54613.33
 1751121.919     0.999985       218682     65536.00
 1751121.919     0.999986       218682     72817.78
 1752170.495     0.999988       218684     81920.00
 1752170.495     0.999989       218684     93622.86
 1752170.495     0.999991       218684    109226.67
 1752170.495     0.999992       218684    131072.00
 1752170.495     0.999993       218684    145635.56
 1752170.495     0.999994       218684    163840.00
 1752170.495     0.999995       218684    187245.71
 1752170.495     0.999995       218684    218453.33
 1753219.071     0.999996       218685    262144.00
 1753219.071     1.000000       218685          inf
#[Mean    =   844866.133, StdDeviation   =   485774.034]
#[Max     =  1752170.496, Total count    =       218685]
#[Buckets =           27, SubBuckets     =         2048]
----------------------------------------------------------
  219616 requests in 30.00m, 102.05MB read
  Socket errors: connect 0, read 281431, write 545419, timeout 47684
  Non-2xx or 3xx responses: 1721
Requests/sec:    122.00
Transfer/sec:     58.05KB
