Running 30m test @ http://20.117.77.122:60/wrk2-api/home-timeline/read
  2 threads and 1000 connections
  Thread calibration: mean lat.: 2844.517ms, rate sampling interval: 10059ms
  Thread calibration: mean lat.: 2897.153ms, rate sampling interval: 9879ms
  Thread Stats   Avg      Stdev     99%   +/- Stdev
    Latency    14.47m     7.62m   27.16m    59.46%
    Req/Sec    52.25      9.89    68.00     64.80%
  Latency Distribution (HdrHistogram - Recorded Latency)
 50.000%   15.32m 
 75.000%   20.81m 
 90.000%   24.40m 
 99.000%   27.16m 
 99.900%   27.84m 
 99.990%   28.15m 
 99.999%   28.33m 
100.000%   28.40m 

  Detailed Percentile spectrum:
       Value   Percentile   TotalCount 1/(1-Percentile)

    2617.343     0.000000            1         1.00
  188350.463     0.100000        18894         1.11
  382205.951     0.200000        37803         1.25
  577241.087     0.300000        56673         1.43
  783286.271     0.400000        75583         1.67
  919076.863     0.500000        94463         2.00
  986710.015     0.550000       103917         2.22
 1052246.015     0.600000       113344         2.50
 1118830.591     0.650000       122867         2.86
 1183842.303     0.700000       132292         3.33
 1248854.015     0.750000       141793         4.00
 1280311.295     0.775000       146420         4.44
 1313865.727     0.800000       151198         5.00
 1349517.311     0.825000       155871         5.71
 1387266.047     0.850000       160652         6.67
 1425014.783     0.875000       165361         8.00
 1443889.151     0.887500       167685         8.89
 1463812.095     0.900000       170109        10.00
 1482686.463     0.912500       172429        11.43
 1500512.255     0.925000       174756        13.33
 1519386.623     0.937500       177195        16.00
 1528823.807     0.943750       178313        17.78
 1538260.991     0.950000       179517        20.00
 1547698.175     0.956250       180667        22.86
 1557135.359     0.962500       181887        26.67
 1567621.119     0.968750       183088        32.00
 1572863.999     0.971875       183648        35.56
 1579155.455     0.975000       184261        40.00
 1586495.487     0.978125       184804        45.71
 1595932.671     0.981250       185391        53.33
 1607467.007     0.984375       185979        64.00
 1613758.463     0.985938       186266        71.11
 1620049.919     0.987500       186567        80.00
 1626341.375     0.989062       186858        91.43
 1632632.831     0.990625       187135       106.67
 1638924.287     0.992188       187439       128.00
 1642070.015     0.992969       187614       142.22
 1644167.167     0.993750       187717       160.00
 1648361.471     0.994531       187907       182.86
 1650458.623     0.995313       188010       213.33
 1653604.351     0.996094       188160       256.00
 1655701.503     0.996484       188250       284.44
 1657798.655     0.996875       188335       320.00
 1658847.231     0.997266       188377       365.71
 1660944.383     0.997656       188458       426.67
 1663041.535     0.998047       188524       512.00
 1664090.111     0.998242       188561       568.89
 1666187.263     0.998437       188621       640.00
 1667235.839     0.998633       188646       731.43
 1669332.991     0.998828       188693       853.33
 1670381.567     0.999023       188716      1024.00
 1671430.143     0.999121       188730      1137.78
 1673527.295     0.999219       188760      1280.00
 1674575.871     0.999316       188774      1462.86
 1675624.447     0.999414       188789      1706.67
 1677721.599     0.999512       188806      2048.00
 1678770.175     0.999561       188818      2275.56
 1678770.175     0.999609       188818      2560.00
 1679818.751     0.999658       188831      2925.71
 1680867.327     0.999707       188838      3413.33
 1682964.479     0.999756       188848      4096.00
 1684013.055     0.999780       188850      4551.11
 1685061.631     0.999805       188857      5120.00
 1686110.207     0.999829       188863      5851.43
 1687158.783     0.999854       188866      6826.67
 1688207.359     0.999878       188870      8192.00
 1689255.935     0.999890       188874      9102.22
 1689255.935     0.999902       188874     10240.00
 1690304.511     0.999915       188878     11702.86
 1690304.511     0.999927       188878     13653.33
 1692401.663     0.999939       188881     16384.00
 1692401.663     0.999945       188881     18204.44
 1693450.239     0.999951       188882     20480.00
 1695547.391     0.999957       188883     23405.71
 1698693.119     0.999963       188885     27306.67
 1699741.695     0.999969       188889     32768.00
 1699741.695     0.999973       188889     36408.89
 1699741.695     0.999976       188889     40960.00
 1699741.695     0.999979       188889     46811.43
 1699741.695     0.999982       188889     54613.33
 1699741.695     0.999985       188889     65536.00
 1699741.695     0.999986       188889     72817.78
 1699741.695     0.999988       188889     81920.00
 1699741.695     0.999989       188889     93622.86
 1700790.271     0.999991       188890    109226.67
 1700790.271     0.999992       188890    131072.00
 1700790.271     0.999993       188890    145635.56
 1700790.271     0.999994       188890    163840.00
 1700790.271     0.999995       188890    187245.71
 1703935.999     0.999995       188891    218453.33
 1703935.999     1.000000       188891          inf
#[Mean    =   868425.289, StdDeviation   =   457448.836]
#[Max     =  1702887.424, Total count    =       188891]
#[Buckets =           27, SubBuckets     =         2048]
----------------------------------------------------------
  191779 requests in 30.00m, 2.52GB read
  Socket errors: connect 0, read 44310, write 257509, timeout 129412
  Non-2xx or 3xx responses: 1254
Requests/sec:    106.54
Transfer/sec:      1.43MB
