Running 60m test @ http://51.145.89.210:60
  2 threads and 1000 connections
  Thread calibration: mean lat.: 4186.368ms, rate sampling interval: 14114ms
  Thread calibration: mean lat.: 4138.332ms, rate sampling interval: 14049ms
  Thread Stats   Avg      Stdev     99%   +/- Stdev
    Latency    22.72m    11.41m   44.32m    61.47%
    Req/Sec   289.77     48.80   344.00     82.71%
  Latency Distribution (HdrHistogram - Recorded Latency)
 50.000%   22.72m 
 75.000%   32.03m 
 90.000%   38.27m 
 99.000%   44.32m 
 99.900%   47.05m 
 99.990%   48.90m 
 99.999%   50.02m 
100.000%   51.10m 

  Detailed Percentile spectrum:
       Value   Percentile   TotalCount 1/(1-Percentile)

    2201.599     0.000000            1         1.00
  441188.351     0.100000       208510         1.11
  700973.055     0.200000       416987         1.25
  920125.439     0.300000       625490         1.43
 1146093.567     0.400000       833497         1.67
 1363148.799     0.500000      1042495         2.00
 1468006.399     0.550000      1146177         2.22
 1572863.999     0.600000      1250439         2.50
 1690304.511     0.650000      1354907         2.86
 1810890.751     0.700000      1459140         3.33
 1922039.807     0.750000      1563448         4.00
 1978662.911     0.775000      1615161         4.44
 2038431.743     0.800000      1667526         5.00
 2098200.575     0.825000      1718916         5.71
 2157969.407     0.850000      1771137         6.67
 2227175.423     0.875000      1823884         8.00
 2262827.007     0.887500      1850463         8.89
 2296381.439     0.900000      1875379        10.00
 2332033.023     0.912500      1902576        11.43
 2367684.607     0.925000      1928037        13.33
 2413821.951     0.937500      1954225        16.00
 2436890.623     0.943750      1967162        17.78
 2457862.143     0.950000      1979807        20.00
 2480930.815     0.956250      1992946        22.86
 2503999.487     0.962500      2005464        26.67
 2533359.615     0.968750      2019014        32.00
 2548039.679     0.971875      2025705        35.56
 2564816.895     0.975000      2032232        40.00
 2581594.111     0.978125      2038256        45.71
 2600468.479     0.981250      2045024        53.33
 2619342.847     0.984375      2050967        64.00
 2629828.607     0.985938      2054817        71.11
 2640314.367     0.987500      2057763        80.00
 2652897.279     0.989062      2061308        91.43
 2665480.191     0.990625      2064480       106.67
 2680160.255     0.992188      2067417       128.00
 2688548.863     0.992969      2068960       142.22
 2699034.623     0.993750      2070697       160.00
 2711617.535     0.994531      2072319       182.86
 2726297.599     0.995313      2073876       213.33
 2743074.815     0.996094      2075485       256.00
 2749366.271     0.996484      2076226       284.44
 2759852.031     0.996875      2077068       320.00
 2770337.791     0.997266      2077850       365.71
 2780823.551     0.997656      2078657       426.67
 2793406.463     0.998047      2079627       512.00
 2797600.767     0.998242      2079959       568.89
 2803892.223     0.998437      2080394       640.00
 2810183.679     0.998633      2080752       731.43
 2816475.135     0.998828      2081123       853.33
 2824863.743     0.999023      2081582      1024.00
 2829058.047     0.999121      2081744      1137.78
 2837446.655     0.999219      2081914      1280.00
 2843738.111     0.999316      2082106      1462.86
 2852126.719     0.999414      2082318      1706.67
 2862612.479     0.999512      2082532      2048.00
 2866806.783     0.999561      2082622      2275.56
 2877292.543     0.999609      2082722      2560.00
 2883583.999     0.999658      2082809      2925.71
 2891972.607     0.999707      2082917      3413.33
 2910846.975     0.999756      2083017      4096.00
 2915041.279     0.999780      2083088      4551.11
 2919235.583     0.999805      2083136      5120.00
 2921332.735     0.999829      2083163      5851.43
 2927624.191     0.999854      2083244      6826.67
 2929721.343     0.999878      2083272      8192.00
 2931818.495     0.999890      2083306      9102.22
 2933915.647     0.999902      2083322     10240.00
 2938109.951     0.999915      2083347     11702.86
 2942304.255     0.999927      2083370     13653.33
 2948595.711     0.999939      2083402     16384.00
 2950692.863     0.999945      2083410     18204.44
 2954887.167     0.999951      2083424     20480.00
 2956984.319     0.999957      2083431     23405.71
 2965372.927     0.999963      2083442     27306.67
 2969567.231     0.999969      2083456     32768.00
 2973761.535     0.999973      2083465     36408.89
 2975858.687     0.999976      2083470     40960.00
 2982150.143     0.999979      2083479     46811.43
 2984247.295     0.999982      2083480     54613.33
 2992635.903     0.999985      2083489     65536.00
 2994733.055     0.999986      2083496     72817.78
 2994733.055     0.999988      2083496     81920.00
 2994733.055     0.999989      2083496     93622.86
 3007315.967     0.999991      2083499    109226.67
 3015704.575     0.999992      2083503    131072.00
 3021996.031     0.999993      2083504    145635.56
 3024093.183     0.999994      2083506    163840.00
 3028287.487     0.999995      2083507    187245.71
 3030384.639     0.999995      2083509    218453.33
 3045064.703     0.999996      2083512    262144.00
 3045064.703     0.999997      2083512    291271.11
 3045064.703     0.999997      2083512    327680.00
 3055550.463     0.999997      2083513    374491.43
 3059744.767     0.999998      2083514    436906.67
 3061841.919     0.999998      2083515    524288.00
 3061841.919     0.999998      2083515    582542.22
 3061841.919     0.999998      2083515    655360.00
 3063939.071     0.999999      2083516    748982.86
 3063939.071     0.999999      2083516    873813.33
 3066036.223     0.999999      2083518   1048576.00
 3066036.223     1.000000      2083518          inf
#[Mean    =  1363366.975, StdDeviation   =   684690.119]
#[Max     =  3063939.072, Total count    =      2083518]
#[Buckets =           27, SubBuckets     =         2048]
----------------------------------------------------------
  2086464 requests in 60.00m, 0.93GB read
  Socket errors: connect 0, read 64, write 504, timeout 34024
  Non-2xx or 3xx responses: 139994
Requests/sec:    579.57
Transfer/sec:    270.86KB
