Running 30m test @ http://20.108.20.29:60/wrk2-api/post/compose
  2 threads and 1000 connections
  Thread calibration: mean lat.: 725.702ms, rate sampling interval: 3760ms
  Thread calibration: mean lat.: 755.293ms, rate sampling interval: 3799ms
  Thread Stats   Avg      Stdev     99%   +/- Stdev
    Latency     7.78m     4.59m   16.34m    58.44%
    Req/Sec   234.13     19.11   273.00     72.80%
  Latency Distribution (HdrHistogram - Recorded Latency)
 50.000%    7.66m 
 75.000%   11.65m 
 90.000%   14.15m 
 99.000%   16.34m 
 99.900%   17.38m 
 99.990%   18.18m 
 99.999%   18.59m 
100.000%   18.65m 

  Detailed Percentile spectrum:
       Value   Percentile   TotalCount 1/(1-Percentile)

      17.087     0.000000            1         1.00
   93257.727     0.100000        83969         1.11
  183369.727     0.200000       168009         1.25
  273154.047     0.300000       252066         1.43
  367263.743     0.400000       335869         1.67
  459800.575     0.500000       419803         2.00
  507248.639     0.550000       461912         2.22
  554172.415     0.600000       503746         2.50
  601882.623     0.650000       545907         2.86
  650641.407     0.700000       588104         3.33
  698875.903     0.750000       629957         4.00
  724041.727     0.775000       650834         4.44
  748683.263     0.800000       671861         5.00
  772800.511     0.825000       692949         5.71
  797966.335     0.850000       713970         6.67
  822607.871     0.875000       734766         8.00
  835715.071     0.887500       745379         8.89
  848822.271     0.900000       755886        10.00
  861929.471     0.912500       766175        11.43
  876085.247     0.925000       776960        13.33
  890241.023     0.937500       787366        16.00
  897581.055     0.943750       792622        17.78
  905445.375     0.950000       797794        20.00
  913833.983     0.956250       802904        22.86
  923271.167     0.962500       808211        26.67
  932708.351     0.968750       813515        32.00
  937951.231     0.971875       816186        35.56
  943194.111     0.975000       818721        40.00
  949485.567     0.978125       821340        45.71
  955777.023     0.981250       823846        53.33
  963117.055     0.984375       826478        64.00
  967311.359     0.985938       827771        71.11
  972029.951     0.987500       829058        80.00
  977272.831     0.989062       830441        91.43
  982515.711     0.990625       831691       106.67
  989331.455     0.992188       833055       128.00
  991952.895     0.992969       833638       142.22
  995622.911     0.993750       834337       160.00
  999817.215     0.994531       835025       182.86
 1004011.519     0.995313       835659       213.33
 1008730.111     0.996094       836307       256.00
 1011351.551     0.996484       836624       284.44
 1014497.279     0.996875       836963       320.00
 1017643.007     0.997266       837249       365.71
 1022361.599     0.997656       837606       426.67
 1027080.191     0.998047       837906       512.00
 1029701.631     0.998242       838063       568.89
 1032847.359     0.998437       838234       640.00
 1037041.663     0.998633       838416       731.43
 1039663.103     0.998828       838563       853.33
 1043333.119     0.999023       838725      1024.00
 1045954.559     0.999121       838803      1137.78
 1049100.287     0.999219       838897      1280.00
 1051721.727     0.999316       838975      1462.86
 1056440.319     0.999414       839050      1706.67
 1061683.199     0.999512       839134      2048.00
 1063256.063     0.999561       839172      2275.56
 1065353.215     0.999609       839221      2560.00
 1067450.367     0.999658       839264      2925.71
 1069547.519     0.999707       839298      3413.33
 1072693.247     0.999756       839335      4096.00
 1075838.975     0.999780       839364      4551.11
 1077936.127     0.999805       839381      5120.00
 1080033.279     0.999829       839396      5851.43
 1082130.431     0.999854       839417      6826.67
 1085276.159     0.999878       839437      8192.00
 1088421.887     0.999890       839449      9102.22
 1092616.191     0.999902       839464     10240.00
 1094713.343     0.999915       839474     11702.86
 1095761.919     0.999927       839480     13653.33
 1099956.223     0.999939       839494     16384.00
 1099956.223     0.999945       839494     18204.44
 1101004.799     0.999951       839500     20480.00
 1102053.375     0.999957       839503     23405.71
 1105199.103     0.999963       839508     27306.67
 1106247.679     0.999969       839513     32768.00
 1107296.255     0.999973       839515     36408.89
 1109393.407     0.999976       839519     40960.00
 1111490.559     0.999979       839521     46811.43
 1112539.135     0.999982       839526     54613.33
 1112539.135     0.999985       839526     65536.00
 1113587.711     0.999986       839529     72817.78
 1113587.711     0.999988       839529     81920.00
 1115684.863     0.999989       839531     93622.86
 1115684.863     0.999991       839531    109226.67
 1116733.439     0.999992       839535    131072.00
 1116733.439     0.999993       839535    145635.56
 1116733.439     0.999994       839535    163840.00
 1116733.439     0.999995       839535    187245.71
 1116733.439     0.999995       839535    218453.33
 1116733.439     0.999996       839535    262144.00
 1117782.015     0.999997       839537    291271.11
 1117782.015     0.999997       839537    327680.00
 1117782.015     0.999997       839537    374491.43
 1117782.015     0.999998       839537    436906.67
 1117782.015     0.999998       839537    524288.00
 1117782.015     0.999998       839537    582542.22
 1117782.015     0.999998       839537    655360.00
 1117782.015     0.999999       839537    748982.86
 1118830.591     0.999999       839538    873813.33
 1118830.591     1.000000       839538          inf
#[Mean    =   466510.941, StdDeviation   =   275219.350]
#[Max     =  1117782.016, Total count    =       839538]
#[Buckets =           27, SubBuckets     =         2048]
----------------------------------------------------------
  844358 requests in 30.00m, 176.79MB read
  Socket errors: connect 0, read 536, write 19813, timeout 128948
  Non-2xx or 3xx responses: 128134
Requests/sec:    469.09
Transfer/sec:    100.57KB
