Running 30m test @ http://20.117.73.41:60
  2 threads and 1000 connections
  Thread calibration: mean lat.: 9.321ms, rate sampling interval: 32ms
  Thread calibration: mean lat.: 9.188ms, rate sampling interval: 32ms
  Thread Stats   Avg      Stdev     99%   +/- Stdev
    Latency     2.94s     2.78s   11.76s    70.70%
    Req/Sec     1.00k   288.87     1.74k    81.52%
  Latency Distribution (HdrHistogram - Recorded Latency)
 50.000%    2.40s 
 75.000%    4.42s 
 90.000%    6.44s 
 99.000%   11.76s 
 99.900%   21.74s 
 99.990%   27.36s 
 99.999%   31.03s 
100.000%   38.31s 

  Detailed Percentile spectrum:
       Value   Percentile   TotalCount 1/(1-Percentile)

       0.117     0.000000            1         1.00
      13.655     0.100000       353851         1.11
     433.151     0.200000       707720         1.25
    1044.479     0.300000      1061602         1.43
    1702.911     0.400000      1415220         1.67
    2398.207     0.500000      1769689         2.00
    2758.655     0.550000      1946691         2.22
    3131.391     0.600000      2123096         2.50
    3524.607     0.650000      2300153         2.86
    3946.495     0.700000      2477370         3.33
    4415.487     0.750000      2654908         4.00
    4669.439     0.775000      2742503         4.44
    4947.967     0.800000      2831558         5.00
    5251.071     0.825000      2919406         5.71
    5591.039     0.850000      3008062         6.67
    5976.063     0.875000      3096207         8.00
    6197.247     0.887500      3140502         8.89
    6438.911     0.900000      3184852        10.00
    6705.151     0.912500      3228527        11.43
    7016.447     0.925000      3273189        13.33
    7376.895     0.937500      3316974        16.00
    7589.887     0.943750      3339309        17.78
    7823.359     0.950000      3361343        20.00
    8093.695     0.956250      3383460        22.86
    8404.991     0.962500      3405448        26.67
    8790.015     0.968750      3427753        32.00
    9011.199     0.971875      3438554        35.56
    9273.343     0.975000      3449751        40.00
    9568.255     0.978125      3460684        45.71
    9928.703     0.981250      3471876        53.33
   10395.647     0.984375      3482906        64.00
   10674.175     0.985938      3488366        71.11
   11018.239     0.987500      3493832        80.00
   11444.223     0.989062      3499440        91.43
   11976.703     0.990625      3504875       106.67
   12713.983     0.992188      3510414       128.00
   13156.351     0.992969      3513177       142.22
   13688.831     0.993750      3515939       160.00
   14327.807     0.994531      3518693       182.86
   15106.047     0.995313      3521454       213.33
   16056.319     0.996094      3524227       256.00
   16580.607     0.996484      3525614       284.44
   17154.047     0.996875      3526998       320.00
   17793.023     0.997266      3528394       365.71
   18464.767     0.997656      3529752       426.67
   19234.815     0.998047      3531140       512.00
   19677.183     0.998242      3531830       568.89
   20119.551     0.998437      3532511       640.00
   20643.839     0.998633      3533218       731.43
   21184.511     0.998828      3533897       853.33
   21823.487     0.999023      3534599      1024.00
   22151.167     0.999121      3534930      1137.78
   22495.231     0.999219      3535284      1280.00
   22937.599     0.999316      3535628      1462.86
   23429.119     0.999414      3535969      1706.67
   23920.639     0.999512      3536320      2048.00
   24182.783     0.999561      3536488      2275.56
   24461.311     0.999609      3536657      2560.00
   24805.375     0.999658      3536835      2925.71
   25133.055     0.999707      3537011      3413.33
   25526.271     0.999756      3537181      4096.00
   25739.263     0.999780      3537262      4551.11
   26001.407     0.999805      3537351      5120.00
   26329.087     0.999829      3537436      5851.43
   26656.767     0.999854      3537522      6826.67
   27017.215     0.999878      3537610      8192.00
   27213.823     0.999890      3537652      9102.22
   27377.663     0.999902      3537693     10240.00
   27623.423     0.999915      3537738     11702.86
   27869.183     0.999927      3537779     13653.33
   28246.015     0.999939      3537824     16384.00
   28393.471     0.999945      3537844     18204.44
   28540.927     0.999951      3537867     20480.00
   28704.767     0.999957      3537887     23405.71
   28966.911     0.999963      3537910     27306.67
   29179.903     0.999969      3537932     32768.00
   29327.359     0.999973      3537941     36408.89
   29491.199     0.999976      3537953     40960.00
   29605.887     0.999979      3537963     46811.43
   29917.183     0.999982      3537974     54613.33
   30326.783     0.999985      3537985     65536.00
   30457.855     0.999986      3537990     72817.78
   30621.695     0.999988      3537995     81920.00
   30932.991     0.999989      3538001     93622.86
   31145.983     0.999991      3538006    109226.67
   31670.271     0.999992      3538012    131072.00
   31768.575     0.999993      3538014    145635.56
   32210.943     0.999994      3538017    163840.00
   32931.839     0.999995      3538020    187245.71
   33783.807     0.999995      3538022    218453.33
   34734.079     0.999996      3538025    262144.00
   35127.295     0.999997      3538026    291271.11
   36306.943     0.999997      3538028    327680.00
   37453.823     0.999997      3538029    374491.43
   37683.199     0.999998      3538030    436906.67
   38010.879     0.999998      3538032    524288.00
   38010.879     0.999998      3538032    582542.22
   38043.647     0.999998      3538033    655360.00
   38076.415     0.999999      3538034    748982.86
   38076.415     0.999999      3538034    873813.33
   38141.951     0.999999      3538035   1048576.00
   38141.951     0.999999      3538035   1165084.44
   38207.487     0.999999      3538036   1310720.00
   38207.487     0.999999      3538036   1497965.71
   38207.487     0.999999      3538036   1747626.67
   38240.255     1.000000      3538037   2097152.00
   38240.255     1.000000      3538037   2330168.89
   38240.255     1.000000      3538037   2621440.00
   38240.255     1.000000      3538037   2995931.43
   38240.255     1.000000      3538037   3495253.33
   38305.791     1.000000      3538038   4194304.00
   38305.791     1.000000      3538038          inf
#[Mean    =     2942.759, StdDeviation   =     2780.886]
#[Max     =    38273.024, Total count    =      3538038]
#[Buckets =           27, SubBuckets     =         2048]
----------------------------------------------------------
  3556837 requests in 30.00m, 1.62GB read
  Socket errors: connect 0, read 1793, write 9427, timeout 16269
Requests/sec:   1976.02
Transfer/sec:      0.92MB
