Running 60m test @ http://51.140.97.82:60
  2 threads and 1000 connections
  Thread calibration: mean lat.: 773.903ms, rate sampling interval: 3336ms
  Thread calibration: mean lat.: 732.124ms, rate sampling interval: 3176ms
  Thread Stats   Avg      Stdev     99%   +/- Stdev
    Latency    34.68s    13.49s    1.13m    70.71%
    Req/Sec     0.99k    38.71     1.08k    75.46%
  Latency Distribution (HdrHistogram - Recorded Latency)
 50.000%   34.50s 
 75.000%   43.29s 
 90.000%    0.86m 
 99.000%    1.13m 
 99.900%    1.34m 
 99.990%    1.49m 
 99.999%    1.56m 
100.000%    1.63m 

  Detailed Percentile spectrum:
       Value   Percentile   TotalCount 1/(1-Percentile)

       2.671     0.000000            1         1.00
   18022.399     0.100000       709850         1.11
   24150.015     0.200000      1420630         1.25
   27983.871     0.300000      2130316         1.43
   31293.439     0.400000      2839843         1.67
   34504.703     0.500000      3556323         2.00
   36110.335     0.550000      3909045         2.22
   37781.503     0.600000      4265702         2.50
   39485.439     0.650000      4619208         2.86
   41287.679     0.700000      4969132         3.33
   43286.527     0.750000      5327377         4.00
   44335.103     0.775000      5501194         4.44
   45514.751     0.800000      5682347         5.00
   46759.935     0.825000      5856772         5.71
   48201.727     0.850000      6036194         6.67
   49807.359     0.875000      6212850         8.00
   50692.095     0.887500      6300493         8.89
   51675.135     0.900000      6389215        10.00
   52789.247     0.912500      6478258        11.43
   54034.431     0.925000      6565932        13.33
   55476.223     0.937500      6655274        16.00
   56295.423     0.943750      6700079        17.78
   57180.159     0.950000      6743319        20.00
   58195.967     0.956250      6788219        22.86
   59310.079     0.962500      6832430        26.67
   60588.031     0.968750      6876671        32.00
   61308.927     0.971875      6898552        35.56
   62128.127     0.975000      6921149        40.00
   63012.863     0.978125      6943138        45.71
   64061.439     0.981250      6965741        53.33
   65175.551     0.984375      6987311        64.00
   65863.679     0.985938      6998773        71.11
   66584.575     0.987500      7009393        80.00
   67436.543     0.989062      7020942        91.43
   68354.047     0.990625      7031978       106.67
   69402.623     0.992188      7042926       128.00
   69992.447     0.992969      7048379       142.22
   70647.807     0.993750      7053787       160.00
   71434.239     0.994531      7059384       182.86
   72286.207     0.995313      7064920       213.33
   73269.247     0.996094      7070454       256.00
   73859.071     0.996484      7073312       284.44
   74514.431     0.996875      7075995       320.00
   75235.327     0.997266      7078729       365.71
   76021.759     0.997656      7081468       426.67
   77004.799     0.998047      7084398       512.00
   77463.551     0.998242      7085684       568.89
   78053.375     0.998437      7087100       640.00
   78708.735     0.998633      7088449       731.43
   79495.167     0.998828      7089852       853.33
   80347.135     0.999023      7091177      1024.00
   80871.423     0.999121      7091888      1137.78
   81461.247     0.999219      7092556      1280.00
   82182.143     0.999316      7093275      1462.86
   82903.039     0.999414      7093952      1706.67
   83755.007     0.999512      7094671      2048.00
   84213.759     0.999561      7095017      2275.56
   84672.511     0.999609      7095337      2560.00
   85262.335     0.999658      7095691      2925.71
   85852.159     0.999707      7096024      3413.33
   86507.519     0.999756      7096381      4096.00
   86900.735     0.999780      7096545      4551.11
   87293.951     0.999805      7096732      5120.00
   87687.167     0.999829      7096887      5851.43
   88145.919     0.999854      7097076      6826.67
   88604.671     0.999878      7097233      8192.00
   88932.351     0.999890      7097320      9102.22
   89325.567     0.999902      7097415     10240.00
   89718.783     0.999915      7097508     11702.86
   90243.071     0.999927      7097588     13653.33
   90767.359     0.999939      7097674     16384.00
   90963.967     0.999945      7097711     18204.44
   91226.111     0.999951      7097761     20480.00
   91422.719     0.999957      7097796     23405.71
   91684.863     0.999963      7097842     27306.67
   92012.543     0.999969      7097891     32768.00
   92143.615     0.999973      7097911     36408.89
   92340.223     0.999976      7097927     40960.00
   92602.367     0.999979      7097949     46811.43
   92864.511     0.999982      7097970     54613.33
   93192.191     0.999985      7097992     65536.00
   93388.799     0.999986      7098002     72817.78
   93519.871     0.999988      7098012     81920.00
   93716.479     0.999989      7098024     93622.86
   93913.087     0.999991      7098037    109226.67
   94109.695     0.999992      7098044    131072.00
   94306.303     0.999993      7098051    145635.56
   94437.375     0.999994      7098056    163840.00
   94568.447     0.999995      7098061    187245.71
   94765.055     0.999995      7098069    218453.33
   94896.127     0.999996      7098072    262144.00
   94961.663     0.999997      7098075    291271.11
   95027.199     0.999997      7098077    327680.00
   95092.735     0.999997      7098082    374491.43
   95092.735     0.999998      7098082    436906.67
   95223.807     0.999998      7098085    524288.00
   95485.951     0.999998      7098086    582542.22
   95748.095     0.999998      7098088    655360.00
   95813.631     0.999999      7098089    748982.86
   95879.167     0.999999      7098090    873813.33
   96075.775     0.999999      7098093   1048576.00
   96075.775     0.999999      7098093   1165084.44
   96075.775     0.999999      7098093   1310720.00
   96862.207     0.999999      7098094   1497965.71
   96862.207     0.999999      7098094   1747626.67
   96993.279     1.000000      7098095   2097152.00
   96993.279     1.000000      7098095   2330168.89
   97124.351     1.000000      7098096   2621440.00
   97124.351     1.000000      7098096   2995931.43
   97124.351     1.000000      7098096   3495253.33
   97386.495     1.000000      7098097   4194304.00
   97386.495     1.000000      7098097   4660337.78
   97386.495     1.000000      7098097   5242880.00
   97386.495     1.000000      7098097   5991862.86
   97386.495     1.000000      7098097   6990506.67
   97583.103     1.000000      7098098   8388608.00
   97583.103     1.000000      7098098          inf
#[Mean    =    34678.327, StdDeviation   =    13486.342]
#[Max     =    97517.568, Total count    =      7098098]
#[Buckets =           27, SubBuckets     =         2048]
----------------------------------------------------------
  7114464 requests in 60.00m, 3.21GB read
  Socket errors: connect 0, read 34, write 488, timeout 32836
  Non-2xx or 3xx responses: 211494
Requests/sec:   1976.24
Transfer/sec:      0.91MB
