Running 30m test @ http://20.108.10.63:60
  2 threads and 1000 connections
  Thread calibration: mean lat.: 3820.507ms, rate sampling interval: 13688ms
  Thread calibration: mean lat.: 3842.791ms, rate sampling interval: 13623ms
  Thread Stats   Avg      Stdev     99%   +/- Stdev
    Latency    12.40m     7.08m   24.50m    57.81%
    Req/Sec   176.23      8.56   193.00     78.54%
  Latency Distribution (HdrHistogram - Recorded Latency)
 50.000%   12.42m 
 75.000%   18.52m 
 90.000%   22.18m 
 99.000%   24.50m 
 99.900%   25.04m 
 99.990%   25.34m 
 99.999%   25.50m 
100.000%   25.57m 

  Detailed Percentile spectrum:
       Value   Percentile   TotalCount 1/(1-Percentile)

    1446.911     0.000000            1         1.00
  153747.455     0.100000        63247         1.11
  301727.743     0.200000       126607         1.25
  449839.103     0.300000       189793         1.43
  598212.607     0.400000       253175         1.67
  745013.247     0.500000       316416         2.00
  818413.567     0.550000       347932         2.22
  892338.175     0.600000       379518         2.50
  965214.207     0.650000       411309         2.86
 1038090.239     0.700000       442906         3.33
 1111490.559     0.750000       474336         4.00
 1149239.295     0.775000       490506         4.44
 1183842.303     0.800000       506006         5.00
 1221591.039     0.825000       522171         5.71
 1258291.199     0.850000       537841         6.67
 1293942.783     0.875000       553725         8.00
 1311768.575     0.887500       561299         8.89
 1330642.943     0.900000       569243        10.00
 1350565.887     0.912500       577400        11.43
 1369440.255     0.925000       585365        13.33
 1388314.623     0.937500       593337        16.00
 1396703.231     0.943750       596985        17.78
 1406140.415     0.950000       601024        20.00
 1415577.599     0.956250       605046        22.86
 1425014.783     0.962500       609024        26.67
 1434451.967     0.968750       612943        32.00
 1439694.847     0.971875       615044        35.56
 1443889.151     0.975000       616676        40.00
 1449132.031     0.978125       618800        45.71
 1454374.911     0.981250       620835        53.33
 1459617.791     0.984375       622833        64.00
 1461714.943     0.985938       623666        71.11
 1464860.671     0.987500       624724        80.00
 1468006.399     0.989062       625739        91.43
 1471152.127     0.990625       626705       106.67
 1474297.855     0.992188       627566       128.00
 1476395.007     0.992969       628044       142.22
 1478492.159     0.993750       628538       160.00
 1480589.311     0.994531       629007       182.86
 1483735.039     0.995313       629638       213.33
 1485832.191     0.996094       630011       256.00
 1487929.343     0.996484       630348       284.44
 1488977.919     0.996875       630508       320.00
 1491075.071     0.997266       630807       365.71
 1493172.223     0.997656       631053       426.67
 1495269.375     0.998047       631275       512.00
 1496317.951     0.998242       631369       568.89
 1497366.527     0.998437       631464       640.00
 1499463.679     0.998633       631632       731.43
 1501560.831     0.998828       631777       853.33
 1502609.407     0.999023       631840      1024.00
 1503657.983     0.999121       631911      1137.78
 1504706.559     0.999219       631984      1280.00
 1505755.135     0.999316       632038      1462.86
 1506803.711     0.999414       632094      1706.67
 1508900.863     0.999512       632164      2048.00
 1509949.439     0.999561       632194      2275.56
 1510998.015     0.999609       632223      2560.00
 1512046.591     0.999658       632247      2925.71
 1513095.167     0.999707       632273      3413.33
 1514143.743     0.999756       632302      4096.00
 1515192.319     0.999780       632314      4551.11
 1516240.895     0.999805       632332      5120.00
 1517289.471     0.999829       632346      5851.43
 1518338.047     0.999854       632358      6826.67
 1519386.623     0.999878       632372      8192.00
 1520435.199     0.999890       632386      9102.22
 1520435.199     0.999902       632386     10240.00
 1521483.775     0.999915       632397     11702.86
 1522532.351     0.999927       632404     13653.33
 1523580.927     0.999939       632413     16384.00
 1523580.927     0.999945       632413     18204.44
 1525678.079     0.999951       632424     20480.00
 1525678.079     0.999957       632424     23405.71
 1525678.079     0.999963       632424     27306.67
 1526726.655     0.999969       632428     32768.00
 1527775.231     0.999973       632433     36408.89
 1527775.231     0.999976       632433     40960.00
 1528823.807     0.999979       632440     46811.43
 1528823.807     0.999982       632440     54613.33
 1528823.807     0.999985       632440     65536.00
 1528823.807     0.999986       632440     72817.78
 1528823.807     0.999988       632440     81920.00
 1529872.383     0.999989       632443     93622.86
 1529872.383     0.999991       632443    109226.67
 1529872.383     0.999992       632443    131072.00
 1529872.383     0.999993       632443    145635.56
 1531969.535     0.999994       632445    163840.00
 1531969.535     0.999995       632445    187245.71
 1531969.535     0.999995       632445    218453.33
 1531969.535     0.999996       632445    262144.00
 1531969.535     0.999997       632445    291271.11
 1533018.111     0.999997       632446    327680.00
 1533018.111     0.999997       632446    374491.43
 1533018.111     0.999998       632446    436906.67
 1533018.111     0.999998       632446    524288.00
 1533018.111     0.999998       632446    582542.22
 1534066.687     0.999998       632447    655360.00
 1534066.687     1.000000       632447          inf
#[Mean    =   743703.493, StdDeviation   =   425086.592]
#[Max     =  1533018.112, Total count    =       632447]
#[Buckets =           27, SubBuckets     =         2048]
----------------------------------------------------------
  635418 requests in 30.00m, 295.89MB read
  Socket errors: connect 0, read 204, write 798, timeout 16289
  Non-2xx or 3xx responses: 1
Requests/sec:    352.99
Transfer/sec:    168.32KB
