Running 60m test @ http://20.117.149.178:60
  2 threads and 1000 connections
  Thread calibration: mean lat.: 3361.180ms, rate sampling interval: 12247ms
  Thread calibration: mean lat.: 3336.768ms, rate sampling interval: 12107ms
  Thread Stats   Avg      Stdev     99%   +/- Stdev
    Latency    15.20m     6.59m   27.40m    63.62%
    Req/Sec   571.81    108.26   668.00     84.21%
  Latency Distribution (HdrHistogram - Recorded Latency)
 50.000%   15.48m 
 75.000%   20.46m 
 90.000%   23.77m 
 99.000%   27.40m 
 99.900%   29.45m 
 99.990%   30.79m 
 99.999%   31.88m 
100.000%   32.00m 

  Detailed Percentile spectrum:
       Value   Percentile   TotalCount 1/(1-Percentile)

    1620.991     0.000000            1         1.00
  379846.655     0.100000       411119         1.11
  552075.263     0.200000       822523         1.25
  682098.687     0.300000      1233693         1.43
  808452.095     0.400000      1644525         1.67
  928514.047     0.500000      2055585         2.00
  987234.303     0.550000      2260342         2.22
 1047527.423     0.600000      2466093         2.50
 1108344.831     0.650000      2672144         2.86
 1168113.663     0.700000      2877896         3.33
 1227882.495     0.750000      3082102         4.00
 1259339.775     0.775000      3184930         4.44
 1291845.631     0.800000      3288150         5.00
 1323302.911     0.825000      3390176         5.71
 1356857.343     0.850000      3494187         6.67
 1390411.775     0.875000      3597388         8.00
 1407188.991     0.887500      3647002         8.89
 1426063.359     0.900000      3698116        10.00
 1445986.303     0.912500      3749448        11.43
 1466957.823     0.925000      3802988        13.33
 1490026.495     0.937500      3854284        16.00
 1500512.255     0.943750      3878371        17.78
 1513095.167     0.950000      3904904        20.00
 1526726.655     0.956250      3930415        22.86
 1541406.719     0.962500      3955097        26.67
 1559232.511     0.968750      3981426        32.00
 1566572.543     0.971875      3993424        35.56
 1577058.303     0.975000      4007190        40.00
 1587544.063     0.978125      4019126        45.71
 1599078.399     0.981250      4031836        53.33
 1613758.463     0.984375      4045323        64.00
 1621098.495     0.985938      4051372        71.11
 1629487.103     0.987500      4057892        80.00
 1638924.287     0.989062      4064421        91.43
 1648361.471     0.990625      4070709       106.67
 1658847.231     0.992188      4077101       128.00
 1665138.687     0.992969      4080236       142.22
 1671430.143     0.993750      4083177       160.00
 1679818.751     0.994531      4086574       182.86
 1691353.087     0.995313      4089687       213.33
 1703935.999     0.996094      4092943       256.00
 1710227.455     0.996484      4094390       284.44
 1716518.911     0.996875      4096117       320.00
 1722810.367     0.997266      4097562       365.71
 1730150.399     0.997656      4099240       426.67
 1736441.855     0.998047      4100819       512.00
 1740636.159     0.998242      4101588       568.89
 1745879.039     0.998437      4102418       640.00
 1752170.495     0.998633      4103275       731.43
 1759510.527     0.998828      4104028       853.33
 1767899.135     0.999023      4104871      1024.00
 1771044.863     0.999121      4105188      1137.78
 1776287.743     0.999219      4105654      1280.00
 1780482.047     0.999316      4106106      1462.86
 1783627.775     0.999414      4106478      1706.67
 1787822.079     0.999512      4106792      2048.00
 1792016.383     0.999561      4107023      2275.56
 1796210.687     0.999609      4107202      2560.00
 1800404.991     0.999658      4107417      2925.71
 1807745.023     0.999707      4107608      3413.33
 1815085.055     0.999756      4107801      4096.00
 1819279.359     0.999780      4107901      4551.11
 1822425.087     0.999805      4108024      5120.00
 1825570.815     0.999829      4108095      5851.43
 1831862.271     0.999854      4108192      6826.67
 1842348.031     0.999878      4108301      8192.00
 1846542.335     0.999890      4108352      9102.22
 1848639.487     0.999902      4108399     10240.00
 1852833.791     0.999915      4108446     11702.86
 1862270.975     0.999927      4108493     13653.33
 1876951.039     0.999939      4108545     16384.00
 1884291.071     0.999945      4108568     18204.44
 1888485.375     0.999951      4108597     20480.00
 1893728.255     0.999957      4108632     23405.71
 1895825.407     0.999963      4108644     27306.67
 1897922.559     0.999969      4108674     32768.00
 1898971.135     0.999973      4108688     36408.89
 1900019.711     0.999976      4108693     40960.00
 1907359.743     0.999979      4108707     46811.43
 1909456.895     0.999982      4108731     54613.33
 1909456.895     0.999985      4108731     65536.00
 1910505.471     0.999986      4108741     72817.78
 1911554.047     0.999988      4108745     81920.00
 1912602.623     0.999989      4108752     93622.86
 1913651.199     0.999991      4108756    109226.67
 1915748.351     0.999992      4108769    131072.00
 1915748.351     0.999993      4108769    145635.56
 1915748.351     0.999994      4108769    163840.00
 1916796.927     0.999995      4108778    187245.71
 1916796.927     0.999995      4108778    218453.33
 1916796.927     0.999996      4108778    262144.00
 1917845.503     0.999997      4108783    291271.11
 1917845.503     0.999997      4108783    327680.00
 1917845.503     0.999997      4108783    374491.43
 1918894.079     0.999998      4108788    436906.67
 1918894.079     0.999998      4108788    524288.00
 1918894.079     0.999998      4108788    582542.22
 1918894.079     0.999998      4108788    655360.00
 1918894.079     0.999999      4108788    748982.86
 1919942.655     0.999999      4108793    873813.33
 1919942.655     1.000000      4108793          inf
#[Mean    =   912177.566, StdDeviation   =   395216.020]
#[Max     =  1918894.080, Total count    =      4108793]
#[Buckets =           27, SubBuckets     =         2048]
----------------------------------------------------------
  4114607 requests in 60.00m, 1.85GB read
  Socket errors: connect 0, read 47, write 300, timeout 32935
  Non-2xx or 3xx responses: 202718
Requests/sec:   1142.95
Transfer/sec:    537.52KB
