Running 30m test @ http://20.108.189.231:60/wrk2-api/post/compose
  2 threads and 1000 connections
  Thread calibration: mean lat.: 620.053ms, rate sampling interval: 3276ms
  Thread calibration: mean lat.: 608.834ms, rate sampling interval: 3469ms
  Thread Stats   Avg      Stdev     99%   +/- Stdev
    Latency     5.01m     3.07m   11.37m    59.87%
    Req/Sec   326.84     27.92   381.00     75.54%
  Latency Distribution (HdrHistogram - Recorded Latency)
 50.000%    4.84m 
 75.000%    7.50m 
 90.000%    9.29m 
 99.000%   11.37m 
 99.900%   12.81m 
 99.990%   13.56m 
 99.999%   14.02m 
100.000%   14.38m 

  Detailed Percentile spectrum:
       Value   Percentile   TotalCount 1/(1-Percentile)

       4.559     0.000000            1         1.00
   57573.375     0.100000       117147         1.11
  114098.175     0.200000       234233         1.25
  171311.103     0.300000       351460         1.43
  229507.071     0.400000       468383         1.67
  290455.551     0.500000       585492         2.00
  320602.111     0.550000       644093         2.22
  351272.959     0.600000       702776         2.50
  384303.103     0.650000       761380         2.86
  417071.103     0.700000       819854         3.33
  449839.103     0.750000       878249         4.00
  466092.031     0.775000       907715         4.44
  483393.535     0.800000       937002         5.00
  501481.471     0.825000       966358         5.71
  519045.119     0.850000       995344         6.67
  538443.775     0.875000      1025062         8.00
  547880.959     0.887500      1039975         8.89
  557318.143     0.900000      1054044        10.00
  567803.903     0.912500      1068755        11.43
  579862.527     0.925000      1083421        13.33
  592445.439     0.937500      1097939        16.00
  599785.471     0.943750      1105489        17.78
  606601.215     0.950000      1112588        20.00
  613941.247     0.956250      1119793        22.86
  621805.567     0.962500      1127078        26.67
  631767.039     0.968750      1134615        32.00
  637009.919     0.971875      1138074        35.56
  642777.087     0.975000      1141774        40.00
  649068.543     0.978125      1145354        45.71
  656408.575     0.981250      1149040        53.33
  664797.183     0.984375      1152816        64.00
  668991.487     0.985938      1154591        71.11
  673710.079     0.987500      1156338        80.00
  678952.959     0.989062      1158201        91.43
  684720.127     0.990625      1160006       106.67
  692584.447     0.992188      1161837       128.00
  696778.751     0.992969      1162709       142.22
  701497.343     0.993750      1163627       160.00
  707264.511     0.994531      1164541       182.86
  713555.967     0.995313      1165477       213.33
  720371.711     0.996094      1166403       256.00
  724566.015     0.996484      1166827       284.44
  729284.607     0.996875      1167306       320.00
  734003.199     0.997266      1167741       365.71
  739770.367     0.997656      1168213       426.67
  746586.111     0.998047      1168687       512.00
  749731.839     0.998242      1168894       568.89
  754974.719     0.998437      1169143       640.00
  758644.735     0.998633      1169344       731.43
  763887.615     0.998828      1169583       853.33
  769130.495     0.999023      1169799      1024.00
  771751.935     0.999121      1169929      1137.78
  774373.375     0.999219      1170048      1280.00
  776470.527     0.999316      1170143      1462.86
  779091.967     0.999414      1170282      1706.67
  781713.407     0.999512      1170386      2048.00
  783810.559     0.999561      1170431      2275.56
  785907.711     0.999609      1170490      2560.00
  789053.439     0.999658      1170548      2925.71
  792199.167     0.999707      1170605      3413.33
  795869.183     0.999756      1170657      4096.00
  797966.335     0.999780      1170694      4551.11
  799539.199     0.999805      1170716      5120.00
  802684.927     0.999829      1170744      5851.43
  805306.367     0.999854      1170772      6826.67
  808452.095     0.999878      1170801      8192.00
  810549.247     0.999890      1170814      9102.22
  814219.263     0.999902      1170827     10240.00
  816316.415     0.999915      1170841     11702.86
  819462.143     0.999927      1170857     13653.33
  823132.159     0.999939      1170872     16384.00
  824180.735     0.999945      1170879     18204.44
  824705.023     0.999951      1170888     20480.00
  825229.311     0.999957      1170894     23405.71
  826277.887     0.999963      1170899     27306.67
  832569.343     0.999969      1170907     32768.00
  834142.207     0.999973      1170910     36408.89
  834666.495     0.999976      1170914     40960.00
  835190.783     0.999979      1170916     46811.43
  836763.647     0.999982      1170921     54613.33
  837812.223     0.999985      1170926     65536.00
  837812.223     0.999986      1170926     72817.78
  838336.511     0.999988      1170928     81920.00
  840957.951     0.999989      1170931     93622.86
  840957.951     0.999991      1170931    109226.67
  843055.103     0.999992      1170933    131072.00
  843055.103     0.999993      1170933    145635.56
  843579.391     0.999994      1170934    163840.00
  844103.679     0.999995      1170935    187245.71
  844627.967     0.999995      1170936    218453.33
  847773.695     0.999996      1170937    262144.00
  847773.695     0.999997      1170937    291271.11
  848297.983     0.999997      1170938    327680.00
  848297.983     0.999997      1170938    374491.43
  848822.271     0.999998      1170939    436906.67
  848822.271     0.999998      1170939    524288.00
  848822.271     0.999998      1170939    582542.22
  859832.319     0.999998      1170940    655360.00
  859832.319     0.999999      1170940    748982.86
  859832.319     0.999999      1170940    873813.33
  859832.319     0.999999      1170940   1048576.00
  859832.319     0.999999      1170940   1165084.44
  862978.047     0.999999      1170941   1310720.00
  862978.047     1.000000      1170941          inf
#[Mean    =   300672.600, StdDeviation   =   184421.123]
#[Max     =   862453.760, Total count    =      1170941]
#[Buckets =           27, SubBuckets     =         2048]
----------------------------------------------------------
  1177304 requests in 30.00m, 236.51MB read
  Socket errors: connect 0, read 285, write 43457, timeout 121760
  Non-2xx or 3xx responses: 113435
Requests/sec:    654.06
Transfer/sec:    134.55KB
