Running 30m test @ http://20.108.189.231:60/wrk2-api/home-timeline/read
  2 threads and 1000 connections
  Thread calibration: mean lat.: 11.561ms, rate sampling interval: 41ms
  Thread calibration: mean lat.: 11.648ms, rate sampling interval: 40ms
  Thread Stats   Avg      Stdev     99%   +/- Stdev
    Latency     1.37m     0.99m    3.72m    61.24%
    Req/Sec   467.73    166.60     0.90k    68.21%
  Latency Distribution (HdrHistogram - Recorded Latency)
 50.000%    1.30m 
 75.000%    2.10m 
 90.000%    2.73m 
 99.000%    3.72m 
 99.900%    4.40m 
 99.990%    4.94m 
 99.999%    5.09m 
100.000%    5.22m 

  Detailed Percentile spectrum:
       Value   Percentile   TotalCount 1/(1-Percentile)

       1.110     0.000000            1         1.00
    4497.407     0.100000       161630         1.11
   21544.959     0.200000       323379         1.25
   39649.279     0.300000       484912         1.43
   58523.647     0.400000       646578         1.67
   77791.231     0.500000       808344         2.00
   87097.343     0.550000       889289         2.22
   96468.991     0.600000       970128         2.50
  106168.319     0.650000      1050932         2.86
  115933.183     0.700000      1131786         3.33
  125894.655     0.750000      1212227         4.00
  131203.071     0.775000      1252829         4.44
  136708.095     0.800000      1293098         5.00
  142606.335     0.825000      1333624         5.71
  148897.791     0.850000      1374086         6.67
  155844.607     0.875000      1414328         8.00
  159776.767     0.887500      1434777         8.89
  163971.071     0.900000      1455235        10.00
  168034.303     0.912500      1475197        11.43
  172752.895     0.925000      1495436        13.33
  178126.847     0.937500      1515468        16.00
  181141.503     0.943750      1525361        17.78
  184549.375     0.950000      1535560        20.00
  188481.535     0.956250      1545665        22.86
  193069.055     0.962500      1555747        26.67
  198180.863     0.968750      1565882        32.00
  200802.303     0.971875      1570821        35.56
  203685.887     0.975000      1575932        40.00
  206962.687     0.978125      1581020        45.71
  210501.631     0.981250      1585968        53.33
  214695.935     0.984375      1590989        64.00
  216924.159     0.985938      1593557        71.11
  219283.455     0.987500      1596132        80.00
  221773.823     0.989062      1598638        91.43
  224526.335     0.990625      1601204       106.67
  227540.991     0.992188      1603677       128.00
  229113.855     0.992969      1604888       142.22
  231211.007     0.993750      1606195       160.00
  233701.375     0.994531      1607450       182.86
  236322.815     0.995313      1608713       213.33
  239861.759     0.996094      1609964       256.00
  241958.911     0.996484      1610564       284.44
  244318.207     0.996875      1611195       320.00
  246808.575     0.997266      1611833       365.71
  249298.943     0.997656      1612481       426.67
  252444.671     0.998047      1613106       512.00
  254541.823     0.998242      1613413       568.89
  256770.047     0.998437      1613739       640.00
  258736.127     0.998633      1614033       731.43
  261357.567     0.998828      1614349       853.33
  264372.223     0.999023      1614671      1024.00
  265945.087     0.999121      1614828      1137.78
  267649.023     0.999219      1614988      1280.00
  269746.175     0.999316      1615156      1462.86
  272105.471     0.999414      1615297      1706.67
  276824.063     0.999512      1615453      2048.00
  279183.359     0.999561      1615537      2275.56
  282066.943     0.999609      1615613      2560.00
  284164.095     0.999658      1615694      2925.71
  286261.247     0.999707      1615769      3413.33
  288882.687     0.999756      1615848      4096.00
  290979.839     0.999780      1615896      4551.11
  292028.415     0.999805      1615937      5120.00
  292814.847     0.999829      1615968      5851.43
  293863.423     0.999854      1616006      6826.67
  295174.143     0.999878      1616045      8192.00
  295960.575     0.999890      1616066      9102.22
  296747.007     0.999902      1616093     10240.00
  297009.151     0.999915      1616105     11702.86
  297795.583     0.999927      1616128     13653.33
  298844.159     0.999939      1616151     16384.00
  299106.303     0.999945      1616158     18204.44
  299368.447     0.999951      1616165     20480.00
  299892.735     0.999957      1616182     23405.71
  300154.879     0.999963      1616188     27306.67
  300679.167     0.999969      1616196     32768.00
  300941.311     0.999973      1616200     36408.89
  301203.455     0.999976      1616204     40960.00
  301989.887     0.999979      1616209     46811.43
  302514.175     0.999982      1616213     54613.33
  303038.463     0.999985      1616221     65536.00
  303038.463     0.999986      1616221     72817.78
  304611.327     0.999988      1616223     81920.00
  305397.759     0.999989      1616225     93622.86
  306184.191     0.999991      1616228    109226.67
  306446.335     0.999992      1616230    131072.00
  306970.623     0.999993      1616232    145635.56
  307232.767     0.999994      1616233    163840.00
  307494.911     0.999995      1616237    187245.71
  307494.911     0.999995      1616237    218453.33
  307494.911     0.999996      1616237    262144.00
  307494.911     0.999997      1616237    291271.11
  308019.199     0.999997      1616238    327680.00
  308019.199     0.999997      1616238    374491.43
  308805.631     0.999998      1616239    436906.67
  308805.631     0.999998      1616239    524288.00
  309329.919     0.999998      1616240    582542.22
  309329.919     0.999998      1616240    655360.00
  309329.919     0.999999      1616240    748982.86
  309854.207     0.999999      1616241    873813.33
  309854.207     0.999999      1616241   1048576.00
  309854.207     0.999999      1616241   1165084.44
  309854.207     0.999999      1616241   1310720.00
  309854.207     0.999999      1616241   1497965.71
  313262.079     0.999999      1616242   1747626.67
  313262.079     1.000000      1616242          inf
#[Mean    =    82055.112, StdDeviation   =    59223.949]
#[Max     =   312999.936, Total count    =      1616242]
#[Buckets =           27, SubBuckets     =         2048]
----------------------------------------------------------
  1625705 requests in 30.00m, 21.95GB read
  Socket errors: connect 0, read 2831, write 169631, timeout 122019
  Non-2xx or 3xx responses: 226
Requests/sec:    903.17
Transfer/sec:     12.49MB
