Running 60m test @ http://51.140.161.166:60
  2 threads and 1000 connections
  Thread calibration: mean lat.: 4649.833ms, rate sampling interval: 15114ms
  Thread calibration: mean lat.: 4567.891ms, rate sampling interval: 14819ms
  Thread Stats   Avg      Stdev     99%   +/- Stdev
    Latency    23.42m    11.54m   44.70m    61.27%
    Req/Sec   275.99     50.01   335.00     80.79%
  Latency Distribution (HdrHistogram - Recorded Latency)
 50.000%   23.58m 
 75.000%   32.93m 
 90.000%   38.97m 
 99.000%   44.70m 
 99.900%   47.33m 
 99.990%   49.25m 
 99.999%   49.84m 
100.000%   49.95m 

  Detailed Percentile spectrum:
       Value   Percentile   TotalCount 1/(1-Percentile)

    3725.311     0.000000            1         1.00
  465567.743     0.100000       198656         1.11
  736624.639     0.200000       397033         1.25
  966787.071     0.300000       595763         1.43
 1195376.639     0.400000       794081         1.67
 1414529.023     0.500000       992647         2.00
 1517289.471     0.550000      1091999         2.22
 1624244.223     0.600000      1191589         2.50
 1743781.887     0.650000      1291029         2.86
 1865416.703     0.700000      1390246         3.33
 1975517.183     0.750000      1488681         4.00
 2035286.015     0.775000      1538668         4.44
 2095054.847     0.800000      1588325         5.00
 2155872.255     0.825000      1639230         5.71
 2212495.359     0.850000      1688252         6.67
 2271215.615     0.875000      1737290         8.00
 2302672.895     0.887500      1761960         8.89
 2338324.479     0.900000      1787041        10.00
 2373976.063     0.912500      1812599        11.43
 2409627.647     0.925000      1837071        13.33
 2449473.535     0.937500      1861371        16.00
 2470445.055     0.943750      1874299        17.78
 2491416.575     0.950000      1886660        20.00
 2514485.247     0.956250      1899040        22.86
 2535456.767     0.962500      1910485        26.67
 2560622.591     0.968750      1923176        32.00
 2575302.655     0.971875      1929961        35.56
 2589982.719     0.975000      1935705        40.00
 2604662.783     0.978125      1941629        45.71
 2621439.999     0.981250      1947820        53.33
 2640314.367     0.984375      1954454        64.00
 2650800.127     0.985938      1957384        71.11
 2661285.887     0.987500      1960165        80.00
 2673868.799     0.989062      1963400        91.43
 2686451.711     0.990625      1966382       106.67
 2699034.623     0.992188      1969512       128.00
 2707423.231     0.992969      1971291       142.22
 2715811.839     0.993750      1972759       160.00
 2724200.447     0.994531      1974056       182.86
 2736783.359     0.995313      1975789       213.33
 2751463.423     0.996094      1977181       256.00
 2759852.031     0.996484      1977945       284.44
 2768240.639     0.996875      1978826       320.00
 2776629.247     0.997266      1979530       365.71
 2789212.159     0.997656      1980403       426.67
 2799697.919     0.998047      1981044       512.00
 2805989.375     0.998242      1981435       568.89
 2814377.983     0.998437      1981940       640.00
 2818572.287     0.998633      1982217       731.43
 2829058.047     0.998828      1982636       853.33
 2841640.959     0.999023      1983065      1024.00
 2845835.263     0.999121      1983186      1137.78
 2852126.719     0.999219      1983358      1280.00
 2862612.479     0.999316      1983549      1462.86
 2873098.239     0.999414      1983735      1706.67
 2879389.695     0.999512      1983937      2048.00
 2883583.999     0.999561      1984033      2275.56
 2889875.455     0.999609      1984144      2560.00
 2896166.911     0.999658      1984234      2925.71
 2904555.519     0.999707      1984350      3413.33
 2912944.127     0.999756      1984423      4096.00
 2919235.583     0.999780      1984483      4551.11
 2923429.887     0.999805      1984523      5120.00
 2931818.495     0.999829      1984565      5851.43
 2938109.951     0.999854      1984608      6826.67
 2946498.559     0.999878      1984663      8192.00
 2950692.863     0.999890      1984692      9102.22
 2954887.167     0.999902      1984710     10240.00
 2956984.319     0.999915      1984731     11702.86
 2961178.623     0.999927      1984755     13653.33
 2965372.927     0.999939      1984784     16384.00
 2967470.079     0.999945      1984791     18204.44
 2971664.383     0.999951      1984802     20480.00
 2975858.687     0.999957      1984826     23405.71
 2975858.687     0.999963      1984826     27306.67
 2977955.839     0.999969      1984840     32768.00
 2980052.991     0.999973      1984846     36408.89
 2982150.143     0.999976      1984850     40960.00
 2986344.447     0.999979      1984859     46811.43
 2988441.599     0.999982      1984868     54613.33
 2988441.599     0.999985      1984868     65536.00
 2990538.751     0.999986      1984880     72817.78
 2990538.751     0.999988      1984880     81920.00
 2990538.751     0.999989      1984880     93622.86
 2990538.751     0.999991      1984880    109226.67
 2992635.903     0.999992      1984892    131072.00
 2992635.903     0.999993      1984892    145635.56
 2992635.903     0.999994      1984892    163840.00
 2992635.903     0.999995      1984892    187245.71
 2992635.903     0.999995      1984892    218453.33
 2992635.903     0.999996      1984892    262144.00
 2992635.903     0.999997      1984892    291271.11
 2992635.903     0.999997      1984892    327680.00
 2994733.055     0.999997      1984895    374491.43
 2994733.055     0.999998      1984895    436906.67
 2994733.055     0.999998      1984895    524288.00
 2994733.055     0.999998      1984895    582542.22
 2994733.055     0.999998      1984895    655360.00
 2996830.207     0.999999      1984898    748982.86
 2996830.207     1.000000      1984898          inf
#[Mean    =  1405074.866, StdDeviation   =   692523.051]
#[Max     =  2994733.056, Total count    =      1984898]
#[Buckets =           27, SubBuckets     =         2048]
----------------------------------------------------------
  1987558 requests in 60.00m, 0.89GB read
  Socket errors: connect 0, read 71, write 476, timeout 33619
  Non-2xx or 3xx responses: 130218
Requests/sec:    552.10
Transfer/sec:    258.41KB
