Running 30m test @ http://20.90.249.241:60/wrk2-api/home-timeline/read
  2 threads and 1000 connections
  Thread calibration: mean lat.: 2268.893ms, rate sampling interval: 9936ms
  Thread calibration: mean lat.: 2198.471ms, rate sampling interval: 9830ms
  Thread Stats   Avg      Stdev     99%   +/- Stdev
    Latency    14.57m     7.63m   27.09m    59.07%
    Req/Sec    53.00     10.27    68.00     66.20%
  Latency Distribution (HdrHistogram - Recorded Latency)
 50.000%   15.43m 
 75.000%   20.97m 
 90.000%   24.43m 
 99.000%   27.09m 
 99.900%   27.80m 
 99.990%   28.07m 
 99.999%   28.22m 
100.000%   28.28m 

  Detailed Percentile spectrum:
       Value   Percentile   TotalCount 1/(1-Percentile)

    2324.479     0.000000            1         1.00
  191234.047     0.100000        19153         1.11
  386138.111     0.200000        38305         1.25
  585105.407     0.300000        57443         1.43
  791150.591     0.400000        76625         1.67
  925892.607     0.500000        95742         2.00
  993525.759     0.550000       105346         2.22
 1061158.911     0.600000       114938         2.50
 1128267.775     0.650000       124527         2.86
 1193279.487     0.700000       134033         3.33
 1259339.775     0.750000       143762         4.00
 1290797.055     0.775000       148438         4.44
 1324351.487     0.800000       153181         5.00
 1357905.919     0.825000       157956         5.71
 1393557.503     0.850000       162760         6.67
 1430257.663     0.875000       167584         8.00
 1448083.455     0.887500       169990         8.89
 1465909.247     0.900000       172407        10.00
 1482686.463     0.912500       174738        11.43
 1499463.679     0.925000       177130        13.33
 1517289.471     0.937500       179576        16.00
 1526726.655     0.943750       180800        17.78
 1536163.839     0.950000       182026        20.00
 1544552.447     0.956250       183144        22.86
 1553989.631     0.962500       184376        26.67
 1563426.815     0.968750       185526        32.00
 1568669.695     0.971875       186133        35.56
 1574961.151     0.975000       186758        40.00
 1581252.607     0.978125       187280        45.71
 1590689.791     0.981250       187917        53.33
 1601175.551     0.984375       188483        64.00
 1607467.007     0.985938       188775        71.11
 1614807.039     0.987500       189092        80.00
 1621098.495     0.989062       189378        91.43
 1628438.527     0.990625       189710       106.67
 1634729.983     0.992188       189996       128.00
 1637875.711     0.992969       190154       142.22
 1641021.439     0.993750       190312       160.00
 1644167.167     0.994531       190441       182.86
 1647312.895     0.995313       190590       213.33
 1650458.623     0.996094       190735       256.00
 1652555.775     0.996484       190818       284.44
 1654652.927     0.996875       190895       320.00
 1655701.503     0.997266       190936       365.71
 1657798.655     0.997656       191012       426.67
 1660944.383     0.998047       191109       512.00
 1661992.959     0.998242       191131       568.89
 1663041.535     0.998437       191160       640.00
 1665138.687     0.998633       191216       731.43
 1666187.263     0.998828       191239       853.33
 1668284.415     0.999023       191280      1024.00
 1669332.991     0.999121       191307      1137.78
 1670381.567     0.999219       191324      1280.00
 1671430.143     0.999316       191347      1462.86
 1671430.143     0.999414       191347      1706.67
 1673527.295     0.999512       191369      2048.00
 1674575.871     0.999561       191378      2275.56
 1675624.447     0.999609       191391      2560.00
 1676673.023     0.999658       191400      2925.71
 1677721.599     0.999707       191407      3413.33
 1678770.175     0.999756       191416      4096.00
 1679818.751     0.999780       191426      4551.11
 1679818.751     0.999805       191426      5120.00
 1680867.327     0.999829       191429      5851.43
 1681915.903     0.999854       191436      6826.67
 1681915.903     0.999878       191436      8192.00
 1682964.479     0.999890       191438      9102.22
 1684013.055     0.999902       191441     10240.00
 1685061.631     0.999915       191448     11702.86
 1685061.631     0.999927       191448     13653.33
 1685061.631     0.999939       191448     16384.00
 1686110.207     0.999945       191451     18204.44
 1686110.207     0.999951       191451     20480.00
 1686110.207     0.999957       191451     23405.71
 1688207.359     0.999963       191453     27306.67
 1689255.935     0.999969       191456     32768.00
 1689255.935     0.999973       191456     36408.89
 1689255.935     0.999976       191456     40960.00
 1689255.935     0.999979       191456     46811.43
 1689255.935     0.999982       191456     54613.33
 1693450.239     0.999985       191457     65536.00
 1693450.239     0.999986       191457     72817.78
 1693450.239     0.999988       191457     81920.00
 1693450.239     0.999989       191457     93622.86
 1694498.815     0.999991       191458    109226.67
 1694498.815     0.999992       191458    131072.00
 1694498.815     0.999993       191458    145635.56
 1694498.815     0.999994       191458    163840.00
 1694498.815     0.999995       191458    187245.71
 1696595.967     0.999995       191459    218453.33
 1696595.967     1.000000       191459          inf
#[Mean    =   874324.669, StdDeviation   =   457830.478]
#[Max     =  1695547.392, Total count    =       191459]
#[Buckets =           27, SubBuckets     =         2048]
----------------------------------------------------------
  194386 requests in 30.00m, 2.56GB read
  Socket errors: connect 0, read 41803, write 236688, timeout 126310
  Non-2xx or 3xx responses: 828
Requests/sec:    107.99
Transfer/sec:      1.46MB
