Running 30m test @ http://20.108.51.89:60
  2 threads and 1000 connections
  Thread calibration: mean lat.: 3002.667ms, rate sampling interval: 11567ms
  Thread calibration: mean lat.: 3212.544ms, rate sampling interval: 11935ms
  Thread Stats   Avg      Stdev     99%   +/- Stdev
    Latency     9.02m     5.16m   17.93m    57.85%
    Req/Sec   399.64     17.52   423.00     84.82%
  Latency Distribution (HdrHistogram - Recorded Latency)
 50.000%    9.02m 
 75.000%   13.47m 
 90.000%   16.16m 
 99.000%   17.93m 
 99.900%   18.51m 
 99.990%   18.89m 
 99.999%   19.21m 
100.000%   19.36m 

  Detailed Percentile spectrum:
       Value   Percentile   TotalCount 1/(1-Percentile)

     326.655     0.000000            1         1.00
  113639.423     0.100000       143291         1.11
  220463.103     0.200000       286455         1.25
  326631.423     0.300000       429642         1.43
  433586.175     0.400000       572940         1.67
  541065.215     0.500000       716617         2.00
  594018.303     0.550000       788179         2.22
  647495.679     0.600000       859306         2.50
  701497.343     0.650000       931521         2.86
  754450.431     0.700000      1002633         3.33
  808452.095     0.750000      1074520         4.00
  835715.071     0.775000      1110240         4.44
  862453.759     0.800000      1145938         5.00
  888668.159     0.825000      1181670         5.71
  915931.135     0.850000      1217835         6.67
  942669.823     0.875000      1253823         8.00
  955777.023     0.887500      1271443         8.89
  969408.511     0.900000      1289510        10.00
  983039.999     0.912500      1307209        11.43
  996671.487     0.925000      1325123        13.33
 1010302.975     0.937500      1342975        16.00
 1017118.719     0.943750      1351921        17.78
 1023934.463     0.950000      1360761        20.00
 1030750.207     0.956250      1369780        22.86
 1037565.951     0.962500      1378475        26.67
 1044905.983     0.968750      1387388        32.00
 1049100.287     0.971875      1392322        35.56
 1052770.303     0.975000      1396502        40.00
 1056964.607     0.978125      1401181        45.71
 1061158.911     0.981250      1405517        53.33
 1065877.503     0.984375      1410099        64.00
 1068498.943     0.985938      1412372        71.11
 1071120.383     0.987500      1414562        80.00
 1074790.399     0.989062      1417227        91.43
 1077936.127     0.990625      1419403       106.67
 1081081.855     0.992188      1421242       128.00
 1083179.007     0.992969      1422404       142.22
 1085276.159     0.993750      1423549       160.00
 1087373.311     0.994531      1424583       182.86
 1089470.463     0.995313      1425549       213.33
 1092616.191     0.996094      1426742       256.00
 1093664.767     0.996484      1427137       284.44
 1095761.919     0.996875      1427784       320.00
 1097859.071     0.997266      1428400       365.71
 1099956.223     0.997656      1428968       426.67
 1102053.375     0.998047      1429459       512.00
 1103101.951     0.998242      1429662       568.89
 1105199.103     0.998437      1430000       640.00
 1106247.679     0.998633      1430199       731.43
 1108344.831     0.998828      1430475       853.33
 1111490.559     0.999023      1430852      1024.00
 1112539.135     0.999121      1430977      1137.78
 1113587.711     0.999219      1431076      1280.00
 1114636.287     0.999316      1431186      1462.86
 1116733.439     0.999414      1431374      1706.67
 1117782.015     0.999512      1431452      2048.00
 1118830.591     0.999561      1431528      2275.56
 1119879.167     0.999609      1431592      2560.00
 1120927.743     0.999658      1431653      2925.71
 1123024.895     0.999707      1431736      3413.33
 1125122.047     0.999756      1431812      4096.00
 1126170.623     0.999780      1431837      4551.11
 1127219.199     0.999805      1431860      5120.00
 1128267.775     0.999829      1431894      5851.43
 1130364.927     0.999854      1431949      6826.67
 1131413.503     0.999878      1431962      8192.00
 1132462.079     0.999890      1431984      9102.22
 1133510.655     0.999902      1431996     10240.00
 1134559.231     0.999915      1432017     11702.86
 1135607.807     0.999927      1432030     13653.33
 1137704.959     0.999939      1432053     16384.00
 1138753.535     0.999945      1432064     18204.44
 1138753.535     0.999951      1432064     20480.00
 1139802.111     0.999957      1432075     23405.71
 1140850.687     0.999963      1432084     27306.67
 1141899.263     0.999969      1432092     32768.00
 1142947.839     0.999973      1432099     36408.89
 1142947.839     0.999976      1432099     40960.00
 1143996.415     0.999979      1432110     46811.43
 1143996.415     0.999982      1432110     54613.33
 1145044.991     0.999985      1432114     65536.00
 1145044.991     0.999986      1432114     72817.78
 1149239.295     0.999988      1432116     81920.00
 1151336.447     0.999989      1432118     93622.86
 1155530.751     0.999991      1432121    109226.67
 1156579.327     0.999992      1432124    131072.00
 1156579.327     0.999993      1432124    145635.56
 1157627.903     0.999994      1432128    163840.00
 1157627.903     0.999995      1432128    187245.71
 1157627.903     0.999995      1432128    218453.33
 1157627.903     0.999996      1432128    262144.00
 1159725.055     0.999997      1432129    291271.11
 1159725.055     0.999997      1432129    327680.00
 1160773.631     0.999997      1432132    374491.43
 1160773.631     0.999998      1432132    436906.67
 1160773.631     0.999998      1432132    524288.00
 1160773.631     0.999998      1432132    582542.22
 1160773.631     0.999998      1432132    655360.00
 1160773.631     0.999999      1432132    748982.86
 1160773.631     0.999999      1432132    873813.33
 1160773.631     0.999999      1432132   1048576.00
 1160773.631     0.999999      1432132   1165084.44
 1160773.631     0.999999      1432132   1310720.00
 1161822.207     0.999999      1432133   1497965.71
 1161822.207     1.000000      1432133          inf
#[Mean    =   541288.526, StdDeviation   =   309329.115]
#[Max     =  1160773.632, Total count    =      1432133]
#[Buckets =           27, SubBuckets     =         2048]
----------------------------------------------------------
  1439049 requests in 30.00m, 669.98MB read
  Socket errors: connect 0, read 32, write 332, timeout 16347
  Non-2xx or 3xx responses: 5
Requests/sec:    799.47
Transfer/sec:    381.15KB
