Running 30m test @ http://20.108.175.209:60
  2 threads and 1000 connections
  Thread calibration: mean lat.: 20.224ms, rate sampling interval: 79ms
  Thread calibration: mean lat.: 17.429ms, rate sampling interval: 77ms
  Thread Stats   Avg      Stdev     99%   +/- Stdev
    Latency     4.91m     4.49m   20.06m    71.04%
    Req/Sec     2.66      5.75    25.00     80.39%
  Latency Distribution (HdrHistogram - Recorded Latency)
 50.000%    4.05m 
 75.000%    7.26m 
 90.000%   10.78m 
 99.000%   20.06m 
 99.900%   24.24m 
 99.990%   25.69m 
 99.999%   26.30m 
100.000%   26.30m 

  Detailed Percentile spectrum:
       Value   Percentile   TotalCount 1/(1-Percentile)

       2.741     0.000000            1         1.00
    6234.111     0.100000          995         1.11
   45154.303     0.200000         1991         1.25
  100859.903     0.300000         2984         1.43
  173277.183     0.400000         3978         1.67
  243138.559     0.500000         4973         2.00
  276299.775     0.550000         5477         2.22
  310640.639     0.600000         5967         2.50
  351535.103     0.650000         6465         2.86
  389545.983     0.700000         6964         3.33
  435683.327     0.750000         7460         4.00
  462422.015     0.775000         7711         4.44
  489947.135     0.800000         7957         5.00
  519569.407     0.825000         8207         5.71
  555220.991     0.850000         8458         6.67
  598212.607     0.875000         8702         8.00
  621281.279     0.887500         8829         8.89
  646971.391     0.900000         8954        10.00
  672661.503     0.912500         9075        11.43
  708313.087     0.925000         9200        13.33
  751828.991     0.937500         9324        16.00
  779091.967     0.943750         9386        17.78
  811597.823     0.950000         9449        20.00
  857210.879     0.956250         9510        22.86
  901251.071     0.962500         9573        26.67
  961544.191     0.968750         9635        32.00
  980418.559     0.971875         9667        35.56
  998244.351     0.975000         9698        40.00
 1019740.159     0.978125         9728        45.71
 1051197.439     0.981250         9760        53.33
 1088421.887     0.984375         9790        64.00
 1109393.407     0.985938         9807        71.11
 1136656.383     0.987500         9821        80.00
 1180696.575     0.989062         9837        91.43
 1221591.039     0.990625         9852       106.67
 1274019.839     0.992188         9868       128.00
 1288699.903     0.992969         9876       142.22
 1302331.391     0.993750         9883       160.00
 1318060.031     0.994531         9891       182.86
 1340080.127     0.995313         9899       213.33
 1360003.071     0.996094         9907       256.00
 1369440.255     0.996484         9911       284.44
 1376780.287     0.996875         9914       320.00
 1397751.807     0.997266         9918       365.71
 1404043.263     0.997656         9922       426.67
 1417674.751     0.998047         9926       512.00
 1426063.359     0.998242         9929       568.89
 1431306.239     0.998437         9930       640.00
 1435500.543     0.998633         9933       731.43
 1444937.727     0.998828         9934       853.33
 1456472.063     0.999023         9936      1024.00
 1464860.671     0.999121         9937      1137.78
 1484783.615     0.999219         9938      1280.00
 1488977.919     0.999316         9939      1462.86
 1498415.103     0.999414         9940      1706.67
 1521483.775     0.999512         9941      2048.00
 1521483.775     0.999561         9941      2275.56
 1529872.383     0.999609         9942      2560.00
 1529872.383     0.999658         9942      2925.71
 1538260.991     0.999707         9943      3413.33
 1538260.991     0.999756         9943      4096.00
 1538260.991     0.999780         9943      4551.11
 1541406.719     0.999805         9944      5120.00
 1541406.719     0.999829         9944      5851.43
 1541406.719     0.999854         9944      6826.67
 1541406.719     0.999878         9944      8192.00
 1541406.719     0.999890         9944      9102.22
 1578106.879     0.999902         9945     10240.00
 1578106.879     1.000000         9945          inf
#[Mean    =   294505.428, StdDeviation   =   269550.244]
#[Max     =  1577058.304, Total count    =         9945]
#[Buckets =           27, SubBuckets     =         2048]
----------------------------------------------------------
  10033 requests in 30.02m, 4.71MB read
  Socket errors: connect 0, read 0, write 4943, timeout 881374
Requests/sec:      5.57
Transfer/sec:      2.68KB
