Running 30m test @ http://20.117.160.131:60
  2 threads and 1000 connections
  Thread calibration: mean lat.: 5721.013ms, rate sampling interval: 16572ms
  Thread calibration: mean lat.: 5905.637ms, rate sampling interval: 16809ms
  Thread Stats   Avg      Stdev     99%   +/- Stdev
    Latency    14.24m     8.12m   28.07m    57.99%
    Req/Sec    56.04      3.73    63.00     78.87%
  Latency Distribution (HdrHistogram - Recorded Latency)
 50.000%   14.23m 
 75.000%   21.30m 
 90.000%   25.43m 
 99.000%   28.07m 
 99.900%   28.78m 
 99.990%   29.33m 
 99.999%   29.62m 
100.000%   29.74m 

  Detailed Percentile spectrum:
       Value   Percentile   TotalCount 1/(1-Percentile)

    5492.735     0.000000            1         1.00
  176553.983     0.100000        20240         1.11
  349175.807     0.200000        40465         1.25
  517210.111     0.300000        60698         1.43
  687341.567     0.400000        80947         1.67
  854065.151     0.500000       101166         2.00
  941621.247     0.550000       111265         2.22
 1027604.479     0.600000       121428         2.50
 1111490.559     0.650000       131538         2.86
 1195376.639     0.700000       141683         3.33
 1278214.143     0.750000       151782         4.00
 1319108.607     0.775000       156804         4.44
 1360003.071     0.800000       161885         5.00
 1402994.687     0.825000       166962         5.71
 1443889.151     0.850000       171981         6.67
 1485832.191     0.875000       177113         8.00
 1505755.135     0.887500       179615         8.89
 1525678.079     0.900000       182096        10.00
 1546649.599     0.912500       184646        11.43
 1568669.695     0.925000       187199        13.33
 1588592.639     0.937500       189694        16.00
 1596981.247     0.943750       190912        17.78
 1607467.007     0.950000       192236        20.00
 1617952.767     0.956250       193475        22.86
 1629487.103     0.962500       194738        26.67
 1641021.439     0.968750       196079        32.00
 1645215.743     0.971875       196603        35.56
 1650458.623     0.975000       197236        40.00
 1655701.503     0.978125       197872        45.71
 1661992.959     0.981250       198579        53.33
 1669332.991     0.984375       199188        64.00
 1673527.295     0.985938       199506        71.11
 1676673.023     0.987500       199783        80.00
 1680867.327     0.989062       200101        91.43
 1685061.631     0.990625       200399       106.67
 1690304.511     0.992188       200713       128.00
 1693450.239     0.992969       200903       142.22
 1695547.391     0.993750       201028       160.00
 1698693.119     0.994531       201214       182.86
 1701838.847     0.995313       201353       213.33
 1706033.151     0.996094       201517       256.00
 1708130.303     0.996484       201592       284.44
 1710227.455     0.996875       201667       320.00
 1712324.607     0.997266       201755       365.71
 1714421.759     0.997656       201823       426.67
 1716518.911     0.998047       201905       512.00
 1718616.063     0.998242       201959       568.89
 1719664.639     0.998437       201976       640.00
 1722810.367     0.998633       202020       731.43
 1724907.519     0.998828       202057       853.33
 1728053.247     0.999023       202101      1024.00
 1729101.823     0.999121       202115      1137.78
 1731198.975     0.999219       202142      1280.00
 1732247.551     0.999316       202153      1462.86
 1735393.279     0.999414       202179      1706.67
 1737490.431     0.999512       202201      2048.00
 1738539.007     0.999561       202204      2275.56
 1740636.159     0.999609       202216      2560.00
 1742733.311     0.999658       202221      2925.71
 1745879.039     0.999707       202235      3413.33
 1747976.191     0.999756       202241      4096.00
 1750073.343     0.999780       202249      4551.11
 1751121.919     0.999805       202252      5120.00
 1754267.647     0.999829       202260      5851.43
 1755316.223     0.999854       202263      6826.67
 1756364.799     0.999878       202267      8192.00
 1757413.375     0.999890       202268      9102.22
 1760559.103     0.999902       202272     10240.00
 1761607.679     0.999915       202274     11702.86
 1762656.255     0.999927       202278     13653.33
 1762656.255     0.999939       202278     16384.00
 1763704.831     0.999945       202280     18204.44
 1766850.559     0.999951       202281     20480.00
 1769996.287     0.999957       202282     23405.71
 1772093.439     0.999963       202283     27306.67
 1773142.015     0.999969       202284     32768.00
 1774190.591     0.999973       202286     36408.89
 1774190.591     0.999976       202286     40960.00
 1774190.591     0.999979       202286     46811.43
 1775239.167     0.999982       202287     54613.33
 1775239.167     0.999985       202287     65536.00
 1777336.319     0.999986       202289     72817.78
 1777336.319     0.999988       202289     81920.00
 1777336.319     0.999989       202289     93622.86
 1777336.319     0.999991       202289    109226.67
 1777336.319     0.999992       202289    131072.00
 1777336.319     0.999993       202289    145635.56
 1777336.319     0.999994       202289    163840.00
 1777336.319     0.999995       202289    187245.71
 1784676.351     0.999995       202290    218453.33
 1784676.351     1.000000       202290          inf
#[Mean    =   854335.523, StdDeviation   =   487363.772]
#[Max     =  1783627.776, Total count    =       202290]
#[Buckets =           27, SubBuckets     =         2048]
----------------------------------------------------------
  203088 requests in 30.00m, 94.28MB read
  Socket errors: connect 0, read 285162, write 546999, timeout 78363
  Non-2xx or 3xx responses: 2648
Requests/sec:    112.83
Transfer/sec:     53.64KB
