Running 60m test @ http://51.140.101.55:60
  2 threads and 1000 connections
  Thread calibration: mean lat.: 861.921ms, rate sampling interval: 3770ms
  Thread calibration: mean lat.: 877.285ms, rate sampling interval: 3891ms
  Thread Stats   Avg      Stdev     99%   +/- Stdev
    Latency    33.97s    13.86s    1.14m    68.74%
    Req/Sec     0.99k    36.26     1.07k    78.44%
  Latency Distribution (HdrHistogram - Recorded Latency)
 50.000%   33.72s 
 75.000%   43.02s 
 90.000%    0.86m 
 99.000%    1.14m 
 99.900%    1.34m 
 99.990%    1.49m 
 99.999%    1.58m 
100.000%    1.62m 

  Detailed Percentile spectrum:
       Value   Percentile   TotalCount 1/(1-Percentile)

      11.871     0.000000            1         1.00
   16236.543     0.100000       710307         1.11
   22331.391     0.200000      1419991         1.25
   26607.615     0.300000      2130053         1.43
   30277.631     0.400000      2840092         1.67
   33718.271     0.500000      3549017         2.00
   35454.975     0.550000      3908742         2.22
   37191.679     0.600000      4259819         2.50
   39026.687     0.650000      4618157         2.86
   40927.231     0.700000      4969732         3.33
   43024.383     0.750000      5324359         4.00
   44171.263     0.775000      5502358         4.44
   45383.679     0.800000      5678747         5.00
   46694.399     0.825000      5855934         5.71
   48168.959     0.850000      6036237         6.67
   49840.127     0.875000      6212743         8.00
   50790.399     0.887500      6301666         8.89
   51806.207     0.900000      6389647        10.00
   52920.319     0.912500      6477498        11.43
   54198.271     0.925000      6567742        13.33
   55607.295     0.937500      6655181        16.00
   56393.727     0.943750      6698870        17.78
   57311.231     0.950000      6744175        20.00
   58327.039     0.956250      6788725        22.86
   59441.151     0.962500      6832844        26.67
   60719.103     0.968750      6876724        32.00
   61472.767     0.971875      6899238        35.56
   62259.199     0.975000      6920861        40.00
   63176.703     0.978125      6943119        45.71
   64225.279     0.981250      6965457        53.33
   65404.927     0.984375      6987455        64.00
   66093.055     0.985938      6998654        71.11
   66813.951     0.987500      7009488        80.00
   67633.151     0.989062      7020550        91.43
   68550.655     0.990625      7031600       106.67
   69664.767     0.992188      7042697       128.00
   70320.127     0.992969      7048257       142.22
   71041.023     0.993750      7053917       160.00
   71827.455     0.994531      7059370       182.86
   72679.423     0.995313      7064784       213.33
   73662.463     0.996094      7070406       256.00
   74252.287     0.996484      7073346       284.44
   74842.111     0.996875      7076077       320.00
   75497.471     0.997266      7078674       365.71
   76349.439     0.997656      7081476       426.67
   77332.479     0.998047      7084247       512.00
   77856.767     0.998242      7085538       568.89
   78512.127     0.998437      7087007       640.00
   79167.487     0.998633      7088347       731.43
   79953.919     0.998828      7089716       853.33
   80805.887     0.999023      7091130      1024.00
   81264.639     0.999121      7091778      1137.78
   81788.927     0.999219      7092471      1280.00
   82444.287     0.999316      7093211      1462.86
   83099.647     0.999414      7093920      1706.67
   83820.543     0.999512      7094554      2048.00
   84279.295     0.999561      7094888      2275.56
   84803.583     0.999609      7095252      2560.00
   85393.407     0.999658      7095597      2925.71
   85983.231     0.999707      7095936      3413.33
   86769.663     0.999756      7096291      4096.00
   87097.343     0.999780      7096444      4551.11
   87490.559     0.999805      7096624      5120.00
   87949.311     0.999829      7096805      5851.43
   88408.063     0.999854      7096966      6826.67
   88932.351     0.999878      7097134      8192.00
   89260.031     0.999890      7097218      9102.22
   89653.247     0.999902      7097309     10240.00
   90177.535     0.999915      7097400     11702.86
   90636.287     0.999927      7097489     13653.33
   91095.039     0.999939      7097568     16384.00
   91357.183     0.999945      7097613     18204.44
   91684.863     0.999951      7097665     20480.00
   91881.471     0.999957      7097699     23405.71
   92274.687     0.999963      7097738     27306.67
   92667.903     0.999969      7097782     32768.00
   92995.583     0.999973      7097804     36408.89
   93257.727     0.999976      7097827     40960.00
   93519.871     0.999979      7097847     46811.43
   93847.551     0.999982      7097871     54613.33
   94109.695     0.999985      7097891     65536.00
   94240.767     0.999986      7097900     72817.78
   94371.839     0.999988      7097914     81920.00
   94502.911     0.999989      7097923     93622.86
   94699.519     0.999991      7097936    109226.67
   94896.127     0.999992      7097944    131072.00
   95027.199     0.999993      7097952    145635.56
   95092.735     0.999994      7097958    163840.00
   95158.271     0.999995      7097963    187245.71
   95223.807     0.999995      7097967    218453.33
   95354.879     0.999996      7097970    262144.00
   95420.415     0.999997      7097973    291271.11
   95485.951     0.999997      7097976    327680.00
   95551.487     0.999997      7097979    374491.43
   95682.559     0.999998      7097981    436906.67
   95813.631     0.999998      7097985    524288.00
   95813.631     0.999998      7097985    582542.22
   96141.311     0.999998      7097987    655360.00
   96206.847     0.999999      7097988    748982.86
   96468.991     0.999999      7097990    873813.33
   96600.063     0.999999      7097991   1048576.00
   96600.063     0.999999      7097991   1165084.44
   96731.135     0.999999      7097993   1310720.00
   96731.135     0.999999      7097993   1497965.71
   96731.135     0.999999      7097993   1747626.67
   96862.207     1.000000      7097995   2097152.00
   96862.207     1.000000      7097995   2330168.89
   96862.207     1.000000      7097995   2621440.00
   96862.207     1.000000      7097995   2995931.43
   96862.207     1.000000      7097995   3495253.33
   97058.815     1.000000      7097996   4194304.00
   97058.815     1.000000      7097996   4660337.78
   97058.815     1.000000      7097996   5242880.00
   97058.815     1.000000      7097996   5991862.86
   97058.815     1.000000      7097996   6990506.67
   97452.031     1.000000      7097997   8388608.00
   97452.031     1.000000      7097997          inf
#[Mean    =    33967.500, StdDeviation   =    13859.007]
#[Max     =    97386.496, Total count    =      7097997]
#[Buckets =           27, SubBuckets     =         2048]
----------------------------------------------------------
  7113873 requests in 60.00m, 3.21GB read
  Socket errors: connect 0, read 45, write 393, timeout 32759
  Non-2xx or 3xx responses: 213828
Requests/sec:   1976.08
Transfer/sec:      0.91MB
