Running 60m test @ http://51.145.93.98:60
  2 threads and 1000 connections
  Thread calibration: mean lat.: 3273.513ms, rate sampling interval: 11993ms
  Thread calibration: mean lat.: 3311.892ms, rate sampling interval: 12337ms
  Thread Stats   Avg      Stdev     99%   +/- Stdev
    Latency    15.07m     6.35m   27.12m    65.37%
    Req/Sec   581.81    116.92   687.00     82.17%
  Latency Distribution (HdrHistogram - Recorded Latency)
 50.000%   15.35m 
 75.000%   20.05m 
 90.000%   23.21m 
 99.000%   27.12m 
 99.900%   29.48m 
 99.990%   31.18m 
 99.999%   32.75m 
100.000%   33.47m 

  Detailed Percentile spectrum:
       Value   Percentile   TotalCount 1/(1-Percentile)

     243.199     0.000000            1         1.00
  382468.095     0.100000       418293         1.11
  574619.647     0.200000       836937         1.25
  694681.599     0.300000      1255447         1.43
  807403.519     0.400000      1674203         1.67
  921174.015     0.500000      2091399         2.00
  977272.831     0.550000      2301149         2.22
 1032847.359     0.600000      2510376         2.50
 1091567.615     0.650000      2720303         2.86
 1146093.567     0.700000      2928108         3.33
 1202716.671     0.750000      3137783         4.00
 1231028.223     0.775000      3241965         4.44
 1260388.351     0.800000      3347930         5.00
 1289748.479     0.825000      3452205         5.71
 1322254.335     0.850000      3555272         6.67
 1356857.343     0.875000      3660175         8.00
 1373634.559     0.887500      3711564         8.89
 1392508.927     0.900000      3765558        10.00
 1411383.295     0.912500      3818062        11.43
 1432354.815     0.925000      3869325        13.33
 1456472.063     0.937500      3921621        16.00
 1469054.975     0.943750      3947514        17.78
 1482686.463     0.950000      3972196        20.00
 1498415.103     0.956250      3999508        22.86
 1514143.743     0.962500      4025307        26.67
 1533018.111     0.968750      4051184        32.00
 1542455.295     0.971875      4064316        35.56
 1552941.055     0.975000      4076804        40.00
 1565523.967     0.978125      4089693        45.71
 1581252.607     0.981250      4103394        53.33
 1595932.671     0.984375      4116524        64.00
 1604321.279     0.985938      4122691        71.11
 1612709.887     0.987500      4129425        80.00
 1621098.495     0.989062      4135595        91.43
 1633681.407     0.990625      4142232       106.67
 1645215.743     0.992188      4148345       128.00
 1652555.775     0.992969      4151860       142.22
 1661992.959     0.993750      4155158       160.00
 1671430.143     0.994531      4158193       182.86
 1681915.903     0.995313      4161635       213.33
 1691353.087     0.996094      4164840       256.00
 1697644.543     0.996484      4166351       284.44
 1707081.727     0.996875      4167983       320.00
 1717567.487     0.997266      4169617       365.71
 1725956.095     0.997656      4171262       426.67
 1734344.703     0.998047      4172849       512.00
 1739587.583     0.998242      4173663       568.89
 1745879.039     0.998437      4174479       640.00
 1752170.495     0.998633      4175311       731.43
 1760559.103     0.998828      4176161       853.33
 1769996.287     0.999023      4176987      1024.00
 1775239.167     0.999121      4177337      1137.78
 1781530.623     0.999219      4177802      1280.00
 1786773.503     0.999316      4178172      1462.86
 1792016.383     0.999414      4178646      1706.67
 1799356.415     0.999512      4179007      2048.00
 1806696.447     0.999561      4179191      2275.56
 1811939.327     0.999609      4179390      2560.00
 1816133.631     0.999658      4179583      2925.71
 1821376.511     0.999707      4179789      3413.33
 1828716.543     0.999756      4179994      4096.00
 1835007.999     0.999780      4180096      4551.11
 1843396.607     0.999805      4180191      5120.00
 1848639.487     0.999829      4180302      5851.43
 1853882.367     0.999854      4180395      6826.67
 1863319.551     0.999878      4180499      8192.00
 1866465.279     0.999890      4180545      9102.22
 1871708.159     0.999902      4180597     10240.00
 1880096.767     0.999915      4180647     11702.86
 1891631.103     0.999927      4180699     13653.33
 1914699.775     0.999939      4180751     16384.00
 1924136.959     0.999945      4180783     18204.44
 1927282.687     0.999951      4180800     20480.00
 1930428.415     0.999957      4180854     23405.71
 1930428.415     0.999963      4180854     27306.67
 1931476.991     0.999969      4180891     32768.00
 1931476.991     0.999973      4180891     36408.89
 1932525.567     0.999976      4180919     40960.00
 1932525.567     0.999979      4180919     46811.43
 1941962.751     0.999982      4180928     54613.33
 1949302.783     0.999985      4180942     65536.00
 1955594.239     0.999986      4180951     72817.78
 1957691.391     0.999988      4180953     81920.00
 1965031.423     0.999989      4180962     93622.86
 1972371.455     0.999991      4180969    109226.67
 1974468.607     0.999992      4180974    131072.00
 1979711.487     0.999993      4180976    145635.56
 1983905.791     0.999994      4180981    163840.00
 1984954.367     0.999995      4180982    187245.71
 1986002.943     0.999995      4180986    218453.33
 1990197.247     0.999996      4180990    262144.00
 1990197.247     0.999997      4180990    291271.11
 1993342.975     0.999997      4180993    327680.00
 1993342.975     0.999997      4180993    374491.43
 1994391.551     0.999998      4180995    436906.67
 1999634.431     0.999998      4180997    524288.00
 1999634.431     0.999998      4180997    582542.22
 2000683.007     0.999998      4180998    655360.00
 2005925.887     0.999999      4181001    748982.86
 2005925.887     0.999999      4181001    873813.33
 2005925.887     0.999999      4181001   1048576.00
 2005925.887     0.999999      4181001   1165084.44
 2005925.887     0.999999      4181001   1310720.00
 2006974.463     0.999999      4181002   1497965.71
 2006974.463     0.999999      4181002   1747626.67
 2008023.039     1.000000      4181004   2097152.00
 2008023.039     1.000000      4181004          inf
#[Mean    =   904003.429, StdDeviation   =   380756.944]
#[Max     =  2006974.464, Total count    =      4181004]
#[Buckets =           27, SubBuckets     =         2048]
----------------------------------------------------------
  4186662 requests in 60.00m, 1.88GB read
  Socket errors: connect 0, read 15, write 437, timeout 32838
  Non-2xx or 3xx responses: 209491
Requests/sec:   1162.96
Transfer/sec:    546.72KB
