Running 60m test @ http://20.108.167.3:60/wrk2-api/post/compose
  2 threads and 1000 connections
  Thread calibration: mean lat.: 9.400ms, rate sampling interval: 31ms
  Thread calibration: mean lat.: 9.338ms, rate sampling interval: 29ms
  Thread Stats   Avg      Stdev     99%   +/- Stdev
    Latency     9.96s     7.75s   30.80s    64.53%
    Req/Sec   504.75    188.99     1.03k    71.11%
  Latency Distribution (HdrHistogram - Recorded Latency)
 50.000%    8.70s 
 75.000%   15.11s 
 90.000%   20.92s 
 99.000%   30.80s 
 99.900%   38.34s 
 99.990%   44.86s 
 99.999%   50.76s 
100.000%    0.92m 

  Detailed Percentile spectrum:
       Value   Percentile   TotalCount 1/(1-Percentile)

       0.170     0.000000            1         1.00
     656.383     0.100000       356892         1.11
    2514.943     0.200000       713892         1.25
    4440.063     0.300000      1071271         1.43
    6483.967     0.400000      1427495         1.67
    8699.903     0.500000      1784386         2.00
    9863.167     0.550000      1962809         2.22
   11067.391     0.600000      2141507         2.50
   12328.959     0.650000      2320011         2.86
   13664.255     0.700000      2498949         3.33
   15106.047     0.750000      2677145         4.00
   15884.287     0.775000      2766337         4.44
   16703.487     0.800000      2855032         5.00
   17596.415     0.825000      2944688         5.71
   18579.455     0.850000      3034350         6.67
   19660.799     0.875000      3122647         8.00
   20267.007     0.887500      3167774         8.89
   20922.367     0.900000      3212213        10.00
   21643.263     0.912500      3257129        11.43
   22429.695     0.925000      3301531        13.33
   23330.815     0.937500      3346339        16.00
   23822.335     0.943750      3368204        17.78
   24363.007     0.950000      3390302        20.00
   24969.215     0.956250      3413035        22.86
   25624.575     0.962500      3434954        26.67
   26394.623     0.968750      3457253        32.00
   26836.991     0.971875      3468656        35.56
   27312.127     0.975000      3479753        40.00
   27836.415     0.978125      3490712        45.71
   28442.623     0.981250      3501878        53.33
   29130.751     0.984375      3512922        64.00
   29540.351     0.985938      3518609        71.11
   29982.719     0.987500      3524203        80.00
   30474.239     0.989062      3529707        91.43
   31031.295     0.990625      3535289       106.67
   31686.655     0.992188      3540902       128.00
   32047.103     0.992969      3543611       142.22
   32456.703     0.993750      3546416       160.00
   32931.839     0.994531      3549184       182.86
   33456.127     0.995313      3551985       213.33
   34078.719     0.996094      3554799       256.00
   34406.399     0.996484      3556172       284.44
   34766.847     0.996875      3557539       320.00
   35192.831     0.997266      3558966       365.71
   35651.583     0.997656      3560312       426.67
   36208.639     0.998047      3561707       512.00
   36569.087     0.998242      3562442       568.89
   36929.535     0.998437      3563115       640.00
   37355.519     0.998633      3563826       731.43
   37879.807     0.998828      3564506       853.33
   38404.095     0.999023      3565190      1024.00
   38764.543     0.999121      3565555      1137.78
   39124.991     0.999219      3565910      1280.00
   39550.975     0.999316      3566257      1462.86
   39976.959     0.999414      3566591      1706.67
   40566.783     0.999512      3566939      2048.00
   40894.463     0.999561      3567119      2275.56
   41222.143     0.999609      3567288      2560.00
   41615.359     0.999658      3567457      2925.71
   42041.343     0.999707      3567630      3413.33
   42532.863     0.999756      3567808      4096.00
   42827.775     0.999780      3567890      4551.11
   43188.223     0.999805      3567980      5120.00
   43581.439     0.999829      3568067      5851.43
   43974.655     0.999854      3568154      6826.67
   44433.407     0.999878      3568241      8192.00
   44728.319     0.999890      3568294      9102.22
   44924.927     0.999902      3568326     10240.00
   45252.607     0.999915      3568373     11702.86
   45580.287     0.999927      3568412     13653.33
   46006.271     0.999939      3568458     16384.00
   46202.879     0.999945      3568480     18204.44
   46497.791     0.999951      3568500     20480.00
   46825.471     0.999957      3568521     23405.71
   47087.615     0.999963      3568543     27306.67
   47546.367     0.999969      3568565     32768.00
   47906.815     0.999973      3568575     36408.89
   48201.727     0.999976      3568586     40960.00
   48758.783     0.999979      3568597     46811.43
   49217.535     0.999982      3568608     54613.33
   49938.431     0.999985      3568619     65536.00
   50069.503     0.999986      3568624     72817.78
   50331.647     0.999988      3568630     81920.00
   50659.327     0.999989      3568635     93622.86
   51183.615     0.999991      3568641    109226.67
   51904.511     0.999992      3568646    131072.00
   52461.567     0.999993      3568649    145635.56
   52854.783     0.999994      3568653    163840.00
   52985.855     0.999995      3568654    187245.71
   53313.535     0.999995      3568657    218453.33
   53444.607     0.999996      3568660    262144.00
   53673.983     0.999997      3568661    291271.11
   54034.431     0.999997      3568664    327680.00
   54034.431     0.999997      3568664    374491.43
   54132.735     0.999998      3568665    436906.67
   54329.343     0.999998      3568667    524288.00
   54329.343     0.999998      3568667    582542.22
   54558.719     0.999998      3568668    655360.00
   54755.327     0.999999      3568669    748982.86
   54755.327     0.999999      3568669    873813.33
   54853.631     0.999999      3568670   1048576.00
   54853.631     0.999999      3568670   1165084.44
   55214.079     0.999999      3568671   1310720.00
   55214.079     0.999999      3568671   1497965.71
   55214.079     0.999999      3568671   1747626.67
   55246.847     1.000000      3568672   2097152.00
   55246.847     1.000000      3568672   2330168.89
   55246.847     1.000000      3568672   2621440.00
   55246.847     1.000000      3568672   2995931.43
   55246.847     1.000000      3568672   3495253.33
   55345.151     1.000000      3568673   4194304.00
   55345.151     1.000000      3568673          inf
#[Mean    =     9958.594, StdDeviation   =     7754.581]
#[Max     =    55312.384, Total count    =      3568673]
#[Buckets =           27, SubBuckets     =         2048]
----------------------------------------------------------
  3578162 requests in 60.00m, 668.70MB read
  Socket errors: connect 0, read 168, write 20109, timeout 243765
  Non-2xx or 3xx responses: 1
Requests/sec:    993.93
Transfer/sec:    190.21KB
