Running 60m test @ http://20.108.167.3:60/wrk2-api/home-timeline/read
  2 threads and 1000 connections
  Thread calibration: mean lat.: 6.033ms, rate sampling interval: 21ms
  Thread calibration: mean lat.: 6.134ms, rate sampling interval: 21ms
  Thread Stats   Avg      Stdev     99%   +/- Stdev
    Latency    10.84s     8.35s   32.88s    63.75%
    Req/Sec   534.45    253.91     1.30k    72.77%
  Latency Distribution (HdrHistogram - Recorded Latency)
 50.000%    9.59s 
 75.000%   16.52s 
 90.000%   22.61s 
 99.000%   32.88s 
 99.900%   40.70s 
 99.990%   48.27s 
 99.999%    0.90m 
100.000%    0.97m 

  Detailed Percentile spectrum:
       Value   Percentile   TotalCount 1/(1-Percentile)

       0.093     0.000000            1         1.00
     684.031     0.100000       356725         1.11
    2723.839     0.200000       713663         1.25
    4853.759     0.300000      1069997         1.43
    7143.423     0.400000      1426741         1.67
    9592.831     0.500000      1784378         2.00
   10862.591     0.550000      1962706         2.22
   12173.311     0.600000      2140393         2.50
   13541.375     0.650000      2318588         2.86
   14983.167     0.700000      2497379         3.33
   16523.263     0.750000      2675132         4.00
   17367.039     0.775000      2765749         4.44
   18235.391     0.800000      2854198         5.00
   19169.279     0.825000      2943871         5.71
   20168.703     0.850000      3031856         6.67
   21299.199     0.875000      3121527         8.00
   21921.791     0.887500      3165547         8.89
   22609.919     0.900000      3210858        10.00
   23330.815     0.912500      3254621        11.43
   24150.015     0.925000      3299757        13.33
   25067.519     0.937500      3344110        16.00
   25591.807     0.943750      3366696        17.78
   26148.863     0.950000      3388739        20.00
   26771.455     0.956250      3410923        22.86
   27475.967     0.962500      3433029        26.67
   28295.167     0.968750      3455483        32.00
   28737.535     0.971875      3466385        35.56
   29229.055     0.975000      3477637        40.00
   29786.111     0.978125      3488810        45.71
   30408.703     0.981250      3499767        53.33
   31129.599     0.984375      3511009        64.00
   31555.583     0.985938      3516652        71.11
   32014.335     0.987500      3522102        80.00
   32538.623     0.989062      3527704        91.43
   33112.063     0.990625      3533187       106.67
   33816.575     0.992188      3538965       128.00
   34177.023     0.992969      3541590       142.22
   34603.007     0.993750      3544517       160.00
   35061.759     0.994531      3547225       182.86
   35586.047     0.995313      3549920       213.33
   36208.639     0.996094      3552738       256.00
   36569.087     0.996484      3554196       284.44
   36962.303     0.996875      3555564       320.00
   37388.287     0.997266      3556871       365.71
   37912.575     0.997656      3558267       426.67
   38502.399     0.998047      3559676       512.00
   38862.847     0.998242      3560382       568.89
   39288.831     0.998437      3561101       640.00
   39714.815     0.998633      3561781       731.43
   40206.335     0.998828      3562450       853.33
   40763.391     0.999023      3563147      1024.00
   41123.839     0.999121      3563499      1137.78
   41517.055     0.999219      3563842      1280.00
   41943.039     0.999316      3564183      1462.86
   42434.559     0.999414      3564544      1706.67
   42991.615     0.999512      3564884      2048.00
   43286.527     0.999561      3565060      2275.56
   43712.511     0.999609      3565236      2560.00
   44204.031     0.999658      3565416      2925.71
   44630.015     0.999707      3565578      3413.33
   45219.839     0.999756      3565754      4096.00
   45613.055     0.999780      3565837      4551.11
   46039.039     0.999805      3565927      5120.00
   46497.791     0.999829      3566011      5851.43
   46989.311     0.999854      3566101      6826.67
   47579.135     0.999878      3566187      8192.00
   47874.047     0.999890      3566230      9102.22
   48332.799     0.999902      3566275     10240.00
   48758.783     0.999915      3566317     11702.86
   49119.231     0.999927      3566360     13653.33
   49676.287     0.999939      3566405     16384.00
   49905.663     0.999945      3566427     18204.44
   50135.039     0.999951      3566449     20480.00
   50495.487     0.999957      3566468     23405.71
   50954.239     0.999963      3566491     27306.67
   51412.991     0.999969      3566512     32768.00
   51642.367     0.999973      3566523     36408.89
   51871.743     0.999976      3566534     40960.00
   52264.959     0.999979      3566544     46811.43
   52461.567     0.999982      3566555     54613.33
   52887.551     0.999985      3566566     65536.00
   53116.927     0.999986      3566573     72817.78
   53247.999     0.999988      3566577     81920.00
   53641.215     0.999989      3566582     93622.86
   53968.895     0.999991      3566589    109226.67
   54132.735     0.999992      3566594    131072.00
   54263.807     0.999993      3566596    145635.56
   54460.415     0.999994      3566599    163840.00
   54591.487     0.999995      3566602    187245.71
   54919.167     0.999995      3566604    218453.33
   55181.311     0.999996      3566607    262144.00
   55279.615     0.999997      3566608    291271.11
   55410.687     0.999997      3566610    327680.00
   55607.295     0.999997      3566611    374491.43
   55803.903     0.999998      3566612    436906.67
   56000.511     0.999998      3566614    524288.00
   56000.511     0.999998      3566614    582542.22
   56066.047     0.999998      3566615    655360.00
   56197.119     0.999999      3566616    748982.86
   56197.119     0.999999      3566616    873813.33
   56426.495     0.999999      3566617   1048576.00
   56426.495     0.999999      3566617   1165084.44
   56623.103     0.999999      3566618   1310720.00
   56623.103     0.999999      3566618   1497965.71
   56623.103     0.999999      3566618   1747626.67
   56852.479     1.000000      3566619   2097152.00
   56852.479     1.000000      3566619   2330168.89
   56852.479     1.000000      3566619   2621440.00
   56852.479     1.000000      3566619   2995931.43
   56852.479     1.000000      3566619   3495253.33
   57966.591     1.000000      3566620   4194304.00
   57966.591     1.000000      3566620          inf
#[Mean    =    10838.996, StdDeviation   =     8351.729]
#[Max     =    57933.824, Total count    =      3566620]
#[Buckets =           27, SubBuckets     =         2048]
----------------------------------------------------------
  3576093 requests in 60.00m, 48.34GB read
  Socket errors: connect 0, read 239, write 22789, timeout 244186
  Non-2xx or 3xx responses: 32
Requests/sec:    993.36
Transfer/sec:     13.75MB
