Running 60m test @ http://51.140.98.160:60/wrk2-api/post/compose
  2 threads and 1000 connections
  Thread calibration: mean lat.: 4397.484ms, rate sampling interval: 15187ms
  Thread calibration: mean lat.: 4444.429ms, rate sampling interval: 15122ms
  Thread Stats   Avg      Stdev     99%   +/- Stdev
    Latency    18.80m    12.39m   45.16m    65.96%
    Req/Sec    91.92     72.20   510.00     95.35%
  Latency Distribution (HdrHistogram - Recorded Latency)
 50.000%   16.40m 
 75.000%   28.52m 
 90.000%   37.12m 
 99.000%   45.16m 
 99.900%   48.13m 
 99.990%   50.12m 
 99.999%   51.07m 
100.000%   51.42m 

  Detailed Percentile spectrum:
       Value   Percentile   TotalCount 1/(1-Percentile)

     175.231     0.000000            1         1.00
  230555.647     0.100000        66342         1.11
  510132.223     0.200000       132724         1.25
  559939.583     0.300000       199342         1.43
  685768.703     0.400000       265543         1.67
  984088.575     0.500000       331745         2.00
 1158676.479     0.550000       364943         2.22
 1326448.639     0.600000       398059         2.50
 1477443.583     0.650000       431339         2.86
 1594884.095     0.700000       464493         3.33
 1711276.031     0.750000       497727         4.00
 1775239.167     0.775000       514277         4.44
 1847590.911     0.800000       530856         5.00
 1926234.111     0.825000       547299         5.71
 2014314.495     0.850000       563917         6.67
 2117074.943     0.875000       580471         8.00
 2172649.471     0.887500       588961         8.89
 2227175.423     0.900000       597059        10.00
 2285895.679     0.912500       605508        11.43
 2350907.391     0.925000       613862        13.33
 2409627.647     0.937500       622114        16.00
 2436890.623     0.943750       626299        17.78
 2464153.599     0.950000       630403        20.00
 2493513.727     0.956250       634623        22.86
 2522873.855     0.962500       638481        26.67
 2556428.287     0.968750       642634        32.00
 2575302.655     0.971875       644720        35.56
 2596274.175     0.975000       646959        40.00
 2615148.543     0.978125       648898        45.71
 2636120.063     0.981250       650913        53.33
 2661285.887     0.984375       653116        64.00
 2673868.799     0.985938       654141        71.11
 2686451.711     0.987500       655124        80.00
 2701131.775     0.989062       656208        91.43
 2715811.839     0.990625       657196       106.67
 2732589.055     0.992188       658209       128.00
 2743074.815     0.992969       658761       142.22
 2751463.423     0.993750       659216       160.00
 2761949.183     0.994531       659749       182.86
 2772434.943     0.995313       660237       213.33
 2785017.855     0.996094       660774       256.00
 2793406.463     0.996484       661061       284.44
 2801795.071     0.996875       661334       320.00
 2810183.679     0.997266       661575       365.71
 2820669.439     0.997656       661831       426.67
 2833252.351     0.998047       662093       512.00
 2839543.807     0.998242       662193       568.89
 2847932.415     0.998437       662310       640.00
 2860515.327     0.998633       662453       731.43
 2875195.391     0.998828       662582       853.33
 2889875.455     0.999023       662710      1024.00
 2898264.063     0.999121       662780      1137.78
 2906652.671     0.999219       662847      1280.00
 2915041.279     0.999316       662908      1462.86
 2923429.887     0.999414       662966      1706.67
 2933915.647     0.999512       663023      2048.00
 2940207.103     0.999561       663055      2275.56
 2948595.711     0.999609       663093      2560.00
 2956984.319     0.999658       663123      2925.71
 2965372.927     0.999707       663155      3413.33
 2975858.687     0.999756       663186      4096.00
 2980052.991     0.999780       663202      4551.11
 2986344.447     0.999805       663222      5120.00
 2990538.751     0.999829       663235      5851.43
 2996830.207     0.999854       663253      6826.67
 3003121.663     0.999878       663269      8192.00
 3007315.967     0.999890       663280      9102.22
 3009413.119     0.999902       663285     10240.00
 3011510.271     0.999915       663290     11702.86
 3017801.727     0.999927       663300     13653.33
 3021996.031     0.999939       663306     16384.00
 3024093.183     0.999945       663310     18204.44
 3030384.639     0.999951       663316     20480.00
 3032481.791     0.999957       663319     23405.71
 3036676.095     0.999963       663322     27306.67
 3040870.399     0.999969       663327     32768.00
 3042967.551     0.999973       663329     36408.89
 3045064.703     0.999976       663330     40960.00
 3047161.855     0.999979       663332     46811.43
 3051356.159     0.999982       663334     54613.33
 3057647.615     0.999985       663337     65536.00
 3057647.615     0.999986       663337     72817.78
 3061841.919     0.999988       663338     81920.00
 3063939.071     0.999989       663339     93622.86
 3066036.223     0.999991       663340    109226.67
 3068133.375     0.999992       663341    131072.00
 3070230.527     0.999993       663342    145635.56
 3070230.527     0.999994       663342    163840.00
 3072327.679     0.999995       663344    187245.71
 3072327.679     0.999995       663344    218453.33
 3072327.679     0.999996       663344    262144.00
 3072327.679     0.999997       663344    291271.11
 3072327.679     0.999997       663344    327680.00
 3078619.135     0.999997       663345    374491.43
 3078619.135     0.999998       663345    436906.67
 3078619.135     0.999998       663345    524288.00
 3078619.135     0.999998       663345    582542.22
 3078619.135     0.999998       663345    655360.00
 3084910.591     0.999999       663346    748982.86
 3084910.591     1.000000       663346          inf
#[Mean    =  1128255.325, StdDeviation   =   743414.585]
#[Max     =  3082813.440, Total count    =       663346]
#[Buckets =           27, SubBuckets     =         2048]
----------------------------------------------------------
  664550 requests in 60.00m, 148.69MB read
  Socket errors: connect 0, read 11326, write 82784, timeout 1568685
  Non-2xx or 3xx responses: 170806
Requests/sec:    184.59
Transfer/sec:     42.29KB
