Running 30m test @ http://20.117.71.211:60/wrk2-api/home-timeline/read
  2 threads and 1000 connections
  Thread calibration: mean lat.: 11.689ms, rate sampling interval: 42ms
  Thread calibration: mean lat.: 11.557ms, rate sampling interval: 42ms
  Thread Stats   Avg      Stdev     99%   +/- Stdev
    Latency     1.55m     1.10m    4.08m    60.81%
    Req/Sec   456.19    144.82     0.85k    69.62%
  Latency Distribution (HdrHistogram - Recorded Latency)
 50.000%    1.49m 
 75.000%    2.39m 
 90.000%    3.06m 
 99.000%    4.08m 
 99.900%    4.92m 
 99.990%    5.84m 
 99.999%    6.06m 
100.000%    6.09m 

  Detailed Percentile spectrum:
       Value   Percentile   TotalCount 1/(1-Percentile)

       0.433     0.000000            1         1.00
    5341.183     0.100000       159333         1.11
   25198.591     0.200000       318711         1.25
   46235.647     0.300000       478211         1.43
   67371.007     0.400000       637547         1.67
   89128.959     0.500000       796723         2.00
   99811.327     0.550000       876391         2.22
  110231.551     0.600000       956270         2.50
  120848.383     0.650000      1035740         2.86
  131792.895     0.700000      1115717         3.33
  143130.623     0.750000      1195625         4.00
  149028.863     0.775000      1235581         4.44
  155058.175     0.800000      1274994         5.00
  161611.775     0.825000      1314627         5.71
  168165.375     0.850000      1354598         6.67
  175505.407     0.875000      1394717         8.00
  179568.639     0.887500      1414486         8.89
  183894.015     0.900000      1433969        10.00
  188874.751     0.912500      1454208        11.43
  194248.703     0.925000      1474159        13.33
  200146.943     0.937500      1493688        16.00
  203554.815     0.943750      1503651        17.78
  207093.759     0.950000      1513716        20.00
  210763.775     0.956250      1523647        22.86
  215089.151     0.962500      1533698        26.67
  219676.671     0.968750      1543476        32.00
  222429.183     0.971875      1548470        35.56
  225443.839     0.975000      1553384        40.00
  228851.711     0.978125      1558428        45.71
  232259.583     0.981250      1563360        53.33
  236191.743     0.984375      1568453        64.00
  238419.967     0.985938      1570916        71.11
  240648.191     0.987500      1573399        80.00
  243138.559     0.989062      1575835        91.43
  246022.143     0.990625      1578370       106.67
  249430.015     0.992188      1580844       128.00
  251658.239     0.992969      1582076       142.22
  254017.535     0.993750      1583306       160.00
  256638.975     0.994531      1584502       182.86
  259653.631     0.995313      1585750       213.33
  263061.503     0.996094      1586991       256.00
  265027.583     0.996484      1587646       284.44
  267255.807     0.996875      1588256       320.00
  269746.175     0.997266      1588860       365.71
  272629.759     0.997656      1589499       426.67
  276824.063     0.998047      1590128       512.00
  278921.215     0.998242      1590418       568.89
  281804.799     0.998437      1590744       640.00
  285736.959     0.998633      1591058       731.43
  289669.119     0.998828      1591362       853.33
  295436.287     0.999023      1591664      1024.00
  299892.735     0.999121      1591821      1137.78
  303824.895     0.999219      1591979      1280.00
  307494.911     0.999316      1592138      1462.86
  310378.495     0.999414      1592283      1706.67
  320602.111     0.999512      1592438      2048.00
  325058.559     0.999561      1592514      2275.56
  329252.863     0.999609      1592593      2560.00
  335282.175     0.999658      1592675      2925.71
  338165.759     0.999707      1592750      3413.33
  340262.911     0.999756      1592826      4096.00
  341835.775     0.999780      1592864      4551.11
  343146.495     0.999805      1592903      5120.00
  344981.503     0.999829      1592944      5851.43
  346292.223     0.999854      1592985      6826.67
  348127.231     0.999878      1593022      8192.00
  349175.807     0.999890      1593041      9102.22
  350224.383     0.999902      1593059     10240.00
  351010.815     0.999915      1593083     11702.86
  351797.247     0.999927      1593102     13653.33
  352845.823     0.999939      1593119     16384.00
  353370.111     0.999945      1593129     18204.44
  354156.543     0.999951      1593138     20480.00
  355205.119     0.999957      1593146     23405.71
  357040.127     0.999963      1593156     27306.67
  357826.559     0.999969      1593166     32768.00
  358350.847     0.999973      1593172     36408.89
  359137.279     0.999976      1593176     40960.00
  361234.431     0.999979      1593180     46811.43
  362545.151     0.999982      1593185     54613.33
  363331.583     0.999985      1593194     65536.00
  363331.583     0.999986      1593194     72817.78
  363593.727     0.999988      1593201     81920.00
  363593.727     0.999989      1593201     93622.86
  363593.727     0.999991      1593201    109226.67
  364118.015     0.999992      1593202    131072.00
  364380.159     0.999993      1593209    145635.56
  364380.159     0.999994      1593209    163840.00
  364380.159     0.999995      1593209    187245.71
  364380.159     0.999995      1593209    218453.33
  364380.159     0.999996      1593209    262144.00
  364380.159     0.999997      1593209    291271.11
  364642.303     0.999997      1593211    327680.00
  364642.303     0.999997      1593211    374491.43
  364642.303     0.999998      1593211    436906.67
  364642.303     0.999998      1593211    524288.00
  364904.447     0.999998      1593213    582542.22
  364904.447     0.999998      1593213    655360.00
  364904.447     0.999999      1593213    748982.86
  364904.447     0.999999      1593213    873813.33
  364904.447     0.999999      1593213   1048576.00
  364904.447     0.999999      1593213   1165084.44
  364904.447     0.999999      1593213   1310720.00
  364904.447     0.999999      1593213   1497965.71
  365690.879     0.999999      1593214   1747626.67
  365690.879     1.000000      1593214          inf
#[Mean    =    93165.055, StdDeviation   =    66130.425]
#[Max     =   365428.736, Total count    =      1593214]
#[Buckets =           27, SubBuckets     =         2048]
----------------------------------------------------------
  1602696 requests in 30.00m, 21.64GB read
  Socket errors: connect 0, read 4131, write 191304, timeout 121755
  Non-2xx or 3xx responses: 294
Requests/sec:    890.38
Transfer/sec:     12.31MB
