Running 30m test @ http://20.117.71.211:60/wrk2-api/post/compose
  2 threads and 1000 connections
  Thread calibration: mean lat.: 596.912ms, rate sampling interval: 2799ms
  Thread calibration: mean lat.: 603.319ms, rate sampling interval: 2752ms
  Thread Stats   Avg      Stdev     99%   +/- Stdev
    Latency     5.33m     3.32m   12.09m    59.18%
    Req/Sec   313.47     27.57   373.00     73.15%
  Latency Distribution (HdrHistogram - Recorded Latency)
 50.000%    5.12m 
 75.000%    7.99m 
 90.000%   10.00m 
 99.000%   12.09m 
 99.900%   13.39m 
 99.990%   14.24m 
 99.999%   14.74m 
100.000%   15.08m 

  Detailed Percentile spectrum:
       Value   Percentile   TotalCount 1/(1-Percentile)

       4.607     0.000000            1         1.00
   57114.623     0.100000       112346         1.11
  115277.823     0.200000       224755         1.25
  180092.927     0.300000       337029         1.43
  244449.279     0.400000       449430         1.67
  307494.911     0.500000       562013         2.00
  340525.055     0.550000       618165         2.22
  374603.775     0.600000       674415         2.50
  408944.639     0.650000       730432         2.86
  443547.647     0.700000       786534         3.33
  479461.375     0.750000       842667         4.00
  498073.599     0.775000       870675         4.44
  518258.687     0.800000       898836         5.00
  537919.487     0.825000       927096         5.71
  557842.431     0.850000       955573         6.67
  578289.663     0.875000       983547         8.00
  588775.423     0.887500       997476         8.89
  599785.471     0.900000      1011290        10.00
  611319.807     0.912500      1025446        11.43
  623902.719     0.925000      1039389        13.33
  637534.207     0.937500      1053302        16.00
  644349.951     0.943750      1060199        17.78
  652738.559     0.950000      1067447        20.00
  661127.167     0.956250      1074519        22.86
  669515.775     0.962500      1081271        26.67
  678952.959     0.968750      1088561        32.00
  683671.551     0.971875      1091851        35.56
  688914.431     0.975000      1095326        40.00
  694681.599     0.978125      1098988        45.71
  701497.343     0.981250      1102459        53.33
  708837.375     0.984375      1105876        64.00
  713031.679     0.985938      1107706        71.11
  717225.983     0.987500      1109436        80.00
  722468.863     0.989062      1111186        91.43
  728236.031     0.990625      1112930       106.67
  735051.775     0.992188      1114657       128.00
  738721.791     0.992969      1115465       142.22
  742916.095     0.993750      1116340       160.00
  747634.687     0.994531      1117281       182.86
  752353.279     0.995313      1118117       213.33
  757596.159     0.996094      1118979       256.00
  761266.175     0.996484      1119429       284.44
  764936.191     0.996875      1119867       320.00
  769130.495     0.997266      1120310       365.71
  774373.375     0.997656      1120754       426.67
  781713.407     0.998047      1121168       512.00
  784859.135     0.998242      1121390       568.89
  789053.439     0.998437      1121599       640.00
  792723.455     0.998633      1121842       731.43
  796917.759     0.998828      1122035       853.33
  804257.791     0.999023      1122256      1024.00
  808452.095     0.999121      1122380      1137.78
  812646.399     0.999219      1122482      1280.00
  816316.415     0.999316      1122595      1462.86
  818937.855     0.999414      1122694      1706.67
  822607.871     0.999512      1122810      2048.00
  824705.023     0.999561      1122866      2275.56
  827326.463     0.999609      1122931      2560.00
  829423.615     0.999658      1122968      2925.71
  834142.207     0.999707      1123022      3413.33
  840957.951     0.999756      1123083      4096.00
  842530.815     0.999780      1123106      4551.11
  844627.967     0.999805      1123144      5120.00
  845676.543     0.999829      1123165      5851.43
  847249.407     0.999854      1123191      6826.67
  851967.999     0.999878      1123217      8192.00
  853540.863     0.999890      1123234      9102.22
  856686.591     0.999902      1123242     10240.00
  860356.607     0.999915      1123256     11702.86
  862978.047     0.999927      1123271     13653.33
  867696.639     0.999939      1123285     16384.00
  868745.215     0.999945      1123290     18204.44
  869793.791     0.999951      1123297     20480.00
  872415.231     0.999957      1123305     23405.71
  873988.095     0.999963      1123310     27306.67
  876609.535     0.999969      1123317     32768.00
  877658.111     0.999973      1123321     36408.89
  879230.975     0.999976      1123326     40960.00
  879755.263     0.999979      1123330     46811.43
  880279.551     0.999982      1123331     54613.33
  881328.127     0.999985      1123335     65536.00
  881852.415     0.999986      1123337     72817.78
  882376.703     0.999988      1123339     81920.00
  884473.855     0.999989      1123341     93622.86
  884473.855     0.999991      1123341    109226.67
  887619.583     0.999992      1123343    131072.00
  889716.735     0.999993      1123345    145635.56
  889716.735     0.999994      1123345    163840.00
  891289.599     0.999995      1123347    187245.71
  891289.599     0.999995      1123347    218453.33
  891289.599     0.999996      1123347    262144.00
  892862.463     0.999997      1123348    291271.11
  892862.463     0.999997      1123348    327680.00
  894435.327     0.999997      1123349    374491.43
  894435.327     0.999998      1123349    436906.67
  894435.327     0.999998      1123349    524288.00
  904396.799     0.999998      1123350    582542.22
  904396.799     0.999998      1123350    655360.00
  904396.799     0.999999      1123350    748982.86
  904396.799     0.999999      1123350    873813.33
  904396.799     0.999999      1123350   1048576.00
  904921.087     0.999999      1123351   1165084.44
  904921.087     1.000000      1123351          inf
#[Mean    =   319840.359, StdDeviation   =   198934.203]
#[Max     =   904396.800, Total count    =      1123351]
#[Buckets =           27, SubBuckets     =         2048]
----------------------------------------------------------
  1129534 requests in 30.00m, 228.27MB read
  Socket errors: connect 0, read 360, write 41949, timeout 122081
  Non-2xx or 3xx responses: 117771
Requests/sec:    627.51
Transfer/sec:    129.86KB
