Running 30m test @ http://20.90.107.44:60/wrk2-api/home-timeline/read
  2 threads and 1000 connections
  Thread calibration: mean lat.: 11.396ms, rate sampling interval: 41ms
  Thread calibration: mean lat.: 11.372ms, rate sampling interval: 41ms
  Thread Stats   Avg      Stdev     99%   +/- Stdev
    Latency     1.31m     0.94m    3.59m    61.72%
    Req/Sec   467.75    154.85     0.88k    68.81%
  Latency Distribution (HdrHistogram - Recorded Latency)
 50.000%    1.23m 
 75.000%    2.00m 
 90.000%    2.61m 
 99.000%    3.59m 
 99.900%    4.19m 
 99.990%    4.57m 
 99.999%    4.90m 
100.000%    4.94m 

  Detailed Percentile spectrum:
       Value   Percentile   TotalCount 1/(1-Percentile)

       1.528     0.000000            1         1.00
    4362.239     0.100000       162323         1.11
   20905.983     0.200000       324697         1.25
   38371.327     0.300000       486935         1.43
   56229.887     0.400000       649327         1.67
   73793.535     0.500000       812020         2.00
   82706.431     0.550000       892621         2.22
   91750.399     0.600000       973871         2.50
  100925.439     0.650000      1055321         2.86
  110559.231     0.700000      1136392         3.33
  120127.487     0.750000      1217769         4.00
  124977.151     0.775000      1257783         4.44
  130351.103     0.800000      1298630         5.00
  135921.663     0.825000      1339528         5.71
  142082.047     0.850000      1379730         6.67
  149028.863     0.875000      1420259         8.00
  152961.023     0.887500      1440954         8.89
  156893.183     0.900000      1460862        10.00
  161218.559     0.912500      1480984        11.43
  166199.295     0.925000      1501340        13.33
  171704.319     0.937500      1521688        16.00
  174718.975     0.943750      1531811        17.78
  177995.775     0.950000      1541959        20.00
  181665.791     0.956250      1552007        22.86
  185729.023     0.962500      1562264        26.67
  190316.543     0.968750      1572249        32.00
  192806.911     0.971875      1577474        35.56
  195428.351     0.975000      1582410        40.00
  198443.007     0.978125      1587443        45.71
  201719.807     0.981250      1592544        53.33
  205520.895     0.984375      1597710        64.00
  207618.047     0.985938      1600149        71.11
  210108.415     0.987500      1602693        80.00
  213254.143     0.989062      1605221        91.43
  216530.943     0.990625      1607729       106.67
  220332.031     0.992188      1610269       128.00
  222298.111     0.992969      1611532       142.22
  224264.191     0.993750      1612828       160.00
  226623.487     0.994531      1614065       182.86
  229375.999     0.995313      1615376       213.33
  232521.727     0.996094      1616631       256.00
  234356.735     0.996484      1617274       284.44
  236584.959     0.996875      1617901       320.00
  238551.039     0.997266      1618526       365.71
  240910.335     0.997656      1619162       426.67
  243269.631     0.998047      1619774       512.00
  244580.351     0.998242      1620103       568.89
  246153.215     0.998437      1620421       640.00
  247857.151     0.998633      1620731       731.43
  249692.159     0.998828      1621047       853.33
  251789.311     0.999023      1621363      1024.00
  253231.103     0.999121      1621518      1137.78
  254672.895     0.999219      1621677      1280.00
  256376.831     0.999316      1621841      1462.86
  258080.767     0.999414      1621999      1706.67
  259653.631     0.999512      1622152      2048.00
  260440.063     0.999561      1622230      2275.56
  261357.567     0.999609      1622310      2560.00
  262406.143     0.999658      1622385      2925.71
  263585.791     0.999707      1622466      3413.33
  264896.511     0.999756      1622546      4096.00
  265814.015     0.999780      1622583      4551.11
  266993.663     0.999805      1622623      5120.00
  268697.599     0.999829      1622663      5851.43
  270270.463     0.999854      1622702      6826.67
  272105.471     0.999878      1622745      8192.00
  273154.047     0.999890      1622766      9102.22
  274464.767     0.999902      1622788     10240.00
  275513.343     0.999915      1622801     11702.86
  277086.207     0.999927      1622822     13653.33
  279445.503     0.999939      1622840     16384.00
  282329.087     0.999945      1622850     18204.44
  284688.383     0.999951      1622862     20480.00
  285474.815     0.999957      1622871     23405.71
  286785.535     0.999963      1622880     27306.67
  288096.255     0.999969      1622890     32768.00
  288620.543     0.999973      1622897     36408.89
  288882.687     0.999976      1622901     40960.00
  289669.119     0.999979      1622907     46811.43
  290455.551     0.999982      1622912     54613.33
  291504.127     0.999985      1622917     65536.00
  291504.127     0.999986      1622917     72817.78
  293601.279     0.999988      1622920     81920.00
  293863.423     0.999989      1622923     93622.86
  294125.567     0.999991      1622926    109226.67
  294387.711     0.999992      1622927    131072.00
  294649.855     0.999993      1622928    145635.56
  294911.999     0.999994      1622930    163840.00
  295174.143     0.999995      1622932    187245.71
  295174.143     0.999995      1622932    218453.33
  295436.287     0.999996      1622934    262144.00
  295436.287     0.999997      1622934    291271.11
  295698.431     0.999997      1622937    327680.00
  295698.431     0.999997      1622937    374491.43
  295698.431     0.999998      1622937    436906.67
  295698.431     0.999998      1622937    524288.00
  295698.431     0.999998      1622937    582542.22
  295698.431     0.999998      1622937    655360.00
  295698.431     0.999999      1622937    748982.86
  295960.575     0.999999      1622938    873813.33
  295960.575     0.999999      1622938   1048576.00
  295960.575     0.999999      1622938   1165084.44
  295960.575     0.999999      1622938   1310720.00
  295960.575     0.999999      1622938   1497965.71
  296484.863     0.999999      1622939   1747626.67
  296484.863     1.000000      1622939          inf
#[Mean    =    78492.193, StdDeviation   =    56663.462]
#[Max     =   296222.720, Total count    =      1622939]
#[Buckets =           27, SubBuckets     =         2048]
----------------------------------------------------------
  1632413 requests in 30.00m, 22.05GB read
  Socket errors: connect 0, read 3425, write 162419, timeout 122049
  Non-2xx or 3xx responses: 240
Requests/sec:    906.90
Transfer/sec:     12.54MB
