Running 60m test @ http://51.140.51.13:60/wrk2-api/home-timeline/read
  2 threads and 1000 connections
  Thread calibration: mean lat.: 3140.212ms, rate sampling interval: 12304ms
  Thread calibration: mean lat.: 3125.399ms, rate sampling interval: 12337ms
  Thread Stats   Avg      Stdev     99%   +/- Stdev
    Latency    21.34m    13.00m   48.76m    66.99%
    Req/Sec   103.63     56.59   289.00     72.98%
  Latency Distribution (HdrHistogram - Recorded Latency)
 50.000%   18.40m 
 75.000%   32.12m 
 90.000%   40.96m 
 99.000%   48.76m 
 99.900%   51.38m 
 99.990%   52.64m 
 99.999%   53.27m 
100.000%   53.41m 

  Detailed Percentile spectrum:
       Value   Percentile   TotalCount 1/(1-Percentile)

    3751.935     0.000000            1         1.00
  494403.583     0.100000        75065         1.11
  524550.143     0.200000       149577         1.25
  628621.311     0.300000       224314         1.43
  773849.087     0.400000       299224         1.67
 1104150.527     0.500000       373861         2.00
 1285554.175     0.550000       411103         2.22
 1448083.455     0.600000       448486         2.50
 1609564.159     0.650000       486000         2.86
 1763704.831     0.700000       523338         3.33
 1927282.687     0.750000       560774         4.00
 2011168.767     0.775000       579495         4.44
 2096103.423     0.800000       598145         5.00
 2183135.231     0.825000       616910         5.71
 2271215.615     0.850000       635535         6.67
 2363490.303     0.875000       654291         8.00
 2409627.647     0.887500       663468         8.89
 2457862.143     0.900000       673045        10.00
 2506096.639     0.912500       682226        11.43
 2556428.287     0.925000       691413        13.33
 2610954.239     0.937500       700848        16.00
 2640314.367     0.943750       705675        17.78
 2669674.495     0.950000       710343        20.00
 2699034.623     0.956250       714827        22.86
 2732589.055     0.962500       719554        26.67
 2768240.639     0.968750       724202        32.00
 2787115.007     0.971875       726497        35.56
 2808086.527     0.975000       729021        40.00
 2826960.895     0.978125       731151        45.71
 2850029.567     0.981250       733527        53.33
 2875195.391     0.984375       735947        64.00
 2885681.151     0.985938       736952        71.11
 2900361.215     0.987500       738168        80.00
 2917138.431     0.989062       739403        91.43
 2933915.647     0.990625       740537       106.67
 2952790.015     0.992188       741662       128.00
 2963275.775     0.992969       742224       142.22
 2973761.535     0.993750       742803       160.00
 2984247.295     0.994531       743395       182.86
 2996830.207     0.995313       744022       213.33
 3009413.119     0.996094       744607       256.00
 3015704.575     0.996484       744841       284.44
 3024093.183     0.996875       745144       320.00
 3032481.791     0.997266       745431       365.71
 3040870.399     0.997656       745708       426.67
 3051356.159     0.998047       746022       512.00
 3057647.615     0.998242       746185       568.89
 3061841.919     0.998437       746314       640.00
 3068133.375     0.998633       746449       731.43
 3074424.831     0.998828       746584       853.33
 3084910.591     0.999023       746750      1024.00
 3089104.895     0.999121       746820      1137.78
 3093299.199     0.999219       746877      1280.00
 3099590.655     0.999316       746952      1462.86
 3105882.111     0.999414       747030      1706.67
 3112173.567     0.999512       747105      2048.00
 3116367.871     0.999561       747137      2275.56
 3120562.175     0.999609       747175      2560.00
 3124756.479     0.999658       747202      2925.71
 3128950.783     0.999707       747240      3413.33
 3135242.239     0.999756       747279      4096.00
 3137339.391     0.999780       747292      4551.11
 3141533.695     0.999805       747308      5120.00
 3145727.999     0.999829       747329      5851.43
 3149922.303     0.999854       747352      6826.67
 3152019.455     0.999878       747362      8192.00
 3156213.759     0.999890       747374      9102.22
 3160408.063     0.999902       747384     10240.00
 3162505.215     0.999915       747389     11702.86
 3168796.671     0.999927       747399     13653.33
 3170893.823     0.999939       747408     16384.00
 3175088.127     0.999945       747417     18204.44
 3175088.127     0.999951       747417     20480.00
 3177185.279     0.999957       747421     23405.71
 3179282.431     0.999963       747425     27306.67
 3183476.735     0.999969       747435     32768.00
 3183476.735     0.999973       747435     36408.89
 3183476.735     0.999976       747435     40960.00
 3185573.887     0.999979       747438     46811.43
 3187671.039     0.999982       747439     54613.33
 3191865.343     0.999985       747443     65536.00
 3191865.343     0.999986       747443     72817.78
 3191865.343     0.999988       747443     81920.00
 3196059.647     0.999989       747445     93622.86
 3198156.799     0.999991       747450    109226.67
 3198156.799     0.999992       747450    131072.00
 3198156.799     0.999993       747450    145635.56
 3198156.799     0.999994       747450    163840.00
 3198156.799     0.999995       747450    187245.71
 3198156.799     0.999995       747450    218453.33
 3198156.799     0.999996       747450    262144.00
 3198156.799     0.999997       747450    291271.11
 3198156.799     0.999997       747450    327680.00
 3200253.951     0.999997       747451    374491.43
 3200253.951     0.999998       747451    436906.67
 3200253.951     0.999998       747451    524288.00
 3200253.951     0.999998       747451    582542.22
 3200253.951     0.999998       747451    655360.00
 3204448.255     0.999999       747452    748982.86
 3204448.255     1.000000       747452          inf
#[Mean    =  1280283.675, StdDeviation   =   779765.359]
#[Max     =  3202351.104, Total count    =       747452]
#[Buckets =           27, SubBuckets     =         2048]
----------------------------------------------------------
  749430 requests in 60.00m, 6.87GB read
  Socket errors: connect 0, read 22408, write 128055, timeout 263466
  Non-2xx or 3xx responses: 201972
Requests/sec:    208.17
Transfer/sec:      1.95MB
