Running 30m test @ http://20.90.75.70:60/wrk2-api/home-timeline/read
  2 threads and 1000 connections
  Thread calibration: mean lat.: 2839.452ms, rate sampling interval: 11567ms
  Thread calibration: mean lat.: 2694.762ms, rate sampling interval: 10706ms
  Thread Stats   Avg      Stdev     99%   +/- Stdev
    Latency    14.32m     7.59m   26.91m    59.03%
    Req/Sec    55.80      9.53    71.00     64.17%
  Latency Distribution (HdrHistogram - Recorded Latency)
 50.000%   15.02m 
 75.000%   20.64m 
 90.000%   24.33m 
 99.000%   26.91m 
 99.900%   27.68m 
 99.990%   27.93m 
 99.999%   28.01m 
100.000%   28.05m 

  Detailed Percentile spectrum:
       Value   Percentile   TotalCount 1/(1-Percentile)

    4370.431     0.000000            1         1.00
  187564.031     0.100000        20177         1.11
  378798.079     0.200000        40356         1.25
  570425.343     0.300000        60529         1.43
  763887.615     0.400000        80725         1.67
  901251.071     0.500000       100893         2.00
  969932.799     0.550000       110963         2.22
 1037041.663     0.600000       121038         2.50
 1105199.103     0.650000       131173         2.86
 1172307.967     0.700000       141252         3.33
 1238368.255     0.750000       151248         4.00
 1272971.263     0.775000       156334         4.44
 1309671.423     0.800000       161324         5.00
 1347420.159     0.825000       166388         5.71
 1387266.047     0.850000       171503         6.67
 1423966.207     0.875000       176471         8.00
 1442840.575     0.887500       179055         8.89
 1459617.791     0.900000       181497        10.00
 1476395.007     0.912500       184027        11.43
 1493172.223     0.925000       186527        13.33
 1510998.015     0.937500       189083        16.00
 1520435.199     0.943750       190431        17.78
 1528823.807     0.950000       191667        20.00
 1537212.415     0.956250       192882        22.86
 1546649.599     0.962500       194230        26.67
 1555038.207     0.968750       195363        32.00
 1560281.087     0.971875       196007        35.56
 1566572.543     0.975000       196705        40.00
 1572863.999     0.978125       197306        45.71
 1580204.031     0.981250       197886        53.33
 1590689.791     0.984375       198515        64.00
 1596981.247     0.985938       198829        71.11
 1603272.703     0.987500       199119        80.00
 1610612.735     0.989062       199452        91.43
 1617952.767     0.990625       199788       106.67
 1624244.223     0.992188       200077       128.00
 1628438.527     0.992969       200268       142.22
 1631584.255     0.993750       200408       160.00
 1634729.983     0.994531       200540       182.86
 1638924.287     0.995313       200717       213.33
 1642070.015     0.996094       200857       256.00
 1644167.167     0.996484       200931       284.44
 1646264.319     0.996875       201009       320.00
 1648361.471     0.997266       201096       365.71
 1651507.199     0.997656       201195       426.67
 1653604.351     0.998047       201274       512.00
 1654652.927     0.998242       201308       568.89
 1655701.503     0.998437       201332       640.00
 1657798.655     0.998633       201382       731.43
 1658847.231     0.998828       201411       853.33
 1660944.383     0.999023       201457      1024.00
 1661992.959     0.999121       201472      1137.78
 1663041.535     0.999219       201487      1280.00
 1664090.111     0.999316       201514      1462.86
 1665138.687     0.999414       201527      1706.67
 1667235.839     0.999512       201551      2048.00
 1667235.839     0.999561       201551      2275.56
 1668284.415     0.999609       201568      2560.00
 1669332.991     0.999658       201583      2925.71
 1669332.991     0.999707       201583      3413.33
 1670381.567     0.999756       201590      4096.00
 1671430.143     0.999780       201597      4551.11
 1672478.719     0.999805       201607      5120.00
 1672478.719     0.999829       201607      5851.43
 1673527.295     0.999854       201614      6826.67
 1674575.871     0.999878       201618      8192.00
 1674575.871     0.999890       201618      9102.22
 1675624.447     0.999902       201620     10240.00
 1676673.023     0.999915       201626     11702.86
 1676673.023     0.999927       201626     13653.33
 1677721.599     0.999939       201629     16384.00
 1677721.599     0.999945       201629     18204.44
 1678770.175     0.999951       201633     20480.00
 1678770.175     0.999957       201633     23405.71
 1678770.175     0.999963       201633     27306.67
 1678770.175     0.999969       201633     32768.00
 1679818.751     0.999973       201634     36408.89
 1680867.327     0.999976       201638     40960.00
 1680867.327     0.999979       201638     46811.43
 1680867.327     0.999982       201638     54613.33
 1680867.327     0.999985       201638     65536.00
 1680867.327     0.999986       201638     72817.78
 1680867.327     0.999988       201638     81920.00
 1680867.327     0.999989       201638     93622.86
 1680867.327     0.999991       201638    109226.67
 1680867.327     0.999992       201638    131072.00
 1680867.327     0.999993       201638    145635.56
 1680867.327     0.999994       201638    163840.00
 1680867.327     0.999995       201638    187245.71
 1682964.479     0.999995       201639    218453.33
 1682964.479     1.000000       201639          inf
#[Mean    =   859330.269, StdDeviation   =   455137.354]
#[Max     =  1681915.904, Total count    =       201639]
#[Buckets =           27, SubBuckets     =         2048]
----------------------------------------------------------
  203790 requests in 30.00m, 2.69GB read
  Socket errors: connect 0, read 37512, write 211120, timeout 125863
  Non-2xx or 3xx responses: 994
Requests/sec:    113.22
Transfer/sec:      1.53MB
