Running 30m test @ http://20.90.75.70:60/wrk2-api/post/compose
  2 threads and 1000 connections
  Thread calibration: mean lat.: 4586.328ms, rate sampling interval: 15106ms
  Thread calibration: mean lat.: 4559.623ms, rate sampling interval: 14999ms
  Thread Stats   Avg      Stdev     99%   +/- Stdev
    Latency    12.06m     7.74m   27.14m    58.98%
    Req/Sec    42.66     15.92    69.00     67.37%
  Latency Distribution (HdrHistogram - Recorded Latency)
 50.000%   10.62m 
 75.000%   18.79m 
 90.000%   23.38m 
 99.000%   27.14m 
 99.900%   28.75m 
 99.990%   29.24m 
 99.999%   29.41m 
100.000%   29.52m 

  Detailed Percentile spectrum:
       Value   Percentile   TotalCount 1/(1-Percentile)

    5791.743     0.000000            1         1.00
  135266.303     0.100000        15397         1.11
  262799.359     0.200000        30793         1.25
  386662.399     0.300000        46208         1.43
  510132.223     0.400000        61584         1.67
  637009.919     0.500000        76976         2.00
  731381.759     0.550000        84679         2.22
  840957.951     0.600000        92362         2.50
  942145.535     0.650000       100106         2.86
 1038090.239     0.700000       107755         3.33
 1127219.199     0.750000       115558         4.00
 1168113.663     0.775000       119324         4.44
 1210056.703     0.800000       123200         5.00
 1251999.743     0.825000       127009         5.71
 1299185.663     0.850000       130864         6.67
 1350565.887     0.875000       134700         8.00
 1377828.863     0.887500       136675         8.89
 1402994.687     0.900000       138585        10.00
 1428160.511     0.912500       140521        11.43
 1453326.335     0.925000       142451        13.33
 1479540.735     0.937500       144387        16.00
 1492123.647     0.943750       145331        17.78
 1505755.135     0.950000       146277        20.00
 1519386.623     0.956250       147242        22.86
 1534066.687     0.962500       148204        26.67
 1549795.327     0.968750       149154        32.00
 1558183.935     0.971875       149600        35.56
 1567621.119     0.975000       150088        40.00
 1578106.879     0.978125       150586        45.71
 1590689.791     0.981250       151068        53.33
 1604321.279     0.984375       151565        64.00
 1610612.735     0.985938       151783        71.11
 1616904.191     0.987500       152013        80.00
 1624244.223     0.989062       152286        91.43
 1630535.679     0.990625       152505       106.67
 1637875.711     0.992188       152752       128.00
 1641021.439     0.992969       152859       142.22
 1645215.743     0.993750       152977       160.00
 1649410.047     0.994531       153094       182.86
 1654652.927     0.995313       153210       213.33
 1660944.383     0.996094       153329       256.00
 1666187.263     0.996484       153400       284.44
 1670381.567     0.996875       153452       320.00
 1676673.023     0.997266       153509       365.71
 1687158.783     0.997656       153572       426.67
 1699741.695     0.998047       153631       512.00
 1706033.151     0.998242       153664       568.89
 1711276.031     0.998437       153695       640.00
 1716518.911     0.998633       153723       731.43
 1720713.215     0.998828       153753       853.33
 1725956.095     0.999023       153783      1024.00
 1728053.247     0.999121       153794      1137.78
 1731198.975     0.999219       153812      1280.00
 1733296.127     0.999316       153824      1462.86
 1736441.855     0.999414       153839      1706.67
 1738539.007     0.999512       153858      2048.00
 1739587.583     0.999561       153866      2275.56
 1741684.735     0.999609       153873      2560.00
 1742733.311     0.999658       153877      2925.71
 1744830.463     0.999707       153886      3413.33
 1746927.615     0.999756       153894      4096.00
 1747976.191     0.999780       153900      4551.11
 1747976.191     0.999805       153900      5120.00
 1750073.343     0.999829       153905      5851.43
 1751121.919     0.999854       153908      6826.67
 1752170.495     0.999878       153911      8192.00
 1753219.071     0.999890       153913      9102.22
 1754267.647     0.999902       153915     10240.00
 1755316.223     0.999915       153916     11702.86
 1756364.799     0.999927       153918     13653.33
 1757413.375     0.999939       153921     16384.00
 1757413.375     0.999945       153921     18204.44
 1759510.527     0.999951       153923     20480.00
 1759510.527     0.999957       153923     23405.71
 1760559.103     0.999963       153924     27306.67
 1761607.679     0.999969       153925     32768.00
 1761607.679     0.999973       153925     36408.89
 1763704.831     0.999976       153926     40960.00
 1763704.831     0.999979       153926     46811.43
 1764753.407     0.999982       153927     54613.33
 1764753.407     0.999985       153927     65536.00
 1764753.407     0.999986       153927     72817.78
 1765801.983     0.999988       153928     81920.00
 1765801.983     0.999989       153928     93622.86
 1765801.983     0.999991       153928    109226.67
 1765801.983     0.999992       153928    131072.00
 1765801.983     0.999993       153928    145635.56
 1771044.863     0.999994       153929    163840.00
 1771044.863     1.000000       153929          inf
#[Mean    =   723322.066, StdDeviation   =   464165.295]
#[Max     =  1769996.288, Total count    =       153929]
#[Buckets =           27, SubBuckets     =         2048]
----------------------------------------------------------
  155030 requests in 30.00m, 29.06MB read
  Socket errors: connect 0, read 45057, write 794353, timeout 513711
  Non-2xx or 3xx responses: 540
Requests/sec:     86.12
Transfer/sec:     16.53KB
