Running 30m test @ http://20.108.188.0:60/wrk2-api/home-timeline/read
  2 threads and 1000 connections
  Thread calibration: mean lat.: 3488.975ms, rate sampling interval: 13557ms
  Thread calibration: mean lat.: 3738.960ms, rate sampling interval: 14147ms
  Thread Stats   Avg      Stdev     99%   +/- Stdev
    Latency    16.54m     7.94m   28.15m    61.78%
    Req/Sec    29.32     10.84    48.00     71.21%
  Latency Distribution (HdrHistogram - Recorded Latency)
 50.000%   18.40m 
 75.000%   23.07m 
 90.000%   25.86m 
 99.000%   28.15m 
 99.900%   28.68m 
 99.990%   29.76m 
 99.999%   29.90m 
100.000%   29.92m 

  Detailed Percentile spectrum:
       Value   Percentile   TotalCount 1/(1-Percentile)

    6000.639     0.000000            1         1.00
  237895.679     0.100000        10699         1.11
  479723.519     0.200000        21389         1.25
  731906.047     0.300000        32093         1.43
  975699.967     0.400000        42807         1.67
 1104150.527     0.500000        53493         2.00
 1163919.359     0.550000        58823         2.22
 1223688.191     0.600000        64197         2.50
 1278214.143     0.650000        69515         2.86
 1332740.095     0.700000        74894         3.33
 1384120.319     0.750000        80215         4.00
 1411383.295     0.775000        82949         4.44
 1437597.695     0.800000        85606         5.00
 1464860.671     0.825000        88309         5.71
 1491075.071     0.850000        90912         6.67
 1521483.775     0.875000        93662         8.00
 1536163.839     0.887500        94903         8.89
 1551892.479     0.900000        96287        10.00
 1566572.543     0.912500        97586        11.43
 1582301.183     0.925000        98942        13.33
 1598029.823     0.937500       100256        16.00
 1607467.007     0.943750       100989        17.78
 1616904.191     0.950000       101643        20.00
 1626341.375     0.956250       102298        22.86
 1637875.711     0.962500       102980        26.67
 1649410.047     0.968750       103602        32.00
 1655701.503     0.971875       103968        35.56
 1660944.383     0.975000       104267        40.00
 1667235.839     0.978125       104622        45.71
 1672478.719     0.981250       104945        53.33
 1678770.175     0.984375       105289        64.00
 1681915.903     0.985938       105460        71.11
 1685061.631     0.987500       105622        80.00
 1688207.359     0.989062       105804        91.43
 1691353.087     0.990625       105985       106.67
 1694498.815     0.992188       106135       128.00
 1696595.967     0.992969       106234       142.22
 1697644.543     0.993750       106285       160.00
 1699741.695     0.994531       106363       182.86
 1701838.847     0.995313       106452       213.33
 1703935.999     0.996094       106522       256.00
 1704984.575     0.996484       106560       284.44
 1707081.727     0.996875       106622       320.00
 1708130.303     0.997266       106649       365.71
 1710227.455     0.997656       106688       426.67
 1712324.607     0.998047       106739       512.00
 1713373.183     0.998242       106755       568.89
 1714421.759     0.998437       106765       640.00
 1716518.911     0.998633       106801       731.43
 1717567.487     0.998828       106808       853.33
 1720713.215     0.999023       106833      1024.00
 1721761.791     0.999121       106839      1137.78
 1724907.519     0.999219       106852      1280.00
 1727004.671     0.999316       106859      1462.86
 1743781.887     0.999414       106870      1706.67
 1750073.343     0.999512       106881      2048.00
 1758461.951     0.999561       106886      2275.56
 1762656.255     0.999609       106892      2560.00
 1766850.559     0.999658       106898      2925.71
 1772093.439     0.999707       106901      3413.33
 1776287.743     0.999756       106906      4096.00
 1777336.319     0.999780       106909      4551.11
 1779433.471     0.999805       106913      5120.00
 1780482.047     0.999829       106915      5851.43
 1782579.199     0.999854       106917      6826.67
 1784676.351     0.999878       106920      8192.00
 1785724.927     0.999890       106922      9102.22
 1785724.927     0.999902       106922     10240.00
 1786773.503     0.999915       106925     11702.86
 1786773.503     0.999927       106925     13653.33
 1787822.079     0.999939       106926     16384.00
 1788870.655     0.999945       106928     18204.44
 1788870.655     0.999951       106928     20480.00
 1788870.655     0.999957       106928     23405.71
 1789919.231     0.999963       106930     27306.67
 1789919.231     0.999969       106930     32768.00
 1789919.231     0.999973       106930     36408.89
 1789919.231     0.999976       106930     40960.00
 1789919.231     0.999979       106930     46811.43
 1794113.535     0.999982       106931     54613.33
 1794113.535     0.999985       106931     65536.00
 1794113.535     0.999986       106931     72817.78
 1794113.535     0.999988       106931     81920.00
 1794113.535     0.999989       106931     93622.86
 1795162.111     0.999991       106932    109226.67
 1795162.111     1.000000       106932          inf
#[Mean    =   992678.463, StdDeviation   =   476572.869]
#[Max     =  1794113.536, Total count    =       106932]
#[Buckets =           27, SubBuckets     =         2048]
----------------------------------------------------------
  107675 requests in 30.00m, 1.40GB read
  Socket errors: connect 0, read 103918, write 674431, timeout 151014
  Non-2xx or 3xx responses: 1685
Requests/sec:     59.82
Transfer/sec:    818.28KB
