Running 30m test @ http://20.108.188.0:60/wrk2-api/post/compose
  2 threads and 1000 connections
  Thread calibration: mean lat.: 5289.405ms, rate sampling interval: 16793ms
  Thread calibration: mean lat.: 5163.566ms, rate sampling interval: 16056ms
  Thread Stats   Avg      Stdev     99%   +/- Stdev
    Latency     7.72m     4.81m   22.53m    63.34%
    Req/Sec    10.31      9.11    23.00     48.37%
  Latency Distribution (HdrHistogram - Recorded Latency)
 50.000%    7.43m 
 75.000%   11.42m 
 90.000%   13.69m 
 99.000%   22.53m 
 99.900%   27.47m 
 99.990%   28.21m 
 99.999%   28.49m 
100.000%   28.49m 

  Detailed Percentile spectrum:
       Value   Percentile   TotalCount 1/(1-Percentile)

    6692.863     0.000000            1         1.00
   94765.055     0.100000         3806         1.11
  180879.359     0.200000         7614         1.25
  267386.879     0.300000        11416         1.43
  351535.103     0.400000        15236         1.67
  445644.799     0.500000        19032         2.00
  493355.007     0.550000        20934         2.22
  543686.655     0.600000        22847         2.50
  594018.303     0.650000        24748         2.86
  640679.935     0.700000        26638         3.33
  685244.415     0.750000        28553         4.00
  707264.511     0.775000        29498         4.44
  728760.319     0.800000        30443         5.00
  751828.991     0.825000        31413         5.71
  774373.375     0.850000        32369         6.67
  796393.471     0.875000        33318         8.00
  808452.095     0.887500        33772         8.89
  821559.295     0.900000        34257        10.00
  834666.495     0.912500        34736        11.43
  848297.983     0.925000        35199        13.33
  864026.623     0.937500        35680        16.00
  872415.231     0.943750        35911        17.78
  882376.703     0.950000        36150        20.00
  893386.751     0.956250        36387        22.86
  907018.239     0.962500        36627        26.67
  923271.167     0.968750        36862        32.00
  936902.655     0.971875        36982        35.56
  955252.735     0.975000        37103        40.00
  981991.423     0.978125        37220        45.71
 1038614.527     0.981250        37338        53.33
 1159725.055     0.984375        37458        64.00
 1217396.735     0.985938        37517        71.11
 1271922.687     0.987500        37576        80.00
 1321205.759     0.989062        37637        91.43
 1370488.831     0.990625        37697       106.67
 1416626.175     0.992188        37754       128.00
 1442840.575     0.992969        37784       142.22
 1468006.399     0.993750        37814       160.00
 1490026.495     0.994531        37843       182.86
 1514143.743     0.995313        37873       213.33
 1541406.719     0.996094        37903       256.00
 1557135.359     0.996484        37918       284.44
 1570766.847     0.996875        37935       320.00
 1583349.759     0.997266        37947       365.71
 1599078.399     0.997656        37962       426.67
 1611661.311     0.998047        37978       512.00
 1615855.615     0.998242        37985       568.89
 1625292.799     0.998437        37992       640.00
 1635778.559     0.998633        37999       731.43
 1642070.015     0.998828        38007       853.33
 1650458.623     0.999023        38014      1024.00
 1653604.351     0.999121        38018      1137.78
 1659895.807     0.999219        38024      1280.00
 1660944.383     0.999316        38026      1462.86
 1663041.535     0.999414        38029      1706.67
 1667235.839     0.999512        38033      2048.00
 1673527.295     0.999561        38035      2275.56
 1677721.599     0.999609        38038      2560.00
 1677721.599     0.999658        38038      2925.71
 1679818.751     0.999707        38041      3413.33
 1680867.327     0.999756        38042      4096.00
 1682964.479     0.999780        38043      4551.11
 1686110.207     0.999805        38044      5120.00
 1689255.935     0.999829        38045      5851.43
 1690304.511     0.999854        38046      6826.67
 1692401.663     0.999878        38047      8192.00
 1692401.663     0.999890        38047      9102.22
 1693450.239     0.999902        38048     10240.00
 1693450.239     0.999915        38048     11702.86
 1701838.847     0.999927        38049     13653.33
 1701838.847     0.999939        38049     16384.00
 1701838.847     0.999945        38049     18204.44
 1706033.151     0.999951        38050     20480.00
 1706033.151     0.999957        38050     23405.71
 1706033.151     0.999963        38050     27306.67
 1706033.151     0.999969        38050     32768.00
 1706033.151     0.999973        38050     36408.89
 1709178.879     0.999976        38051     40960.00
 1709178.879     1.000000        38051          inf
#[Mean    =   463447.693, StdDeviation   =   288426.397]
#[Max     =  1708130.304, Total count    =        38051]
#[Buckets =           27, SubBuckets     =         2048]
----------------------------------------------------------
  38523 requests in 30.03m, 7.21MB read
  Socket errors: connect 0, read 13918, write 1406957, timeout 195673
  Non-2xx or 3xx responses: 93
Requests/sec:     21.38
Transfer/sec:      4.10KB
