Running 60m test @ http://20.117.150.131:60/wrk2-api/post/compose
  2 threads and 1000 connections
  Thread calibration: mean lat.: 1307.331ms, rate sampling interval: 6742ms
  Thread calibration: mean lat.: 1470.891ms, rate sampling interval: 8376ms
  Thread Stats   Avg      Stdev     99%   +/- Stdev
    Latency    17.42m     9.27m   33.73m    56.06%
    Req/Sec   228.51     38.27   333.00     80.62%
  Latency Distribution (HdrHistogram - Recorded Latency)
 50.000%   17.70m 
 75.000%   25.55m 
 90.000%   29.78m 
 99.000%   33.73m 
 99.900%   35.51m 
 99.990%   36.77m 
 99.999%   37.82m 
100.000%   37.99m 

  Detailed Percentile spectrum:
       Value   Percentile   TotalCount 1/(1-Percentile)

     307.711     0.000000            1         1.00
  308805.631     0.100000       164508         1.11
  436994.047     0.200000       328839         1.25
  645398.527     0.300000       493553         1.43
  866123.775     0.400000       657665         1.67
 1062207.487     0.500000       822110         2.00
 1157627.903     0.550000       904198         2.22
 1253048.319     0.600000       987183         2.50
 1348468.735     0.650000      1069427         2.86
 1441791.999     0.700000      1151093         3.33
 1533018.111     0.750000      1233940         4.00
 1577058.303     0.775000      1274287         4.44
 1621098.495     0.800000      1315934         5.00
 1661992.959     0.825000      1357219         5.71
 1701838.847     0.850000      1397633         6.67
 1743781.887     0.875000      1438591         8.00
 1765801.983     0.887500      1459665         8.89
 1786773.503     0.900000      1479616        10.00
 1809842.175     0.912500      1500256        11.43
 1833959.423     0.925000      1520784        13.33
 1860173.823     0.937500      1541521        16.00
 1873805.311     0.943750      1552047        17.78
 1887436.799     0.950000      1562256        20.00
 1902116.863     0.956250      1572433        22.86
 1916796.927     0.962500      1582296        26.67
 1933574.143     0.968750      1592776        32.00
 1943011.327     0.971875      1597930        35.56
 1953497.087     0.975000      1603117        40.00
 1965031.423     0.978125      1608041        45.71
 1977614.335     0.981250      1613292        53.33
 1992294.399     0.984375      1618491        64.00
 1999634.431     0.985938      1620858        71.11
 2008023.039     0.987500      1623401        80.00
 2017460.223     0.989062      1626126        91.43
 2027945.983     0.990625      1628740       106.67
 2039480.319     0.992188      1631083       128.00
 2045771.775     0.992969      1632372       142.22
 2053111.807     0.993750      1633777       160.00
 2061500.415     0.994531      1635111       182.86
 2068840.447     0.995313      1636295       213.33
 2078277.631     0.996094      1637587       256.00
 2083520.511     0.996484      1638215       284.44
 2088763.391     0.996875      1638906       320.00
 2094006.271     0.997266      1639541       365.71
 2100297.727     0.997656      1640169       426.67
 2106589.183     0.998047      1640751       512.00
 2110783.487     0.998242      1641085       568.89
 2114977.791     0.998437      1641372       640.00
 2120220.671     0.998633      1641742       731.43
 2125463.551     0.998828      1642042       853.33
 2131755.007     0.999023      1642329      1024.00
 2135949.311     0.999121      1642482      1137.78
 2140143.615     0.999219      1642657      1280.00
 2144337.919     0.999316      1642831      1462.86
 2149580.799     0.999414      1642968      1706.67
 2157969.407     0.999512      1643153      2048.00
 2160066.559     0.999561      1643199      2275.56
 2164260.863     0.999609      1643285      2560.00
 2168455.167     0.999658      1643366      2925.71
 2174746.623     0.999707      1643440      3413.33
 2183135.231     0.999756      1643532      4096.00
 2187329.535     0.999780      1643576      4551.11
 2191523.839     0.999805      1643624      5120.00
 2195718.143     0.999829      1643647      5851.43
 2197815.295     0.999854      1643692      6826.67
 2202009.599     0.999878      1643730      8192.00
 2204106.751     0.999890      1643750      9102.22
 2206203.903     0.999902      1643761     10240.00
 2210398.207     0.999915      1643783     11702.86
 2216689.663     0.999927      1643805     13653.33
 2222981.119     0.999939      1643821     16384.00
 2229272.575     0.999945      1643838     18204.44
 2231369.727     0.999951      1643841     20480.00
 2235564.031     0.999957      1643862     23405.71
 2235564.031     0.999963      1643862     27306.67
 2243952.639     0.999969      1643873     32768.00
 2246049.791     0.999973      1643876     36408.89
 2254438.399     0.999976      1643882     40960.00
 2258632.703     0.999979      1643891     46811.43
 2258632.703     0.999982      1643891     54613.33
 2262827.007     0.999985      1643897     65536.00
 2264924.159     0.999986      1643899     72817.78
 2267021.311     0.999988      1643904     81920.00
 2267021.311     0.999989      1643904     93622.86
 2269118.463     0.999991      1643909    109226.67
 2269118.463     0.999992      1643909    131072.00
 2271215.615     0.999993      1643910    145635.56
 2273312.767     0.999994      1643912    163840.00
 2275409.919     0.999995      1643914    187245.71
 2275409.919     0.999995      1643914    218453.33
 2277507.071     0.999996      1643919    262144.00
 2277507.071     0.999997      1643919    291271.11
 2277507.071     0.999997      1643919    327680.00
 2277507.071     0.999997      1643919    374491.43
 2277507.071     0.999998      1643919    436906.67
 2277507.071     0.999998      1643919    524288.00
 2277507.071     0.999998      1643919    582542.22
 2277507.071     0.999998      1643919    655360.00
 2277507.071     0.999999      1643919    748982.86
 2279604.223     0.999999      1643921    873813.33
 2279604.223     1.000000      1643921          inf
#[Mean    =  1045037.367, StdDeviation   =   556348.983]
#[Max     =  2277507.072, Total count    =      1643921]
#[Buckets =           27, SubBuckets     =         2048]
----------------------------------------------------------
  1647024 requests in 60.00m, 327.30MB read
  Socket errors: connect 0, read 132, write 3309, timeout 310693
  Non-2xx or 3xx responses: 146236
Requests/sec:    457.51
Transfer/sec:     93.10KB
