Running 30m test @ http://13.87.76.154:60
  2 threads and 1000 connections
  Thread calibration: mean lat.: 22.672ms, rate sampling interval: 107ms
  Thread calibration: mean lat.: 17.521ms, rate sampling interval: 101ms
  Thread Stats   Avg      Stdev     99%   +/- Stdev
    Latency     4.86m     4.39m   19.28m    69.91%
    Req/Sec     2.71      5.02    19.00     75.33%
  Latency Distribution (HdrHistogram - Recorded Latency)
 50.000%    4.01m 
 75.000%    7.31m 
 90.000%   10.61m 
 99.000%   19.28m 
 99.900%   24.80m 
 99.990%   26.23m 
 99.999%   26.51m 
100.000%   26.51m 

  Detailed Percentile spectrum:
       Value   Percentile   TotalCount 1/(1-Percentile)

       2.199     0.000000            1         1.00
    6856.703     0.100000         1009         1.11
   46301.183     0.200000         2018         1.25
  100990.975     0.300000         3027         1.43
  175374.335     0.400000         4038         1.67
  240648.191     0.500000         5044         2.00
  276299.775     0.550000         5549         2.22
  309592.063     0.600000         6055         2.50
  350748.671     0.650000         6560         2.86
  391643.135     0.700000         7062         3.33
  438304.767     0.750000         7567         4.00
  462159.871     0.775000         7819         4.44
  488636.415     0.800000         8072         5.00
  515637.247     0.825000         8325         5.71
  549453.823     0.850000         8579         6.67
  587726.847     0.875000         8828         8.00
  611319.807     0.887500         8954         8.89
  636485.631     0.900000         9080        10.00
  662700.031     0.912500         9208        11.43
  692584.447     0.925000         9332        13.33
  730857.471     0.937500         9458        16.00
  752877.567     0.943750         9522        17.78
  786431.999     0.950000         9584        20.00
  818413.567     0.956250         9648        22.86
  854065.151     0.962500         9710        26.67
  910163.967     0.968750         9773        32.00
  948961.279     0.971875         9805        35.56
  975699.967     0.975000         9836        40.00
  993525.759     0.978125         9868        45.71
 1027604.479     0.981250         9899        53.33
 1055916.031     0.984375         9932        64.00
 1070071.807     0.985938         9947        71.11
 1091567.615     0.987500         9962        80.00
 1126170.623     0.989062         9978        91.43
 1175453.695     0.990625         9994       106.67
 1237319.679     0.992188        10011       128.00
 1276116.991     0.992969        10018       142.22
 1300234.239     0.993750        10025       160.00
 1317011.455     0.994531        10033       182.86
 1336934.399     0.995313        10041       213.33
 1366294.527     0.996094        10050       256.00
 1378877.439     0.996484        10053       284.44
 1398800.383     0.996875        10057       320.00
 1415577.599     0.997266        10063       365.71
 1422917.631     0.997656        10065       426.67
 1432354.815     0.998047        10069       512.00
 1436549.119     0.998242        10071       568.89
 1444937.727     0.998437        10073       640.00
 1452277.759     0.998633        10075       731.43
 1465909.247     0.998828        10077       853.33
 1490026.495     0.999023        10079      1024.00
 1492123.647     0.999121        10080      1137.78
 1496317.951     0.999219        10081      1280.00
 1498415.103     0.999316        10082      1462.86
 1510998.015     0.999414        10083      1706.67
 1521483.775     0.999512        10084      2048.00
 1521483.775     0.999561        10084      2275.56
 1537212.415     0.999609        10085      2560.00
 1537212.415     0.999658        10085      2925.71
 1570766.847     0.999707        10086      3413.33
 1570766.847     0.999756        10086      4096.00
 1570766.847     0.999780        10086      4551.11
 1573912.575     0.999805        10087      5120.00
 1573912.575     0.999829        10087      5851.43
 1573912.575     0.999854        10087      6826.67
 1573912.575     0.999878        10087      8192.00
 1573912.575     0.999890        10087      9102.22
 1590689.791     0.999902        10088     10240.00
 1590689.791     1.000000        10088          inf
#[Mean    =   291805.516, StdDeviation   =   263627.246]
#[Max     =  1589641.216, Total count    =        10088]
#[Buckets =           27, SubBuckets     =         2048]
----------------------------------------------------------
  10176 requests in 30.02m, 4.71MB read
  Socket errors: connect 0, read 0, write 5009, timeout 881368
Requests/sec:      5.65
Transfer/sec:      2.68KB
