Running 60m test @ http://20.117.148.88:60/wrk2-api/home-timeline/read
  2 threads and 1000 connections
  Thread calibration: mean lat.: 80.135ms, rate sampling interval: 385ms
  Thread calibration: mean lat.: 79.295ms, rate sampling interval: 387ms
  Thread Stats   Avg      Stdev     99%   +/- Stdev
    Latency     5.81m     2.79m   12.38m    67.08%
    Req/Sec   410.92     67.50   557.00     68.70%
  Latency Distribution (HdrHistogram - Recorded Latency)
 50.000%    5.61m 
 75.000%    7.75m 
 90.000%    9.59m 
 99.000%   12.38m 
 99.900%   14.06m 
 99.990%   15.14m 
 99.999%   15.60m 
100.000%   15.70m 

  Detailed Percentile spectrum:
       Value   Percentile   TotalCount 1/(1-Percentile)

       6.523     0.000000            1         1.00
  134610.943     0.100000       295241         1.11
  207880.191     0.200000       589957         1.25
  253755.391     0.300000       885476         1.43
  295436.287     0.400000      1179726         1.67
  336855.039     0.500000      1475144         2.00
  359137.279     0.550000      1622438         2.22
  383254.527     0.600000      1770614         2.50
  408420.351     0.650000      1917003         2.86
  434634.751     0.700000      2065312         3.33
  465043.455     0.750000      2212245         4.00
  481296.383     0.775000      2286041         4.44
  497811.455     0.800000      2359898         5.00
  514588.671     0.825000      2433687         5.71
  532414.463     0.850000      2507039         6.67
  552599.551     0.875000      2581138         8.00
  564133.887     0.887500      2618715         8.89
  575668.223     0.900000      2654821        10.00
  589299.711     0.912500      2692007        11.43
  603979.775     0.925000      2728537        13.33
  620232.703     0.937500      2765161        16.00
  629669.887     0.943750      2783734        17.78
  639631.359     0.950000      2802189        20.00
  650117.119     0.956250      2820381        22.86
  662175.743     0.962500      2838972        26.67
  674758.655     0.968750      2857700        32.00
  681574.399     0.971875      2866375        35.56
  689438.719     0.975000      2875721        40.00
  697827.327     0.978125      2884700        45.71
  707264.511     0.981250      2894175        53.33
  717750.271     0.984375      2903146        64.00
  723517.439     0.985938      2907782        71.11
  730333.183     0.987500      2912499        80.00
  737673.215     0.989062      2917031        91.43
  746586.111     0.990625      2921784       106.67
  756023.295     0.992188      2926256       128.00
  762314.751     0.992969      2928577       142.22
  768606.207     0.993750      2930790       160.00
  776470.527     0.994531      2933111       182.86
  784334.847     0.995313      2935491       213.33
  791674.879     0.996094      2937686       256.00
  796393.471     0.996484      2938876       284.44
  801112.063     0.996875      2940016       320.00
  805830.655     0.997266      2941181       365.71
  811597.823     0.997656      2942345       426.67
  818937.855     0.998047      2943462       512.00
  822607.871     0.998242      2944075       568.89
  826802.175     0.998437      2944609       640.00
  832045.055     0.998633      2945183       731.43
  838336.511     0.998828      2945777       853.33
  844627.967     0.999023      2946355      1024.00
  849346.559     0.999121      2946621      1137.78
  854589.439     0.999219      2946929      1280.00
  860356.607     0.999316      2947203      1462.86
  866648.063     0.999414      2947485      1706.67
  872939.519     0.999512      2947770      2048.00
  876609.535     0.999561      2947932      2275.56
  879230.975     0.999609      2948063      2560.00
  882376.703     0.999658      2948221      2925.71
  885522.431     0.999707      2948344      3413.33
  890765.311     0.999756      2948486      4096.00
  892862.463     0.999780      2948564      4551.11
  894959.615     0.999805      2948632      5120.00
  897581.055     0.999829      2948715      5851.43
  900202.495     0.999854      2948783      6826.67
  903872.511     0.999878      2948849      8192.00
  907018.239     0.999890      2948884      9102.22
  909115.391     0.999902      2948918     10240.00
  912785.407     0.999915      2948953     11702.86
  915406.847     0.999927      2948990     13653.33
  917503.999     0.999939      2949028     16384.00
  918552.575     0.999945      2949043     18204.44
  920125.439     0.999951      2949067     20480.00
  920649.727     0.999957      2949081     23405.71
  921698.303     0.999963      2949096     27306.67
  923795.455     0.999969      2949118     32768.00
  924844.031     0.999973      2949127     36408.89
  925368.319     0.999976      2949132     40960.00
  926941.183     0.999979      2949143     46811.43
  930086.911     0.999982      2949150     54613.33
  932184.063     0.999985      2949161     65536.00
  932708.351     0.999986      2949166     72817.78
  933756.927     0.999988      2949170     81920.00
  934805.503     0.999989      2949173     93622.86
  935854.079     0.999991      2949177    109226.67
  936902.655     0.999992      2949187    131072.00
  936902.655     0.999993      2949187    145635.56
  936902.655     0.999994      2949187    163840.00
  937426.943     0.999995      2949190    187245.71
  937951.231     0.999995      2949191    218453.33
  938475.519     0.999996      2949193    262144.00
  938999.807     0.999997      2949194    291271.11
  939524.095     0.999997      2949195    327680.00
  940048.383     0.999997      2949197    374491.43
  941096.959     0.999998      2949199    436906.67
  941096.959     0.999998      2949199    524288.00
  941096.959     0.999998      2949199    582542.22
  941621.247     0.999998      2949203    655360.00
  941621.247     0.999999      2949203    748982.86
  941621.247     0.999999      2949203    873813.33
  941621.247     0.999999      2949203   1048576.00
  941621.247     0.999999      2949203   1165084.44
  941621.247     0.999999      2949203   1310720.00
  941621.247     0.999999      2949203   1497965.71
  941621.247     0.999999      2949203   1747626.67
  941621.247     1.000000      2949203   2097152.00
  941621.247     1.000000      2949203   2330168.89
  941621.247     1.000000      2949203   2621440.00
  942145.535     1.000000      2949204   2995931.43
  942145.535     1.000000      2949204          inf
#[Mean    =   348726.884, StdDeviation   =   167650.129]
#[Max     =   941621.248, Total count    =      2949204]
#[Buckets =           27, SubBuckets     =         2048]
----------------------------------------------------------
  2958436 requests in 60.00m, 37.81GB read
  Socket errors: connect 0, read 750, write 17144, timeout 243698
  Non-2xx or 3xx responses: 106457
Requests/sec:    821.79
Transfer/sec:     10.76MB
