Running 60m test @ http://20.117.148.88:60/wrk2-api/post/compose
  2 threads and 1000 connections
  Thread calibration: mean lat.: 1201.106ms, rate sampling interval: 6582ms
  Thread calibration: mean lat.: 1200.279ms, rate sampling interval: 6602ms
  Thread Stats   Avg      Stdev     99%   +/- Stdev
    Latency    19.63m    10.27m   37.54m    58.02%
    Req/Sec   193.94     33.61   287.00     73.35%
  Latency Distribution (HdrHistogram - Recorded Latency)
 50.000%   19.47m 
 75.000%   28.61m 
 90.000%   33.62m 
 99.000%   37.54m 
 99.900%   39.32m 
 99.990%   40.37m 
 99.999%   41.03m 
100.000%   41.45m 

  Detailed Percentile spectrum:
       Value   Percentile   TotalCount 1/(1-Percentile)

     297.471     0.000000            1         1.00
  381419.519     0.100000       139643         1.11
  551026.687     0.200000       279463         1.25
  743440.383     0.300000       418748         1.43
  961019.903     0.400000       558589         1.67
 1168113.663     0.500000       698509         2.00
 1274019.839     0.550000       767843         2.22
 1389363.199     0.600000       837719         2.50
 1503657.983     0.650000       907728         2.86
 1610612.735     0.700000       977141         3.33
 1716518.911     0.750000      1046849         4.00
 1771044.863     0.775000      1082230         4.44
 1824522.239     0.800000      1116884         5.00
 1875902.463     0.825000      1151794         5.71
 1924136.959     0.850000      1186602         6.67
 1971322.879     0.875000      1221920         8.00
 1994391.551     0.887500      1239280         8.89
 2017460.223     0.900000      1256642        10.00
 2042626.047     0.912500      1274077        11.43
 2067791.871     0.925000      1291380        13.33
 2094006.271     0.937500      1308558        16.00
 2109734.911     0.943750      1317887        17.78
 2123366.399     0.950000      1326242        20.00
 2139095.039     0.956250      1335318        22.86
 2153775.103     0.962500      1343464        26.67
 2170552.319     0.968750      1352235        32.00
 2181038.079     0.971875      1357298        35.56
 2189426.687     0.975000      1360913        40.00
 2202009.599     0.978125      1366089        45.71
 2212495.359     0.981250      1370059        53.33
 2225078.271     0.984375      1374636        64.00
 2231369.727     0.985938      1376654        71.11
 2237661.183     0.987500      1378378        80.00
 2246049.791     0.989062      1380658        91.43
 2256535.551     0.990625      1383172       106.67
 2264924.159     0.992188      1385089       128.00
 2269118.463     0.992969      1385983       142.22
 2275409.919     0.993750      1387072       160.00
 2283798.527     0.994531      1388230       182.86
 2292187.135     0.995313      1389370       213.33
 2300575.743     0.996094      1390397       256.00
 2306867.199     0.996484      1391096       284.44
 2311061.503     0.996875      1391536       320.00
 2317352.959     0.997266      1392078       365.71
 2323644.415     0.997656      1392591       426.67
 2332033.023     0.998047      1393179       512.00
 2336227.327     0.998242      1393388       568.89
 2342518.783     0.998437      1393716       640.00
 2346713.087     0.998633      1393923       731.43
 2353004.543     0.998828      1394179       853.33
 2361393.151     0.999023      1394463      1024.00
 2365587.455     0.999121      1394567      1137.78
 2371878.911     0.999219      1394739      1280.00
 2376073.215     0.999316      1394862      1462.86
 2380267.519     0.999414      1395011      1706.67
 2384461.823     0.999512      1395155      2048.00
 2386558.975     0.999561      1395215      2275.56
 2388656.127     0.999609      1395251      2560.00
 2392850.431     0.999658      1395324      2925.71
 2397044.735     0.999707      1395429      3413.33
 2399141.887     0.999756      1395460      4096.00
 2401239.039     0.999780      1395491      4551.11
 2405433.343     0.999805      1395537      5120.00
 2407530.495     0.999829      1395555      5851.43
 2413821.951     0.999854      1395593      6826.67
 2418016.255     0.999878      1395630      8192.00
 2420113.407     0.999890      1395649      9102.22
 2422210.559     0.999902      1395668     10240.00
 2424307.711     0.999915      1395684     11702.86
 2426404.863     0.999927      1395709     13653.33
 2426404.863     0.999939      1395709     16384.00
 2428502.015     0.999945      1395719     18204.44
 2430599.167     0.999951      1395723     20480.00
 2434793.471     0.999957      1395739     23405.71
 2436890.623     0.999963      1395742     27306.67
 2438987.775     0.999969      1395749     32768.00
 2445279.231     0.999973      1395753     36408.89
 2447376.383     0.999976      1395759     40960.00
 2449473.535     0.999979      1395763     46811.43
 2451570.687     0.999982      1395766     54613.33
 2453667.839     0.999985      1395770     65536.00
 2455764.991     0.999986      1395773     72817.78
 2457862.143     0.999988      1395775     81920.00
 2462056.447     0.999989      1395780     93622.86
 2462056.447     0.999991      1395780    109226.67
 2464153.599     0.999992      1395781    131072.00
 2466250.751     0.999993      1395782    145635.56
 2470445.055     0.999994      1395783    163840.00
 2472542.207     0.999995      1395784    187245.71
 2474639.359     0.999995      1395785    218453.33
 2476736.511     0.999996      1395786    262144.00
 2480930.815     0.999997      1395787    291271.11
 2480930.815     0.999997      1395787    327680.00
 2483027.967     0.999997      1395788    374491.43
 2483027.967     0.999998      1395788    436906.67
 2485125.119     0.999998      1395790    524288.00
 2485125.119     0.999998      1395790    582542.22
 2485125.119     0.999998      1395790    655360.00
 2485125.119     0.999999      1395790    748982.86
 2485125.119     0.999999      1395790    873813.33
 2485125.119     0.999999      1395790   1048576.00
 2485125.119     0.999999      1395790   1165084.44
 2485125.119     0.999999      1395790   1310720.00
 2487222.271     0.999999      1395791   1497965.71
 2487222.271     1.000000      1395791          inf
#[Mean    =  1177729.085, StdDeviation   =   616159.021]
#[Max     =  2485125.120, Total count    =      1395791]
#[Buckets =           27, SubBuckets     =         2048]
----------------------------------------------------------
  1399041 requests in 60.00m, 286.74MB read
  Socket errors: connect 0, read 71, write 1472, timeout 426017
  Non-2xx or 3xx responses: 192132
Requests/sec:    388.62
Transfer/sec:     81.56KB
