Running 30m test @ http://20.117.166.189:60
  2 threads and 1000 connections
  Thread calibration: mean lat.: 5557.851ms, rate sampling interval: 16441ms
  Thread calibration: mean lat.: 5509.461ms, rate sampling interval: 16400ms
  Thread Stats   Avg      Stdev     99%   +/- Stdev
    Latency    14.38m     8.17m   28.21m    57.94%
    Req/Sec    50.80      3.74    60.00     78.80%
  Latency Distribution (HdrHistogram - Recorded Latency)
 50.000%   14.46m 
 75.000%   21.44m 
 90.000%   25.66m 
 99.000%   28.21m 
 99.900%   28.82m 
 99.990%   29.19m 
 99.999%   29.53m 
100.000%   29.67m 

  Detailed Percentile spectrum:
       Value   Percentile   TotalCount 1/(1-Percentile)

    2965.503     0.000000            1         1.00
  182321.151     0.100000        18365         1.11
  353894.399     0.200000        36719         1.25
  520355.839     0.300000        55066         1.43
  689963.007     0.400000        73443         1.67
  867696.639     0.500000        91789         2.00
  957349.887     0.550000       100994         2.22
 1041760.255     0.600000       110147         2.50
 1123024.895     0.650000       119350         2.86
 1204813.823     0.700000       128573         3.33
 1286602.751     0.750000       137706         4.00
 1329594.367     0.775000       142368         4.44
 1371537.407     0.800000       146963         5.00
 1412431.871     0.825000       151452         5.71
 1455423.487     0.850000       156022         6.67
 1499463.679     0.875000       160700         8.00
 1518338.047     0.887500       162934         8.89
 1539309.567     0.900000       165268        10.00
 1560281.087     0.912500       167510        11.43
 1580204.031     0.925000       169810        13.33
 1601175.551     0.937500       172083        16.00
 1611661.311     0.943750       173283        17.78
 1622147.071     0.950000       174452        20.00
 1631584.255     0.956250       175546        22.86
 1641021.439     0.962500       176675        26.67
 1651507.199     0.968750       177894        32.00
 1656750.079     0.971875       178465        35.56
 1661992.959     0.975000       179032        40.00
 1667235.839     0.978125       179616        45.71
 1672478.719     0.981250       180149        53.33
 1678770.175     0.984375       180729        64.00
 1681915.903     0.985938       180994        71.11
 1686110.207     0.987500       181314        80.00
 1690304.511     0.989062       181614        91.43
 1694498.815     0.990625       181886       106.67
 1698693.119     0.992188       182162       128.00
 1700790.271     0.992969       182271       142.22
 1703935.999     0.993750       182456       160.00
 1707081.727     0.994531       182598       182.86
 1709178.879     0.995313       182699       213.33
 1712324.607     0.996094       182858       256.00
 1713373.183     0.996484       182907       284.44
 1715470.335     0.996875       182994       320.00
 1717567.487     0.997266       183081       365.71
 1719664.639     0.997656       183149       426.67
 1721761.791     0.998047       183218       512.00
 1722810.367     0.998242       183250       568.89
 1723858.943     0.998437       183284       640.00
 1724907.519     0.998633       183307       731.43
 1727004.671     0.998828       183337       853.33
 1729101.823     0.999023       183378      1024.00
 1730150.399     0.999121       183394      1137.78
 1731198.975     0.999219       183409      1280.00
 1733296.127     0.999316       183441      1462.86
 1734344.703     0.999414       183448      1706.67
 1736441.855     0.999512       183469      2048.00
 1737490.431     0.999561       183475      2275.56
 1738539.007     0.999609       183483      2560.00
 1740636.159     0.999658       183495      2925.71
 1741684.735     0.999707       183502      3413.33
 1742733.311     0.999756       183510      4096.00
 1742733.311     0.999780       183510      4551.11
 1744830.463     0.999805       183521      5120.00
 1744830.463     0.999829       183521      5851.43
 1746927.615     0.999854       183525      6826.67
 1749024.767     0.999878       183529      8192.00
 1750073.343     0.999890       183530      9102.22
 1751121.919     0.999902       183534     10240.00
 1752170.495     0.999915       183535     11702.86
 1755316.223     0.999927       183537     13653.33
 1758461.951     0.999939       183540     16384.00
 1758461.951     0.999945       183540     18204.44
 1761607.679     0.999951       183542     20480.00
 1762656.255     0.999957       183543     23405.71
 1763704.831     0.999963       183544     27306.67
 1766850.559     0.999969       183545     32768.00
 1766850.559     0.999973       183545     36408.89
 1771044.863     0.999976       183546     40960.00
 1772093.439     0.999979       183548     46811.43
 1772093.439     0.999982       183548     54613.33
 1772093.439     0.999985       183548     65536.00
 1772093.439     0.999986       183548     72817.78
 1772093.439     0.999988       183548     81920.00
 1779433.471     0.999989       183549     93622.86
 1779433.471     0.999991       183549    109226.67
 1779433.471     0.999992       183549    131072.00
 1779433.471     0.999993       183549    145635.56
 1779433.471     0.999994       183549    163840.00
 1780482.047     0.999995       183550    187245.71
 1780482.047     1.000000       183550          inf
#[Mean    =   862544.152, StdDeviation   =   490478.117]
#[Max     =  1779433.472, Total count    =       183550]
#[Buckets =           27, SubBuckets     =         2048]
----------------------------------------------------------
  184269 requests in 30.00m, 85.51MB read
  Socket errors: connect 0, read 294884, write 538667, timeout 109807
  Non-2xx or 3xx responses: 2033
Requests/sec:    102.37
Transfer/sec:     48.65KB
