Running 30m test @ http://20.117.71.185:60/wrk2-api/post/compose
  2 threads and 1000 connections
  Thread calibration: mean lat.: 488.141ms, rate sampling interval: 1563ms
  Thread calibration: mean lat.: 539.410ms, rate sampling interval: 2340ms
  Thread Stats   Avg      Stdev     99%   +/- Stdev
    Latency     3.43m     2.22m    8.35m    60.64%
    Req/Sec   375.90     34.48   441.00     76.76%
  Latency Distribution (HdrHistogram - Recorded Latency)
 50.000%    3.19m 
 75.000%    5.17m 
 90.000%    6.60m 
 99.000%    8.35m 
 99.900%    9.49m 
 99.990%   10.28m 
 99.999%   11.09m 
100.000%   11.21m 

  Detailed Percentile spectrum:
       Value   Percentile   TotalCount 1/(1-Percentile)

       6.963     0.000000            1         1.00
   37224.447     0.100000       134779         1.11
   72876.031     0.200000       269576         1.25
  110821.375     0.300000       404167         1.43
  149028.863     0.400000       539027         1.67
  191234.047     0.500000       673842         2.00
  213647.359     0.550000       741115         2.22
  236060.671     0.600000       808470         2.50
  260046.847     0.650000       875813         2.86
  284426.239     0.700000       942863         3.33
  310116.351     0.750000      1010455         4.00
  322961.407     0.775000      1043964         4.44
  336068.607     0.800000      1077734         5.00
  349437.951     0.825000      1111370         5.71
  363855.871     0.850000      1145134         6.67
  379584.511     0.875000      1178959         8.00
  387448.831     0.887500      1195452         8.89
  396099.583     0.900000      1212380        10.00
  404750.335     0.912500      1229229        11.43
  414187.519     0.925000      1246066        13.33
  424148.991     0.937500      1262761        16.00
  429654.015     0.943750      1271291        17.78
  435683.327     0.950000      1279853        20.00
  442236.927     0.956250      1288059        22.86
  449314.815     0.962500      1296527        26.67
  456916.991     0.968750      1304970        32.00
  461373.439     0.971875      1309220        35.56
  466092.031     0.975000      1313444        40.00
  471334.911     0.978125      1317527        45.71
  477626.367     0.981250      1321759        53.33
  484442.111     0.984375      1325864        64.00
  488374.271     0.985938      1327965        71.11
  492830.719     0.987500      1330112        80.00
  497549.311     0.989062      1332214        91.43
  503316.479     0.990625      1334362       106.67
  509345.791     0.992188      1336435       128.00
  513015.807     0.992969      1337444       142.22
  517210.111     0.993750      1338537       160.00
  521404.415     0.994531      1339570       182.86
  526123.007     0.995313      1340600       213.33
  531628.031     0.996094      1341656       256.00
  535298.047     0.996484      1342188       284.44
  539492.351     0.996875      1342720       320.00
  543686.655     0.997266      1343234       365.71
  548405.247     0.997656      1343747       426.67
  554172.415     0.998047      1344300       512.00
  556793.855     0.998242      1344544       568.89
  559415.295     0.998437      1344811       640.00
  562561.023     0.998633      1345086       731.43
  565706.751     0.998828      1345353       853.33
  570425.343     0.999023      1345590      1024.00
  573571.071     0.999121      1345741      1137.78
  575668.223     0.999219      1345848      1280.00
  578813.951     0.999316      1345976      1462.86
  583008.255     0.999414      1346117      1706.67
  587202.559     0.999512      1346242      2048.00
  589823.999     0.999561      1346309      2275.56
  592445.439     0.999609      1346378      2560.00
  596115.455     0.999658      1346439      2925.71
  598736.895     0.999707      1346511      3413.33
  601882.623     0.999756      1346578      4096.00
  603455.487     0.999780      1346609      4551.11
  605028.351     0.999805      1346647      5120.00
  606076.927     0.999829      1346669      5851.43
  609746.943     0.999854      1346702      6826.67
  613941.247     0.999878      1346732      8192.00
  616038.399     0.999890      1346751      9102.22
  617086.975     0.999902      1346765     10240.00
  619708.415     0.999915      1346786     11702.86
  621281.279     0.999927      1346800     13653.33
  623902.719     0.999939      1346814     16384.00
  627572.735     0.999945      1346823     18204.44
  633339.903     0.999951      1346831     20480.00
  636485.631     0.999957      1346839     23405.71
  639631.359     0.999963      1346847     27306.67
  641728.511     0.999969      1346855     32768.00
  643825.663     0.999973      1346860     36408.89
  646971.391     0.999976      1346865     40960.00
  650641.407     0.999979      1346871     46811.43
  651165.695     0.999982      1346874     54613.33
  652738.559     0.999985      1346876     65536.00
  656408.575     0.999986      1346881     72817.78
  656408.575     0.999988      1346881     81920.00
  656932.863     0.999989      1346882     93622.86
  665845.759     0.999991      1346884    109226.67
  666894.335     0.999992      1346887    131072.00
  666894.335     0.999993      1346887    145635.56
  667418.623     0.999994      1346888    163840.00
  667942.911     0.999995      1346889    187245.71
  668991.487     0.999995      1346890    218453.33
  669515.775     0.999996      1346891    262144.00
  671612.927     0.999997      1346893    291271.11
  671612.927     0.999997      1346893    327680.00
  671612.927     0.999997      1346893    374491.43
  671612.927     0.999998      1346893    436906.67
  672137.215     0.999998      1346895    524288.00
  672137.215     0.999998      1346895    582542.22
  672137.215     0.999998      1346895    655360.00
  672137.215     0.999999      1346895    748982.86
  672137.215     0.999999      1346895    873813.33
  672137.215     0.999999      1346895   1048576.00
  672137.215     0.999999      1346895   1165084.44
  672137.215     0.999999      1346895   1310720.00
  672661.503     0.999999      1346896   1497965.71
  672661.503     1.000000      1346896          inf
#[Mean    =   205719.199, StdDeviation   =   133227.818]
#[Max     =   672137.216, Total count    =      1346896]
#[Buckets =           27, SubBuckets     =         2048]
----------------------------------------------------------
  1353923 requests in 30.00m, 267.28MB read
  Socket errors: connect 0, read 406, write 76460, timeout 121810
  Non-2xx or 3xx responses: 99776
Requests/sec:    752.17
Transfer/sec:    152.05KB
