Running 30m test @ http://20.117.71.185:60/wrk2-api/home-timeline/read
  2 threads and 1000 connections
  Thread calibration: mean lat.: 28.281ms, rate sampling interval: 41ms
  Thread calibration: mean lat.: 41.487ms, rate sampling interval: 44ms
  Thread Stats   Avg      Stdev     99%   +/- Stdev
    Latency     1.85m     1.27m    4.77m    61.00%
    Req/Sec   449.01    149.88     0.85k    68.92%
  Latency Distribution (HdrHistogram - Recorded Latency)
 50.000%    1.79m 
 75.000%    2.82m 
 90.000%    3.59m 
 99.000%    4.77m 
 99.900%    5.68m 
 99.990%    6.50m 
 99.999%    6.76m 
100.000%    6.92m 

  Detailed Percentile spectrum:
       Value   Percentile   TotalCount 1/(1-Percentile)

       0.164     0.000000            1         1.00
    8716.287     0.100000       155970         1.11
   32915.455     0.200000       311965         1.25
   58261.503     0.300000       467910         1.43
   82903.039     0.400000       623887         1.67
  107413.503     0.500000       779936         2.00
  119865.343     0.550000       858144         2.22
  131792.895     0.600000       935749         2.50
  144048.127     0.650000      1013978         2.86
  156499.967     0.700000      1092192         3.33
  169345.023     0.750000      1170036         4.00
  175898.623     0.775000      1208955         4.44
  182714.367     0.800000      1248172         5.00
  189923.327     0.825000      1287101         5.71
  197656.575     0.850000      1325837         6.67
  206045.183     0.875000      1364811         8.00
  210632.703     0.887500      1384234         8.89
  215351.295     0.900000      1403933        10.00
  220463.103     0.912500      1423238        11.43
  226230.271     0.925000      1442622        13.33
  232521.727     0.937500      1462102        16.00
  236060.671     0.943750      1471776        17.78
  240123.903     0.950000      1481494        20.00
  244711.423     0.956250      1491411        22.86
  249692.159     0.962500      1501191        26.67
  255459.327     0.968750      1510849        32.00
  258867.199     0.971875      1515646        35.56
  262406.143     0.975000      1520563        40.00
  266469.375     0.978125      1525478        45.71
  271056.895     0.981250      1530452        53.33
  275775.487     0.984375      1535217        64.00
  278396.927     0.985938      1537702        71.11
  281280.511     0.987500      1540107        80.00
  284164.095     0.989062      1542429        91.43
  287571.967     0.990625      1544844       106.67
  292028.415     0.992188      1547279       128.00
  295174.143     0.992969      1548543       142.22
  298057.727     0.993750      1549739       160.00
  301203.455     0.994531      1550948       182.86
  304873.471     0.995313      1552174       213.33
  308805.631     0.996094      1553392       256.00
  311164.927     0.996484      1554018       284.44
  313524.223     0.996875      1554625       320.00
  316145.663     0.997266      1555225       365.71
  319029.247     0.997656      1555808       426.67
  322961.407     0.998047      1556440       512.00
  325582.847     0.998242      1556738       568.89
  328990.719     0.998437      1557030       640.00
  332660.735     0.998633      1557335       731.43
  336855.039     0.998828      1557634       853.33
  341311.487     0.999023      1557941      1024.00
  343146.495     0.999121      1558090      1137.78
  345767.935     0.999219      1558249      1280.00
  348651.519     0.999316      1558406      1462.86
  351797.247     0.999414      1558553      1706.67
  357302.271     0.999512      1558694      2048.00
  361234.431     0.999561      1558770      2275.56
  363593.727     0.999609      1558850      2560.00
  367263.743     0.999658      1558924      2925.71
  370671.615     0.999707      1559007      3413.33
  372506.623     0.999756      1559075      4096.00
  374341.631     0.999780      1559113      4551.11
  376963.071     0.999805      1559153      5120.00
  379846.655     0.999829      1559192      5851.43
  382205.951     0.999854      1559228      6826.67
  385875.967     0.999878      1559267      8192.00
  387710.975     0.999890      1559285      9102.22
  390594.559     0.999902      1559305     10240.00
  392167.423     0.999915      1559326     11702.86
  393215.999     0.999927      1559343     13653.33
  394526.719     0.999939      1559361     16384.00
  395837.439     0.999945      1559370     18204.44
  397148.159     0.999951      1559380     20480.00
  397934.591     0.999957      1559389     23405.71
  398721.023     0.999963      1559398     27306.67
  399769.599     0.999969      1559408     32768.00
  400293.887     0.999973      1559414     36408.89
  400818.175     0.999976      1559417     40960.00
  401342.463     0.999979      1559423     46811.43
  402915.327     0.999982      1559427     54613.33
  404488.191     0.999985      1559433     65536.00
  404750.335     0.999986      1559435     72817.78
  405012.479     0.999988      1559438     81920.00
  405536.767     0.999989      1559439     93622.86
  406061.055     0.999991      1559442    109226.67
  407371.775     0.999992      1559444    131072.00
  407633.919     0.999993      1559446    145635.56
  407633.919     0.999994      1559446    163840.00
  407896.063     0.999995      1559447    187245.71
  408682.495     0.999995      1559448    218453.33
  409206.783     0.999996      1559450    262144.00
  409206.783     0.999997      1559450    291271.11
  410779.647     0.999997      1559451    327680.00
  410779.647     0.999997      1559451    374491.43
  411041.791     0.999998      1559452    436906.67
  413663.231     0.999998      1559453    524288.00
  413663.231     0.999998      1559453    582542.22
  413663.231     0.999998      1559453    655360.00
  413663.231     0.999999      1559453    748982.86
  414711.807     0.999999      1559454    873813.33
  414711.807     0.999999      1559454   1048576.00
  414711.807     0.999999      1559454   1165084.44
  414711.807     0.999999      1559454   1310720.00
  414711.807     0.999999      1559454   1497965.71
  415498.239     0.999999      1559455   1747626.67
  415498.239     1.000000      1559455          inf
#[Mean    =   111278.748, StdDeviation   =    76361.744]
#[Max     =   415236.096, Total count    =      1559455]
#[Buckets =           27, SubBuckets     =         2048]
----------------------------------------------------------
  1568840 requests in 30.00m, 21.19GB read
  Socket errors: connect 0, read 2321, write 226875, timeout 121976
  Non-2xx or 3xx responses: 191
Requests/sec:    871.57
Transfer/sec:     12.05MB
