Running 30m test @ http://13.87.75.67:60
  2 threads and 1000 connections
  Thread calibration: mean lat.: 18.008ms, rate sampling interval: 83ms
  Thread calibration: mean lat.: 15.472ms, rate sampling interval: 78ms
  Thread Stats   Avg      Stdev     99%   +/- Stdev
    Latency     4.92m     4.50m   20.25m    70.95%
    Req/Sec     2.67      5.65    25.00     79.61%
  Latency Distribution (HdrHistogram - Recorded Latency)
 50.000%    4.06m 
 75.000%    7.31m 
 90.000%   10.81m 
 99.000%   20.25m 
 99.900%   24.19m 
 99.990%   26.11m 
 99.999%   26.18m 
100.000%   26.18m 

  Detailed Percentile spectrum:
       Value   Percentile   TotalCount 1/(1-Percentile)

       2.627     0.000000            1         1.00
    6717.439     0.100000          997         1.11
   45187.071     0.200000         1995         1.25
  100794.367     0.300000         2991         1.43
  174718.975     0.400000         3988         1.67
  243793.919     0.500000         4985         2.00
  276299.775     0.550000         5487         2.22
  309854.207     0.600000         5982         2.50
  349175.807     0.650000         6483         2.86
  392429.567     0.700000         6980         3.33
  438566.911     0.750000         7479         4.00
  466878.463     0.775000         7727         4.44
  492830.719     0.800000         7977         5.00
  522715.135     0.825000         8229         5.71
  556793.855     0.850000         8476         6.67
  594018.303     0.875000         8724         8.00
  620756.991     0.887500         8850         8.89
  649068.543     0.900000         8976        10.00
  677380.095     0.912500         9098        11.43
  714604.543     0.925000         9222        13.33
  756547.583     0.937500         9346        16.00
  784334.847     0.943750         9409        17.78
  815792.127     0.950000         9471        20.00
  853016.575     0.956250         9534        22.86
  899153.919     0.962500         9596        26.67
  954728.447     0.968750         9658        32.00
  967835.647     0.971875         9689        35.56
  989331.455     0.975000         9720        40.00
 1013972.991     0.978125         9751        45.71
 1055916.031     0.981250         9783        53.33
 1090519.039     0.984375         9814        64.00
 1105199.103     0.985938         9831        71.11
 1147142.143     0.987500         9845        80.00
 1189085.183     0.989062         9861        91.43
 1228931.071     0.990625         9876       106.67
 1265631.231     0.992188         9892       128.00
 1292894.207     0.992969         9899       142.22
 1311768.575     0.993750         9908       160.00
 1322254.335     0.994531         9915       182.86
 1341128.703     0.995313         9923       213.33
 1376780.287     0.996094         9931       256.00
 1384120.319     0.996484         9934       284.44
 1393557.503     0.996875         9938       320.00
 1400897.535     0.997266         9942       365.71
 1406140.415     0.997656         9946       426.67
 1429209.087     0.998047         9950       512.00
 1433403.391     0.998242         9952       568.89
 1439694.847     0.998437         9955       640.00
 1444937.727     0.998633         9956       731.43
 1450180.607     0.998828         9958       853.33
 1455423.487     0.999023         9960      1024.00
 1457520.639     0.999121         9961      1137.78
 1459617.791     0.999219         9962      1280.00
 1462763.519     0.999316         9963      1462.86
 1510998.015     0.999414         9964      1706.67
 1521483.775     0.999512         9965      2048.00
 1521483.775     0.999561         9965      2275.56
 1524629.503     0.999609         9966      2560.00
 1524629.503     0.999658         9966      2925.71
 1537212.415     0.999707         9967      3413.33
 1537212.415     0.999756         9967      4096.00
 1537212.415     0.999780         9967      4551.11
 1566572.543     0.999805         9968      5120.00
 1566572.543     0.999829         9968      5851.43
 1566572.543     0.999854         9968      6826.67
 1566572.543     0.999878         9968      8192.00
 1566572.543     0.999890         9968      9102.22
 1570766.847     0.999902         9969     10240.00
 1570766.847     1.000000         9969          inf
#[Mean    =   294978.239, StdDeviation   =   270001.735]
#[Max     =  1569718.272, Total count    =         9969]
#[Buckets =           27, SubBuckets     =         2048]
----------------------------------------------------------
  10056 requests in 30.02m, 4.62MB read
  Socket errors: connect 0, read 0, write 4972, timeout 881371
Requests/sec:      5.58
Transfer/sec:      2.63KB
