Running 60m test @ http://20.117.150.170:60/wrk2-api/home-timeline/read
  2 threads and 1000 connections
  Thread calibration: mean lat.: 117.102ms, rate sampling interval: 607ms
  Thread calibration: mean lat.: 117.771ms, rate sampling interval: 593ms
  Thread Stats   Avg      Stdev     99%   +/- Stdev
    Latency     6.60m     3.07m   13.64m    67.34%
    Req/Sec   400.44     66.08   534.00     71.94%
  Latency Distribution (HdrHistogram - Recorded Latency)
 50.000%    6.36m 
 75.000%    8.81m 
 90.000%   10.83m 
 99.000%   13.64m 
 99.900%   15.23m 
 99.990%   16.09m 
 99.999%   17.33m 
100.000%   17.57m 

  Detailed Percentile spectrum:
       Value   Percentile   TotalCount 1/(1-Percentile)

      11.567     0.000000            1         1.00
  176553.983     0.100000       287713         1.11
  236716.031     0.200000       575229         1.25
  282591.231     0.300000       863956         1.43
  329252.863     0.400000      1151307         1.67
  381681.663     0.500000      1438102         2.00
  409993.215     0.550000      1582481         2.22
  437518.335     0.600000      1725909         2.50
  466616.319     0.650000      1869525         2.86
  496238.591     0.700000      2013484         3.33
  528482.303     0.750000      2157063         4.00
  546308.095     0.775000      2229906         4.44
  564133.887     0.800000      2302015         5.00
  581959.679     0.825000      2373123         5.71
  601358.335     0.850000      2445450         6.67
  622854.143     0.875000      2516705         8.00
  635437.055     0.887500      2553170         8.89
  649592.831     0.900000      2589643        10.00
  663224.319     0.912500      2624919        11.43
  678428.671     0.925000      2661127        13.33
  695205.887     0.937500      2696513        16.00
  704118.783     0.943750      2714228        17.78
  714604.543     0.950000      2732759        20.00
  725614.591     0.956250      2750668        22.86
  736624.639     0.962500      2768194        26.67
  750256.127     0.968750      2786578        32.00
  757596.159     0.971875      2795530        35.56
  765460.479     0.975000      2804347        40.00
  774373.375     0.978125      2813081        45.71
  783810.559     0.981250      2822478        53.33
  793772.031     0.984375      2830987        64.00
  800063.487     0.985938      2835530        71.11
  806354.943     0.987500      2840121        80.00
  813694.975     0.989062      2844698        91.43
  822083.583     0.990625      2849164       106.67
  830996.479     0.992188      2853639       128.00
  835715.071     0.992969      2855814       142.22
  841482.239     0.993750      2858064       160.00
  847773.695     0.994531      2860348       182.86
  854589.439     0.995313      2862462       213.33
  862453.759     0.996094      2864681       256.00
  867172.351     0.996484      2865844       284.44
  872415.231     0.996875      2867002       320.00
  878706.687     0.997266      2868097       365.71
  885522.431     0.997656      2869225       426.67
  892338.175     0.998047      2870284       512.00
  896008.191     0.998242      2870930       568.89
  899153.919     0.998437      2871407       640.00
  903872.511     0.998633      2872009       731.43
  909115.391     0.998828      2872581       853.33
  914358.271     0.999023      2873099      1024.00
  917503.999     0.999121      2873377      1137.78
  921698.303     0.999219      2873674      1280.00
  925892.607     0.999316      2873945      1462.86
  931659.775     0.999414      2874241      1706.67
  937951.231     0.999512      2874500      2048.00
  941096.959     0.999561      2874658      2275.56
  943194.111     0.999609      2874782      2560.00
  945291.263     0.999658      2874927      2925.71
  947912.703     0.999707      2875071      3413.33
  951582.719     0.999756      2875209      4096.00
  953155.583     0.999780      2875275      4551.11
  954728.447     0.999805      2875350      5120.00
  956825.599     0.999829      2875416      5851.43
  958922.751     0.999854      2875487      6826.67
  961019.903     0.999878      2875551      8192.00
  962592.767     0.999890      2875585      9102.22
  966262.783     0.999902      2875624     10240.00
  968359.935     0.999915      2875656     11702.86
  974127.103     0.999927      2875693     13653.33
  978321.407     0.999939      2875727     16384.00
  979894.271     0.999945      2875745     18204.44
  980942.847     0.999951      2875767     20480.00
  981991.423     0.999957      2875779     23405.71
  984088.575     0.999963      2875795     27306.67
  996147.199     0.999969      2875814     32768.00
 1007157.247     0.999973      2875823     36408.89
 1013448.703     0.999976      2875830     40960.00
 1020264.447     0.999979      2875839     46811.43
 1027604.479     0.999982      2875849     54613.33
 1031274.495     0.999985      2875857     65536.00
 1032323.071     0.999986      2875861     72817.78
 1034420.223     0.999988      2875865     81920.00
 1038614.527     0.999989      2875870     93622.86
 1043333.119     0.999991      2875874    109226.67
 1044905.983     0.999992      2875879    131072.00
 1045954.559     0.999993      2875882    145635.56
 1047003.135     0.999994      2875883    163840.00
 1048575.999     0.999995      2875885    187245.71
 1050148.863     0.999995      2875887    218453.33
 1051197.439     0.999996      2875891    262144.00
 1051197.439     0.999997      2875891    291271.11
 1052770.303     0.999997      2875893    327680.00
 1052770.303     0.999997      2875893    374491.43
 1053818.879     0.999998      2875899    436906.67
 1053818.879     0.999998      2875899    524288.00
 1053818.879     0.999998      2875899    582542.22
 1053818.879     0.999998      2875899    655360.00
 1053818.879     0.999999      2875899    748982.86
 1053818.879     0.999999      2875899    873813.33
 1053818.879     0.999999      2875899   1048576.00
 1053818.879     0.999999      2875899   1165084.44
 1053818.879     0.999999      2875899   1310720.00
 1053818.879     0.999999      2875899   1497965.71
 1053818.879     0.999999      2875899   1747626.67
 1053818.879     1.000000      2875899   2097152.00
 1053818.879     1.000000      2875899   2330168.89
 1053818.879     1.000000      2875899   2621440.00
 1054343.167     1.000000      2875900   2995931.43
 1054343.167     1.000000      2875900          inf
#[Mean    =   396044.054, StdDeviation   =   184362.170]
#[Max     =  1053818.880, Total count    =      2875900]
#[Buckets =           27, SubBuckets     =         2048]
----------------------------------------------------------
  2885073 requests in 60.00m, 36.68GB read
  Socket errors: connect 0, read 478, write 17804, timeout 243565
  Non-2xx or 3xx responses: 114950
Requests/sec:    801.41
Transfer/sec:     10.43MB
