Running 60m test @ http://20.117.150.170:60/wrk2-api/post/compose
  2 threads and 1000 connections
  Thread calibration: mean lat.: 1275.274ms, rate sampling interval: 6053ms
  Thread calibration: mean lat.: 1268.769ms, rate sampling interval: 6590ms
  Thread Stats   Avg      Stdev     99%   +/- Stdev
    Latency    19.82m    10.49m   38.80m    59.10%
    Req/Sec   184.94     30.20   279.00     75.44%
  Latency Distribution (HdrHistogram - Recorded Latency)
 50.000%   19.68m 
 75.000%   28.73m 
 90.000%   34.34m 
 99.000%   38.80m 
 99.900%   40.41m 
 99.990%   41.24m 
 99.999%   41.80m 
100.000%   42.08m 

  Detailed Percentile spectrum:
       Value   Percentile   TotalCount 1/(1-Percentile)

     266.751     0.000000            1         1.00
  366477.311     0.100000       133200         1.11
  555220.991     0.200000       266533         1.25
  749731.839     0.300000       399636         1.43
  975699.967     0.400000       532808         1.67
 1180696.575     0.500000       666277         2.00
 1281359.871     0.550000       732269         2.22
 1390411.775     0.600000       798896         2.50
 1501560.831     0.650000       865384         2.86
 1613758.463     0.700000       932389         3.33
 1723858.943     0.750000       999023         4.00
 1778384.895     0.775000      1031858         4.44
 1835007.999     0.800000      1065568         5.00
 1891631.103     0.825000      1098641         5.71
 1948254.207     0.850000      1132185         6.67
 2003828.735     0.875000      1165257         8.00
 2032140.287     0.887500      1181741         8.89
 2060451.839     0.900000      1198310        10.00
 2088763.391     0.912500      1215267        11.43
 2117074.943     0.925000      1231517        13.33
 2149580.799     0.937500      1248912        16.00
 2166358.015     0.943750      1257225        17.78
 2181038.079     0.950000      1264792        20.00
 2199912.447     0.956250      1274210        22.86
 2216689.663     0.962500      1282006        26.67
 2235564.031     0.968750      1290006        32.00
 2246049.791     0.971875      1294225        35.56
 2256535.551     0.975000      1298017        40.00
 2269118.463     0.978125      1302618        45.71
 2281701.375     0.981250      1306556        53.33
 2296381.439     0.984375      1310896        64.00
 2304770.047     0.985938      1313071        71.11
 2311061.503     0.987500      1314655        80.00
 2321547.263     0.989062      1316936        91.43
 2332033.023     0.990625      1319171       106.67
 2342518.783     0.992188      1321207       128.00
 2346713.087     0.992969      1321949       142.22
 2353004.543     0.993750      1322993       160.00
 2359295.999     0.994531      1324053       182.86
 2367684.607     0.995313      1325247       213.33
 2376073.215     0.996094      1326308       256.00
 2380267.519     0.996484      1326717       284.44
 2384461.823     0.996875      1327175       320.00
 2390753.279     0.997266      1327805       365.71
 2394947.583     0.997656      1328188       426.67
 2403336.191     0.998047      1328821       512.00
 2407530.495     0.998242      1329096       568.89
 2409627.647     0.998437      1329222       640.00
 2415919.103     0.998633      1329601       731.43
 2420113.407     0.998828      1329823       853.33
 2424307.711     0.999023      1330037      1024.00
 2428502.015     0.999121      1330182      1137.78
 2430599.167     0.999219      1330268      1280.00
 2434793.471     0.999316      1330408      1462.86
 2438987.775     0.999414      1330543      1706.67
 2443182.079     0.999512      1330675      2048.00
 2445279.231     0.999561      1330750      2275.56
 2447376.383     0.999609      1330787      2560.00
 2451570.687     0.999658      1330856      2925.71
 2453667.839     0.999707      1330912      3413.33
 2457862.143     0.999756      1330991      4096.00
 2459959.295     0.999780      1331031      4551.11
 2462056.447     0.999805      1331054      5120.00
 2464153.599     0.999829      1331084      5851.43
 2466250.751     0.999854      1331109      6826.67
 2470445.055     0.999878      1331142      8192.00
 2472542.207     0.999890      1331156      9102.22
 2474639.359     0.999902      1331172     10240.00
 2476736.511     0.999915      1331192     11702.86
 2478833.663     0.999927      1331215     13653.33
 2478833.663     0.999939      1331215     16384.00
 2480930.815     0.999945      1331224     18204.44
 2483027.967     0.999951      1331231     20480.00
 2485125.119     0.999957      1331240     23405.71
 2489319.423     0.999963      1331253     27306.67
 2491416.575     0.999969      1331256     32768.00
 2493513.727     0.999973      1331261     36408.89
 2495610.879     0.999976      1331268     40960.00
 2495610.879     0.999979      1331268     46811.43
 2497708.031     0.999982      1331273     54613.33
 2499805.183     0.999985      1331280     65536.00
 2499805.183     0.999986      1331280     72817.78
 2499805.183     0.999988      1331280     81920.00
 2503999.487     0.999989      1331282     93622.86
 2516582.399     0.999991      1331284    109226.67
 2518679.551     0.999992      1331288    131072.00
 2518679.551     0.999993      1331288    145635.56
 2518679.551     0.999994      1331288    163840.00
 2520776.703     0.999995      1331292    187245.71
 2520776.703     0.999995      1331292    218453.33
 2520776.703     0.999996      1331292    262144.00
 2520776.703     0.999997      1331292    291271.11
 2520776.703     0.999997      1331292    327680.00
 2522873.855     0.999997      1331295    374491.43
 2522873.855     0.999998      1331295    436906.67
 2522873.855     0.999998      1331295    524288.00
 2522873.855     0.999998      1331295    582542.22
 2522873.855     0.999998      1331295    655360.00
 2522873.855     0.999999      1331295    748982.86
 2522873.855     0.999999      1331295    873813.33
 2522873.855     0.999999      1331295   1048576.00
 2522873.855     0.999999      1331295   1165084.44
 2522873.855     0.999999      1331295   1310720.00
 2524971.007     0.999999      1331296   1497965.71
 2524971.007     1.000000      1331296          inf
#[Mean    =  1189189.396, StdDeviation   =   629561.978]
#[Max     =  2522873.856, Total count    =      1331296]
#[Buckets =           27, SubBuckets     =         2048]
----------------------------------------------------------
  1334216 requests in 60.00m, 273.71MB read
  Socket errors: connect 0, read 61, write 1615, timeout 508583
  Non-2xx or 3xx responses: 194021
Requests/sec:    370.61
Transfer/sec:     77.85KB
