Running 60m test @ http://20.108.190.200:60
  2 threads and 1000 connections
  Thread calibration: mean lat.: 3243.631ms, rate sampling interval: 11927ms
  Thread calibration: mean lat.: 3164.283ms, rate sampling interval: 11984ms
  Thread Stats   Avg      Stdev     99%   +/- Stdev
    Latency    14.27m     5.98m   25.41m    65.16%
    Req/Sec   605.06    118.67   715.00     82.30%
  Latency Distribution (HdrHistogram - Recorded Latency)
 50.000%   14.57m 
 75.000%   19.03m 
 90.000%   21.95m 
 99.000%   25.41m 
 99.900%   27.40m 
 99.990%   28.64m 
 99.999%   29.17m 
100.000%   29.53m 

  Detailed Percentile spectrum:
       Value   Percentile   TotalCount 1/(1-Percentile)

     322.559     0.000000            1         1.00
  368836.607     0.100000       435342         1.11
  547356.671     0.200000       871106         1.25
  652738.559     0.300000      1305428         1.43
  762314.751     0.400000      1739442         1.67
  873988.095     0.500000      2175829         2.00
  927465.471     0.550000      2392802         2.22
  980418.559     0.600000      2609866         2.50
 1034420.223     0.650000      2827567         2.86
 1087373.311     0.700000      3043746         3.33
 1141899.263     0.750000      3263858         4.00
 1168113.663     0.775000      3371458         4.44
 1196425.215     0.800000      3480037         5.00
 1224736.767     0.825000      3588526         5.71
 1254096.895     0.850000      3698177         6.67
 1284505.599     0.875000      3806830         8.00
 1301282.815     0.887500      3862344         8.89
 1317011.455     0.900000      3914445        10.00
 1334837.247     0.912500      3969666        11.43
 1353711.615     0.925000      4024344        13.33
 1373634.559     0.937500      4076979        16.00
 1385168.895     0.943750      4103665        17.78
 1397751.807     0.950000      4131281        20.00
 1411383.295     0.956250      4158542        22.86
 1426063.359     0.962500      4185900        26.67
 1440743.423     0.968750      4213203        32.00
 1449132.031     0.971875      4226724        35.56
 1458569.215     0.975000      4240249        40.00
 1470103.551     0.978125      4253694        45.71
 1482686.463     0.981250      4267618        53.33
 1494220.799     0.984375      4280083        64.00
 1502609.407     0.985938      4287388        71.11
 1509949.439     0.987500      4293811        80.00
 1519386.623     0.989062      4300969        91.43
 1527775.231     0.990625      4307239       106.67
 1539309.567     0.992188      4314121       128.00
 1545601.023     0.992969      4317752       142.22
 1552941.055     0.993750      4321222       160.00
 1561329.663     0.994531      4324630       182.86
 1569718.271     0.995313      4327750       213.33
 1579155.455     0.996094      4331024       256.00
 1585446.911     0.996484      4332760       284.44
 1591738.367     0.996875      4334663       320.00
 1596981.247     0.997266      4336408       365.71
 1602224.127     0.997656      4337943       426.67
 1610612.735     0.998047      4339662       512.00
 1614807.039     0.998242      4340383       568.89
 1620049.919     0.998437      4341197       640.00
 1628438.527     0.998633      4342134       731.43
 1636827.135     0.998828      4342895       853.33
 1645215.743     0.999023      4343816      1024.00
 1648361.471     0.999121      4344178      1137.78
 1655701.503     0.999219      4344620      1280.00
 1660944.383     0.999316      4345033      1462.86
 1666187.263     0.999414      4345436      1706.67
 1673527.295     0.999512      4345880      2048.00
 1677721.599     0.999561      4346136      2275.56
 1679818.751     0.999609      4346299      2560.00
 1685061.631     0.999658      4346527      2925.71
 1693450.239     0.999707      4346714      3413.33
 1700790.271     0.999756      4346922      4096.00
 1704984.575     0.999780      4347067      4551.11
 1707081.727     0.999805      4347145      5120.00
 1709178.879     0.999829      4347272      5851.43
 1711276.031     0.999854      4347347      6826.67
 1715470.335     0.999878      4347481      8192.00
 1717567.487     0.999890      4347523      9102.22
 1718616.063     0.999902      4347561     10240.00
 1722810.367     0.999915      4347621     11702.86
 1725956.095     0.999927      4347685     13653.33
 1728053.247     0.999939      4347728     16384.00
 1729101.823     0.999945      4347758     18204.44
 1730150.399     0.999951      4347783     20480.00
 1731198.975     0.999957      4347816     23405.71
 1732247.551     0.999963      4347835     27306.67
 1736441.855     0.999969      4347851     32768.00
 1738539.007     0.999973      4347864     36408.89
 1741684.735     0.999976      4347879     40960.00
 1745879.039     0.999979      4347903     46811.43
 1746927.615     0.999982      4347917     54613.33
 1746927.615     0.999985      4347917     65536.00
 1747976.191     0.999986      4347924     72817.78
 1749024.767     0.999988      4347931     81920.00
 1750073.343     0.999989      4347940     93622.86
 1751121.919     0.999991      4347948    109226.67
 1752170.495     0.999992      4347950    131072.00
 1753219.071     0.999993      4347955    145635.56
 1754267.647     0.999994      4347957    163840.00
 1756364.799     0.999995      4347960    187245.71
 1760559.103     0.999995      4347965    218453.33
 1762656.255     0.999996      4347967    262144.00
 1763704.831     0.999997      4347969    291271.11
 1764753.407     0.999997      4347970    327680.00
 1767899.135     0.999997      4347977    374491.43
 1767899.135     0.999998      4347977    436906.67
 1767899.135     0.999998      4347977    524288.00
 1767899.135     0.999998      4347977    582542.22
 1767899.135     0.999998      4347977    655360.00
 1768947.711     0.999999      4347979    748982.86
 1768947.711     0.999999      4347979    873813.33
 1768947.711     0.999999      4347979   1048576.00
 1771044.863     0.999999      4347981   1165084.44
 1771044.863     0.999999      4347981   1310720.00
 1771044.863     0.999999      4347981   1497965.71
 1771044.863     0.999999      4347981   1747626.67
 1771044.863     1.000000      4347981   2097152.00
 1772093.439     1.000000      4347983   2330168.89
 1772093.439     1.000000      4347983          inf
#[Mean    =   856360.834, StdDeviation   =   358657.049]
#[Max     =  1771044.864, Total count    =      4347983]
#[Buckets =           27, SubBuckets     =         2048]
----------------------------------------------------------
  4354156 requests in 60.00m, 1.95GB read
  Socket errors: connect 0, read 36, write 443, timeout 32813
  Non-2xx or 3xx responses: 213798
Requests/sec:   1209.49
Transfer/sec:    568.81KB
