Running 30m test @ http://20.117.70.165:60/wrk2-api/post/compose
  2 threads and 1000 connections
  Thread calibration: mean lat.: 2414.698ms, rate sampling interval: 11558ms
  Thread calibration: mean lat.: 2611.954ms, rate sampling interval: 12746ms
  Thread Stats   Avg      Stdev     99%   +/- Stdev
    Latency    12.58m     7.17m   25.01m    58.30%
    Req/Sec    72.70      3.78    80.00     83.67%
  Latency Distribution (HdrHistogram - Recorded Latency)
 50.000%   12.71m 
 75.000%   18.52m 
 90.000%   22.54m 
 99.000%   25.01m 
 99.900%   25.74m 
 99.990%   26.09m 
 99.999%   26.41m 
100.000%   26.48m 

  Detailed Percentile spectrum:
       Value   Percentile   TotalCount 1/(1-Percentile)

    1224.703     0.000000            1         1.00
  155320.319     0.100000        26200         1.11
  308019.199     0.200000        52421         1.25
  459276.287     0.300000        78617         1.43
  612368.383     0.400000       104855         1.67
  762839.039     0.500000       130991         2.00
  839909.375     0.550000       144093         2.22
  912785.407     0.600000       157201         2.50
  976748.543     0.650000       170310         2.86
 1039663.103     0.700000       183475         3.33
 1111490.559     0.750000       196536         4.00
 1152385.023     0.775000       203073         4.44
 1195376.639     0.800000       209595         5.00
 1238368.255     0.825000       216274         5.71
 1279262.719     0.850000       222749         6.67
 1317011.455     0.875000       229325         8.00
 1335885.823     0.887500       232690         8.89
 1352663.039     0.900000       235909        10.00
 1369440.255     0.912500       239115        11.43
 1386217.471     0.925000       242388        13.33
 1402994.687     0.937500       245593        16.00
 1412431.871     0.943750       247315        17.78
 1421869.055     0.950000       249011        20.00
 1431306.239     0.956250       250703        22.86
 1440743.423     0.962500       252287        26.67
 1451229.183     0.968750       253897        32.00
 1456472.063     0.971875       254686        35.56
 1461714.943     0.975000       255430        40.00
 1468006.399     0.978125       256235        45.71
 1475346.431     0.981250       257054        53.33
 1483735.039     0.984375       257905        64.00
 1487929.343     0.985938       258330        71.11
 1492123.647     0.987500       258690        80.00
 1497366.527     0.989062       259167        91.43
 1502609.407     0.990625       259583       106.67
 1507852.287     0.992188       259967       128.00
 1509949.439     0.992969       260135       142.22
 1513095.167     0.993750       260339       160.00
 1516240.895     0.994531       260533       182.86
 1520435.199     0.995313       260791       213.33
 1523580.927     0.996094       260943       256.00
 1525678.079     0.996484       261052       284.44
 1527775.231     0.996875       261149       320.00
 1529872.383     0.997266       261248       365.71
 1533018.111     0.997656       261386       426.67
 1535115.263     0.998047       261459       512.00
 1537212.415     0.998242       261518       568.89
 1539309.567     0.998437       261595       640.00
 1540358.143     0.998633       261619       731.43
 1542455.295     0.998828       261669       853.33
 1544552.447     0.999023       261720      1024.00
 1545601.023     0.999121       261737      1137.78
 1546649.599     0.999219       261762      1280.00
 1548746.751     0.999316       261794      1462.86
 1549795.327     0.999414       261811      1706.67
 1551892.479     0.999512       261839      2048.00
 1552941.055     0.999561       261856      2275.56
 1553989.631     0.999609       261871      2560.00
 1555038.207     0.999658       261878      2925.71
 1556086.783     0.999707       261892      3413.33
 1558183.935     0.999756       261903      4096.00
 1559232.511     0.999780       261910      4551.11
 1560281.087     0.999805       261921      5120.00
 1560281.087     0.999829       261921      5851.43
 1562378.239     0.999854       261927      6826.67
 1563426.815     0.999878       261934      8192.00
 1564475.391     0.999890       261937      9102.22
 1565523.967     0.999902       261942     10240.00
 1565523.967     0.999915       261942     11702.86
 1566572.543     0.999927       261945     13653.33
 1570766.847     0.999939       261950     16384.00
 1570766.847     0.999945       261950     18204.44
 1571815.423     0.999951       261953     20480.00
 1571815.423     0.999957       261953     23405.71
 1572863.999     0.999963       261955     27306.67
 1574961.151     0.999969       261958     32768.00
 1574961.151     0.999973       261958     36408.89
 1574961.151     0.999976       261958     40960.00
 1576009.727     0.999979       261959     46811.43
 1577058.303     0.999982       261960     54613.33
 1584398.335     0.999985       261961     65536.00
 1584398.335     0.999986       261961     72817.78
 1584398.335     0.999988       261961     81920.00
 1586495.487     0.999989       261963     93622.86
 1586495.487     0.999991       261963    109226.67
 1586495.487     0.999992       261963    131072.00
 1586495.487     0.999993       261963    145635.56
 1586495.487     0.999994       261963    163840.00
 1586495.487     0.999995       261963    187245.71
 1586495.487     0.999995       261963    218453.33
 1588592.639     0.999996       261964    262144.00
 1588592.639     1.000000       261964          inf
#[Mean    =   754969.403, StdDeviation   =   429975.136]
#[Max     =  1587544.064, Total count    =       261964]
#[Buckets =           27, SubBuckets     =         2048]
----------------------------------------------------------
  263025 requests in 30.00m, 56.15MB read
  Socket errors: connect 0, read 469, write 10328, timeout 780463
  Non-2xx or 3xx responses: 51032
Requests/sec:    146.12
Transfer/sec:     31.94KB
