Running 30m test @ http://20.108.9.199:60
  2 threads and 1000 connections
  Thread calibration: mean lat.: 4563.248ms, rate sampling interval: 14770ms
  Thread calibration: mean lat.: 4500.226ms, rate sampling interval: 14811ms
  Thread Stats   Avg      Stdev     99%   +/- Stdev
    Latency    12.68m     7.29m   25.20m    57.97%
    Req/Sec   151.72      7.97   165.00     85.06%
  Latency Distribution (HdrHistogram - Recorded Latency)
 50.000%   12.64m 
 75.000%   18.98m 
 90.000%   22.86m 
 99.000%   25.20m 
 99.900%   25.66m 
 99.990%   25.93m 
 99.999%   26.11m 
100.000%   26.20m 

  Detailed Percentile spectrum:
       Value   Percentile   TotalCount 1/(1-Percentile)

    3932.159     0.000000            1         1.00
  156893.183     0.100000        54501         1.11
  308543.487     0.200000       109020         1.25
  458751.999     0.300000       163388         1.43
  607649.791     0.400000       217898         1.67
  758120.447     0.500000       272367         2.00
  833093.631     0.550000       299671         2.22
  908591.103     0.600000       326808         2.50
  983039.999     0.650000       354027         2.86
 1060634.623     0.700000       381252         3.33
 1138753.535     0.750000       408727         4.00
 1176502.271     0.775000       422407         4.44
 1215299.583     0.800000       435786         5.00
 1255145.471     0.825000       449333         5.71
 1292894.207     0.850000       463009         6.67
 1332740.095     0.875000       476762         8.00
 1352663.039     0.887500       483653         8.89
 1371537.407     0.900000       490436        10.00
 1390411.775     0.912500       497237        11.43
 1409286.143     0.925000       504114        13.33
 1428160.511     0.937500       510769        16.00
 1437597.695     0.943750       514020        17.78
 1448083.455     0.950000       517542        20.00
 1458569.215     0.956250       521014        22.86
 1468006.399     0.962500       524241        26.67
 1478492.159     0.968750       527879        32.00
 1482686.463     0.971875       529383        35.56
 1487929.343     0.975000       531333        40.00
 1492123.647     0.978125       532759        45.71
 1497366.527     0.981250       534574        53.33
 1502609.407     0.984375       536327        64.00
 1504706.559     0.985938       537041        71.11
 1507852.287     0.987500       537979        80.00
 1510998.015     0.989062       538916        91.43
 1513095.167     0.990625       539562       106.67
 1516240.895     0.992188       540411       128.00
 1518338.047     0.992969       540944       142.22
 1520435.199     0.993750       541467       160.00
 1521483.775     0.994531       541702       182.86
 1523580.927     0.995313       542104       213.33
 1526726.655     0.996094       542664       256.00
 1527775.231     0.996484       542820       284.44
 1528823.807     0.996875       542980       320.00
 1530920.959     0.997266       543276       365.71
 1531969.535     0.997656       543417       426.67
 1534066.687     0.998047       543652       512.00
 1535115.263     0.998242       543770       568.89
 1536163.839     0.998437       543863       640.00
 1537212.415     0.998633       543948       731.43
 1538260.991     0.998828       544025       853.33
 1540358.143     0.999023       544141      1024.00
 1541406.719     0.999121       544188      1137.78
 1542455.295     0.999219       544245      1280.00
 1543503.871     0.999316       544294      1462.86
 1544552.447     0.999414       544331      1706.67
 1545601.023     0.999512       544377      2048.00
 1546649.599     0.999561       544407      2275.56
 1547698.175     0.999609       544444      2560.00
 1547698.175     0.999658       544444      2925.71
 1548746.751     0.999707       544465      3413.33
 1550843.903     0.999756       544507      4096.00
 1550843.903     0.999780       544507      4551.11
 1551892.479     0.999805       544525      5120.00
 1552941.055     0.999829       544539      5851.43
 1553989.631     0.999854       544555      6826.67
 1553989.631     0.999878       544555      8192.00
 1555038.207     0.999890       544564      9102.22
 1556086.783     0.999902       544577     10240.00
 1556086.783     0.999915       544577     11702.86
 1557135.359     0.999927       544589     13653.33
 1557135.359     0.999939       544589     16384.00
 1558183.935     0.999945       544596     18204.44
 1558183.935     0.999951       544596     20480.00
 1559232.511     0.999957       544604     23405.71
 1559232.511     0.999963       544604     27306.67
 1560281.087     0.999969       544606     32768.00
 1561329.663     0.999973       544609     36408.89
 1561329.663     0.999976       544609     40960.00
 1562378.239     0.999979       544610     46811.43
 1563426.815     0.999982       544612     54613.33
 1564475.391     0.999985       544613     65536.00
 1566572.543     0.999986       544617     72817.78
 1566572.543     0.999988       544617     81920.00
 1566572.543     0.999989       544617     93622.86
 1566572.543     0.999991       544617    109226.67
 1566572.543     0.999992       544617    131072.00
 1567621.119     0.999993       544619    145635.56
 1567621.119     0.999994       544619    163840.00
 1567621.119     0.999995       544619    187245.71
 1567621.119     0.999995       544619    218453.33
 1567621.119     0.999996       544619    262144.00
 1571815.423     0.999997       544621    291271.11
 1571815.423     1.000000       544621          inf
#[Mean    =   761074.988, StdDeviation   =   437357.555]
#[Max     =  1570766.848, Total count    =       544621]
#[Buckets =           27, SubBuckets     =         2048]
----------------------------------------------------------
  547034 requests in 30.00m, 254.81MB read
  Socket errors: connect 0, read 159, write 647, timeout 16301
  Non-2xx or 3xx responses: 2
Requests/sec:    303.91
Transfer/sec:    144.96KB
