Running 60m test @ http://13.87.77.61:60/wrk2-api/post/compose
  2 threads and 1000 connections
  Thread calibration: mean lat.: 10.736ms, rate sampling interval: 39ms
  Thread calibration: mean lat.: 11.129ms, rate sampling interval: 41ms
  Thread Stats   Avg      Stdev     99%   +/- Stdev
    Latency    12.27s     9.59s   37.32s    63.34%
    Req/Sec   508.78    194.16     1.07k    70.69%
  Latency Distribution (HdrHistogram - Recorded Latency)
 50.000%   10.75s 
 75.000%   18.86s 
 90.000%   25.89s 
 99.000%   37.32s 
 99.900%   45.94s 
 99.990%    0.88m 
 99.999%    1.04m 
100.000%    1.15m 

  Detailed Percentile spectrum:
       Value   Percentile   TotalCount 1/(1-Percentile)

       0.102     0.000000            1         1.00
     706.047     0.100000       356300         1.11
    2889.727     0.200000       712618         1.25
    5304.319     0.300000      1068901         1.43
    7929.855     0.400000      1425521         1.67
   10747.903     0.500000      1782105         2.00
   12222.463     0.550000      1960352         2.22
   13754.367     0.600000      2138103         2.50
   15368.191     0.650000      2316082         2.86
   17072.127     0.700000      2495446         3.33
   18857.983     0.750000      2672690         4.00
   19824.639     0.775000      2761880         4.44
   20840.447     0.800000      2851485         5.00
   21921.791     0.825000      2940054         5.71
   23101.439     0.850000      3028849         6.67
   24412.159     0.875000      3118281         8.00
   25116.671     0.887500      3162198         8.89
   25886.719     0.900000      3207226        10.00
   26722.303     0.912500      3251553        11.43
   27656.191     0.925000      3295862        13.33
   28704.767     0.937500      3340209        16.00
   29294.591     0.943750      3362477        17.78
   29933.567     0.950000      3384794        20.00
   30638.079     0.956250      3406937        22.86
   31424.511     0.962500      3429378        26.67
   32325.631     0.968750      3451734        32.00
   32817.151     0.971875      3462583        35.56
   33390.591     0.975000      3473921        40.00
   34013.183     0.978125      3485126        45.71
   34701.311     0.981250      3496154        53.33
   35487.743     0.984375      3507241        64.00
   35913.727     0.985938      3512652        71.11
   36405.247     0.987500      3518206        80.00
   36962.303     0.989062      3523814        91.43
   37584.895     0.990625      3529284       106.67
   38338.559     0.992188      3534944       128.00
   38764.543     0.992969      3537703       142.22
   39223.295     0.993750      3540447       160.00
   39747.583     0.994531      3543210       182.86
   40370.175     0.995313      3546103       213.33
   41058.303     0.996094      3548821       256.00
   41451.519     0.996484      3550158       284.44
   41910.271     0.996875      3551623       320.00
   42401.791     0.997266      3552971       365.71
   42991.615     0.997656      3554393       426.67
   43614.207     0.998047      3555745       512.00
   44007.423     0.998242      3556437       568.89
   44433.407     0.998437      3557136       640.00
   44859.391     0.998633      3557813       731.43
   45383.679     0.998828      3558511       853.33
   46006.271     0.999023      3559204      1024.00
   46366.719     0.999121      3559543      1137.78
   46759.935     0.999219      3559909      1280.00
   47218.687     0.999316      3560271      1462.86
   47677.439     0.999414      3560600      1706.67
   48300.031     0.999512      3560948      2048.00
   48627.711     0.999561      3561119      2275.56
   49020.927     0.999609      3561295      2560.00
   49479.679     0.999658      3561457      2925.71
   49938.431     0.999707      3561637      3413.33
   50429.951     0.999756      3561809      4096.00
   50757.631     0.999780      3561893      4551.11
   51085.311     0.999805      3561979      5120.00
   51445.759     0.999829      3562066      5851.43
   51904.511     0.999854      3562156      6826.67
   52494.335     0.999878      3562241      8192.00
   52822.015     0.999890      3562285      9102.22
   53182.463     0.999902      3562328     10240.00
   53575.679     0.999915      3562371     11702.86
   54394.879     0.999927      3562419     13653.33
   55017.471     0.999939      3562461     16384.00
   55345.151     0.999945      3562480     18204.44
   55771.135     0.999951      3562501     20480.00
   56229.887     0.999957      3562522     23405.71
   56786.943     0.999963      3562544     27306.67
   57737.215     0.999969      3562566     32768.00
   58195.967     0.999973      3562578     36408.89
   58654.719     0.999976      3562588     40960.00
   59113.471     0.999979      3562598     46811.43
   60391.423     0.999982      3562609     54613.33
   60850.175     0.999985      3562620     65536.00
   61276.159     0.999986      3562627     72817.78
   61571.071     0.999988      3562631     81920.00
   62062.591     0.999989      3562636     93622.86
   62554.111     0.999991      3562642    109226.67
   63045.631     0.999992      3562647    131072.00
   64159.743     0.999993      3562650    145635.56
   64618.495     0.999994      3562653    163840.00
   65306.623     0.999995      3562655    187245.71
   65601.535     0.999995      3562658    218453.33
   66519.039     0.999996      3562662    262144.00
   66519.039     0.999997      3562662    291271.11
   66813.951     0.999997      3562664    327680.00
   66879.487     0.999997      3562665    374491.43
   66912.255     0.999998      3562666    436906.67
   67010.559     0.999998      3562668    524288.00
   67010.559     0.999998      3562668    582542.22
   67174.399     0.999998      3562669    655360.00
   67371.007     0.999999      3562670    748982.86
   67371.007     0.999999      3562670    873813.33
   67436.543     0.999999      3562671   1048576.00
   67436.543     0.999999      3562671   1165084.44
   67633.151     0.999999      3562672   1310720.00
   67633.151     0.999999      3562672   1497965.71
   67633.151     0.999999      3562672   1747626.67
   67895.295     1.000000      3562673   2097152.00
   67895.295     1.000000      3562673   2330168.89
   67895.295     1.000000      3562673   2621440.00
   67895.295     1.000000      3562673   2995931.43
   67895.295     1.000000      3562673   3495253.33
   69271.551     1.000000      3562674   4194304.00
   69271.551     1.000000      3562674          inf
#[Mean    =    12268.869, StdDeviation   =     9593.102]
#[Max     =    69206.016, Total count    =      3562674]
#[Buckets =           27, SubBuckets     =         2048]
----------------------------------------------------------
  3572114 requests in 60.00m, 667.58MB read
  Socket errors: connect 0, read 102, write 25819, timeout 243746
  Non-2xx or 3xx responses: 2
Requests/sec:    992.25
Transfer/sec:    189.89KB
