Running 60m test @ http://13.87.77.61:60/wrk2-api/home-timeline/read
  2 threads and 1000 connections
  Thread calibration: mean lat.: 7.512ms, rate sampling interval: 25ms
  Thread calibration: mean lat.: 7.549ms, rate sampling interval: 25ms
  Thread Stats   Avg      Stdev     99%   +/- Stdev
    Latency    13.57s    10.53s   40.96s    63.18%
    Req/Sec   506.42    162.62     0.96k    71.26%
  Latency Distribution (HdrHistogram - Recorded Latency)
 50.000%   11.93s 
 75.000%   20.91s 
 90.000%   28.46s 
 99.000%   40.96s 
 99.900%   50.07s 
 99.990%    0.96m 
 99.999%    1.08m 
100.000%    1.20m 

  Detailed Percentile spectrum:
       Value   Percentile   TotalCount 1/(1-Percentile)

       0.121     0.000000            1         1.00
     862.719     0.100000       355941         1.11
    3270.655     0.200000       712075         1.25
    5902.335     0.300000      1067938         1.43
    8781.823     0.400000      1423800         1.67
   11927.551     0.500000      1780274         2.00
   13590.527     0.550000      1958124         2.22
   15294.463     0.600000      2135703         2.50
   17072.127     0.650000      2314956         2.86
   18923.519     0.700000      2491891         3.33
   20905.983     0.750000      2670102         4.00
   21954.559     0.775000      2759628         4.44
   23052.287     0.800000      2848439         5.00
   24215.551     0.825000      2937030         5.71
   25477.119     0.850000      3026040         6.67
   26869.759     0.875000      3114951         8.00
   27639.807     0.887500      3159503         8.89
   28459.007     0.900000      3203990        10.00
   29343.743     0.912500      3247875        11.43
   30343.167     0.925000      3292838        13.33
   31473.663     0.937500      3337275        16.00
   32112.639     0.943750      3359387        17.78
   32800.767     0.950000      3381484        20.00
   33587.199     0.956250      3404071        22.86
   34439.167     0.962500      3425878        26.67
   35422.207     0.968750      3448066        32.00
   36012.031     0.971875      3459672        35.56
   36601.855     0.975000      3470416        40.00
   37289.983     0.978125      3481587        45.71
   38043.647     0.981250      3492782        53.33
   38928.383     0.984375      3503822        64.00
   39419.903     0.985938      3509291        71.11
   39976.959     0.987500      3514928        80.00
   40566.783     0.989062      3520404        91.43
   41254.911     0.990625      3525952       106.67
   42041.343     0.992188      3531392       128.00
   42532.863     0.992969      3534367       142.22
   43024.383     0.993750      3537074       160.00
   43581.439     0.994531      3539785       182.86
   44236.799     0.995313      3542556       213.33
   44990.463     0.996094      3545374       256.00
   45416.447     0.996484      3546741       284.44
   45875.199     0.996875      3548109       320.00
   46399.487     0.997266      3549511       365.71
   46989.311     0.997656      3550883       426.67
   47710.207     0.998047      3552273       512.00
   48103.423     0.998242      3552964       568.89
   48529.407     0.998437      3553645       640.00
   49020.927     0.998633      3554352       731.43
   49545.215     0.998828      3555038       853.33
   50167.807     0.999023      3555746      1024.00
   50495.487     0.999121      3556094      1137.78
   50855.935     0.999219      3556446      1280.00
   51249.151     0.999316      3556788      1462.86
   51740.671     0.999414      3557118      1706.67
   52396.031     0.999512      3557463      2048.00
   52756.479     0.999561      3557639      2275.56
   53149.695     0.999609      3557812      2560.00
   53510.143     0.999658      3557982      2925.71
   54034.431     0.999707      3558159      3413.33
   54624.255     0.999756      3558331      4096.00
   54984.703     0.999780      3558417      4551.11
   55377.919     0.999805      3558506      5120.00
   55869.439     0.999829      3558589      5851.43
   56459.263     0.999854      3558677      6826.67
   57081.855     0.999878      3558766      8192.00
   57540.607     0.999890      3558810      9102.22
   57966.591     0.999902      3558851     10240.00
   58359.807     0.999915      3558895     11702.86
   58916.863     0.999927      3558938     13653.33
   59408.383     0.999939      3558980     16384.00
   59801.599     0.999945      3559002     18204.44
   60194.815     0.999951      3559025     20480.00
   60489.727     0.999957      3559047     23405.71
   60817.407     0.999963      3559067     27306.67
   61210.623     0.999969      3559089     32768.00
   61472.767     0.999973      3559100     36408.89
   61636.607     0.999976      3559112     40960.00
   61833.215     0.999979      3559121     46811.43
   62193.663     0.999982      3559132     54613.33
   63340.543     0.999985      3559143     65536.00
   63700.991     0.999986      3559149     72817.78
   63963.135     0.999988      3559154     81920.00
   64520.191     0.999989      3559159     93622.86
   65077.247     0.999991      3559165    109226.67
   65437.695     0.999992      3559170    131072.00
   65634.303     0.999993      3559173    145635.56
   66420.735     0.999994      3559176    163840.00
   66682.879     0.999995      3559178    187245.71
   67764.223     0.999995      3559181    218453.33
   68419.583     0.999996      3559185    262144.00
   68419.583     0.999997      3559185    291271.11
   68550.655     0.999997      3559187    327680.00
   69009.407     0.999997      3559189    374491.43
   69009.407     0.999998      3559189    436906.67
   69468.159     0.999998      3559191    524288.00
   69468.159     0.999998      3559191    582542.22
   69861.375     0.999998      3559192    655360.00
   71041.023     0.999999      3559193    748982.86
   71041.023     0.999999      3559193    873813.33
   71958.527     0.999999      3559194   1048576.00
   71958.527     0.999999      3559194   1165084.44
   72155.135     0.999999      3559195   1310720.00
   72155.135     0.999999      3559195   1497965.71
   72155.135     0.999999      3559195   1747626.67
   72220.671     1.000000      3559197   2097152.00
   72220.671     1.000000      3559197          inf
#[Mean    =    13569.602, StdDeviation   =    10525.730]
#[Max     =    72155.136, Total count    =      3559197]
#[Buckets =           27, SubBuckets     =         2048]
----------------------------------------------------------
  3568665 requests in 60.00m, 48.23GB read
  Socket errors: connect 0, read 183, write 30186, timeout 244071
  Non-2xx or 3xx responses: 59
Requests/sec:    991.30
Transfer/sec:     13.72MB
