Running 30m test @ http://51.142.72.142:60
  2 threads and 1000 connections
  Thread calibration: mean lat.: 5636.375ms, rate sampling interval: 16130ms
  Thread calibration: mean lat.: 5368.332ms, rate sampling interval: 15900ms
  Thread Stats   Avg      Stdev     99%   +/- Stdev
    Latency    14.17m     8.10m   28.01m    57.88%
    Req/Sec    58.47      3.97    66.00     75.23%
  Latency Distribution (HdrHistogram - Recorded Latency)
 50.000%   14.22m 
 75.000%   21.16m 
 90.000%   25.34m 
 99.000%   28.01m 
 99.900%   28.64m 
 99.990%   29.12m 
 99.999%   29.31m 
100.000%   29.33m 

  Detailed Percentile spectrum:
       Value   Percentile   TotalCount 1/(1-Percentile)

    4198.399     0.000000            1         1.00
  174325.759     0.100000        21120         1.11
  344457.215     0.200000        42222         1.25
  514064.383     0.300000        63322         1.43
  687865.855     0.400000        84473         1.67
  853016.575     0.500000       105553         2.00
  938475.519     0.550000       116145         2.22
 1021313.023     0.600000       126688         2.50
 1104150.527     0.650000       137201         2.86
 1188036.607     0.700000       147750         3.33
 1269825.535     0.750000       158379         4.00
 1311768.575     0.775000       163575         4.44
 1351614.463     0.800000       168870         5.00
 1395654.655     0.825000       174208         5.71
 1438646.271     0.850000       179470         6.67
 1479540.735     0.875000       184687         8.00
 1499463.679     0.887500       187320         8.89
 1520435.199     0.900000       190000        10.00
 1541406.719     0.912500       192587        11.43
 1561329.663     0.925000       195226        13.33
 1584398.335     0.937500       197990        16.00
 1594884.095     0.943750       199287        17.78
 1605369.855     0.950000       200589        20.00
 1614807.039     0.956250       201827        22.86
 1626341.375     0.962500       203142        26.67
 1636827.135     0.968750       204469        32.00
 1643118.591     0.971875       205249        35.56
 1648361.471     0.975000       205817        40.00
 1654652.927     0.978125       206510        45.71
 1659895.807     0.981250       207143        53.33
 1666187.263     0.984375       207770        64.00
 1670381.567     0.985938       208158        71.11
 1673527.295     0.987500       208437        80.00
 1677721.599     0.989062       208790        91.43
 1681915.903     0.990625       209106       106.67
 1686110.207     0.992188       209413       128.00
 1689255.935     0.992969       209626       142.22
 1691353.087     0.993750       209780       160.00
 1693450.239     0.994531       209915       182.86
 1696595.967     0.995313       210077       213.33
 1699741.695     0.996094       210246       256.00
 1700790.271     0.996484       210318       284.44
 1702887.423     0.996875       210405       320.00
 1704984.575     0.997266       210502       365.71
 1707081.727     0.997656       210583       426.67
 1709178.879     0.998047       210645       512.00
 1711276.031     0.998242       210698       568.89
 1713373.183     0.998437       210749       640.00
 1714421.759     0.998633       210772       731.43
 1716518.911     0.998828       210810       853.33
 1718616.063     0.999023       210852      1024.00
 1719664.639     0.999121       210870      1137.78
 1721761.791     0.999219       210897      1280.00
 1722810.367     0.999316       210909      1462.86
 1724907.519     0.999414       210931      1706.67
 1728053.247     0.999512       210947      2048.00
 1730150.399     0.999561       210960      2275.56
 1731198.975     0.999609       210969      2560.00
 1733296.127     0.999658       210980      2925.71
 1736441.855     0.999707       210994      3413.33
 1738539.007     0.999756       210999      4096.00
 1739587.583     0.999780       211006      4551.11
 1740636.159     0.999805       211010      5120.00
 1741684.735     0.999829       211016      5851.43
 1743781.887     0.999854       211023      6826.67
 1744830.463     0.999878       211027      8192.00
 1744830.463     0.999890       211027      9102.22
 1746927.615     0.999902       211032     10240.00
 1746927.615     0.999915       211032     11702.86
 1749024.767     0.999927       211035     13653.33
 1750073.343     0.999939       211039     16384.00
 1750073.343     0.999945       211039     18204.44
 1751121.919     0.999951       211041     20480.00
 1751121.919     0.999957       211041     23405.71
 1754267.647     0.999963       211043     27306.67
 1758461.951     0.999969       211048     32768.00
 1758461.951     0.999973       211048     36408.89
 1758461.951     0.999976       211048     40960.00
 1758461.951     0.999979       211048     46811.43
 1758461.951     0.999982       211048     54613.33
 1758461.951     0.999985       211048     65536.00
 1758461.951     0.999986       211048     72817.78
 1758461.951     0.999988       211048     81920.00
 1758461.951     0.999989       211048     93622.86
 1759510.527     0.999991       211050    109226.67
 1759510.527     1.000000       211050          inf
#[Mean    =   850453.183, StdDeviation   =   485904.428]
#[Max     =  1758461.952, Total count    =       211050]
#[Buckets =           27, SubBuckets     =         2048]
----------------------------------------------------------
  211906 requests in 30.00m, 98.50MB read
  Socket errors: connect 0, read 283300, write 544910, timeout 64620
  Non-2xx or 3xx responses: 1926
Requests/sec:    117.72
Transfer/sec:     56.04KB
