Running 30m test @ http://20.108.19.148:60/wrk2-api/home-timeline/read
  2 threads and 1000 connections
  Thread calibration: mean lat.: 20.138ms, rate sampling interval: 81ms
  Thread calibration: mean lat.: 20.495ms, rate sampling interval: 82ms
  Thread Stats   Avg      Stdev     99%   +/- Stdev
    Latency     1.08m    46.60s    2.94m    61.19%
    Req/Sec   468.67    111.76   740.00     68.19%
  Latency Distribution (HdrHistogram - Recorded Latency)
 50.000%    1.03m 
 75.000%    1.66m 
 90.000%    2.14m 
 99.000%    2.94m 
 99.900%    3.52m 
 99.990%    3.88m 
 99.999%    4.07m 
100.000%    4.12m 

  Detailed Percentile spectrum:
       Value   Percentile   TotalCount 1/(1-Percentile)

       1.742     0.000000            1         1.00
    3520.511     0.100000       165364         1.11
   17022.975     0.200000       330724         1.25
   32129.023     0.300000       496198         1.43
   47251.455     0.400000       661430         1.67
   62062.591     0.500000       826973         2.00
   69074.943     0.550000       909405         2.22
   76414.975     0.600000       992573         2.50
   83951.615     0.650000      1075148         2.86
   91750.399     0.700000      1157749         3.33
   99680.255     0.750000      1240283         4.00
  103743.487     0.775000      1281519         4.44
  107937.791     0.800000      1322906         5.00
  112394.239     0.825000      1364574         5.71
  116981.759     0.850000      1405441         6.67
  122290.175     0.875000      1446893         8.00
  125239.295     0.887500      1467538         8.89
  128581.631     0.900000      1488436        10.00
  132120.575     0.912500      1508980        11.43
  136052.735     0.925000      1529867        13.33
  140640.255     0.937500      1550537        16.00
  143130.623     0.943750      1560737        17.78
  145883.135     0.950000      1571247        20.00
  148766.719     0.956250      1581491        22.86
  152043.519     0.962500      1591620        26.67
  155844.607     0.968750      1602054        32.00
  157941.759     0.971875      1607216        35.56
  160169.983     0.975000      1612109        40.00
  162791.423     0.978125      1617305        45.71
  165675.007     0.981250      1622609        53.33
  168820.735     0.984375      1627715        64.00
  170655.743     0.985938      1630350        71.11
  172621.823     0.987500      1632870        80.00
  174981.119     0.989062      1635377        91.43
  177733.631     0.990625      1637977       106.67
  180879.359     0.992188      1640554       128.00
  182714.367     0.992969      1641869       142.22
  184418.303     0.993750      1643174       160.00
  186384.383     0.994531      1644416       182.86
  188743.679     0.995313      1645696       213.33
  191627.263     0.996094      1646998       256.00
  193200.127     0.996484      1647654       284.44
  194904.063     0.996875      1648306       320.00
  197001.215     0.997266      1648948       365.71
  199491.583     0.997656      1649579       426.67
  202244.095     0.998047      1650233       512.00
  203554.815     0.998242      1650551       568.89
  205127.679     0.998437      1650883       640.00
  207093.759     0.998633      1651202       731.43
  209059.839     0.998828      1651518       853.33
  211419.135     0.999023      1651830      1024.00
  212598.783     0.999121      1651990      1137.78
  214171.647     0.999219      1652151      1280.00
  215875.583     0.999316      1652323      1462.86
  217841.663     0.999414      1652475      1706.67
  220200.959     0.999512      1652640      2048.00
  221249.535     0.999561      1652717      2275.56
  222429.183     0.999609      1652803      2560.00
  223608.831     0.999658      1652882      2925.71
  225312.767     0.999707      1652964      3413.33
  227147.775     0.999756      1653039      4096.00
  228196.351     0.999780      1653079      4551.11
  229375.999     0.999805      1653123      5120.00
  230293.503     0.999829      1653162      5851.43
  231079.935     0.999854      1653200      6826.67
  231997.439     0.999878      1653241      8192.00
  232390.655     0.999890      1653261      9102.22
  233177.087     0.999902      1653285     10240.00
  233570.303     0.999915      1653303     11702.86
  234094.591     0.999927      1653324     13653.33
  234749.951     0.999939      1653343     16384.00
  235012.095     0.999945      1653352     18204.44
  235798.527     0.999951      1653362     20480.00
  236584.959     0.999957      1653372     23405.71
  237502.463     0.999963      1653382     27306.67
  239468.543     0.999969      1653393     32768.00
  239730.687     0.999973      1653397     36408.89
  240517.119     0.999976      1653405     40960.00
  240779.263     0.999979      1653407     46811.43
  241827.839     0.999982      1653412     54613.33
  242483.199     0.999985      1653417     65536.00
  242876.415     0.999986      1653421     72817.78
  243793.919     0.999988      1653422     81920.00
  244318.207     0.999989      1653426     93622.86
  244449.279     0.999991      1653429    109226.67
  244580.351     0.999992      1653430    131072.00
  244711.423     0.999993      1653431    145635.56
  244973.567     0.999994      1653432    163840.00
  245759.999     0.999995      1653436    187245.71
  245759.999     0.999995      1653436    218453.33
  245759.999     0.999996      1653436    262144.00
  245891.071     0.999997      1653437    291271.11
  245891.071     0.999997      1653437    327680.00
  246415.359     0.999997      1653438    374491.43
  246546.431     0.999998      1653439    436906.67
  246546.431     0.999998      1653439    524288.00
  247070.719     0.999998      1653440    582542.22
  247070.719     0.999998      1653440    655360.00
  247070.719     0.999999      1653440    748982.86
  247201.791     0.999999      1653442    873813.33
  247201.791     1.000000      1653442          inf
#[Mean    =    65027.163, StdDeviation   =    46597.118]
#[Max     =   247070.720, Total count    =      1653442]
#[Buckets =           27, SubBuckets     =         2048]
----------------------------------------------------------
  1662889 requests in 30.00m, 22.43GB read
  Socket errors: connect 0, read 4365, write 130660, timeout 121844
  Non-2xx or 3xx responses: 225
Requests/sec:    923.82
Transfer/sec:     12.76MB
