Running 30m test @ http://20.108.19.148:60/wrk2-api/post/compose
  2 threads and 1000 connections
  Thread calibration: mean lat.: 535.941ms, rate sampling interval: 1687ms
  Thread calibration: mean lat.: 774.093ms, rate sampling interval: 4685ms
  Thread Stats   Avg      Stdev     99%   +/- Stdev
    Latency     7.38m     4.40m   15.67m    58.36%
    Req/Sec   248.36     24.37   299.00     71.91%
  Latency Distribution (HdrHistogram - Recorded Latency)
 50.000%    7.21m 
 75.000%   11.11m 
 90.000%   13.51m 
 99.000%   15.67m 
 99.900%   16.67m 
 99.990%   17.31m 
 99.999%   18.12m 
100.000%   18.28m 

  Detailed Percentile spectrum:
       Value   Percentile   TotalCount 1/(1-Percentile)

      16.463     0.000000            1         1.00
   85524.479     0.100000        88980         1.11
  171048.959     0.200000       178049         1.25
  257294.335     0.300000       266925         1.43
  345505.791     0.400000       355991         1.67
  432799.743     0.500000       444955         2.00
  477626.367     0.550000       489494         2.22
  524287.999     0.600000       534040         2.50
  571998.207     0.650000       578324         2.86
  620232.703     0.700000       623192         3.33
  666894.335     0.750000       667372         4.00
  691011.583     0.775000       689998         4.44
  714080.255     0.800000       711878         5.00
  737673.215     0.825000       734140         5.71
  761790.463     0.850000       756605         6.67
  785383.423     0.875000       778586         8.00
  797966.335     0.887500       790015         8.89
  810549.247     0.900000       801062        10.00
  822607.871     0.912500       812114        11.43
  835715.071     0.925000       823157        13.33
  849346.559     0.937500       834210        16.00
  856686.591     0.943750       839686        17.78
  865075.199     0.950000       845439        20.00
  873463.807     0.956250       850856        22.86
  882376.703     0.962500       856455        26.67
  891813.887     0.968750       862037        32.00
  897056.767     0.971875       864749        35.56
  903348.223     0.975000       867677        40.00
  909639.679     0.978125       870473        45.71
  915931.135     0.981250       873200        53.33
  923271.167     0.984375       875829        64.00
  927989.759     0.985938       877322        71.11
  932184.063     0.987500       878620        80.00
  936902.655     0.989062       880091        91.43
  942145.535     0.990625       881427       106.67
  948436.991     0.992188       882800       128.00
  952107.007     0.992969       883534       142.22
  955777.023     0.993750       884234       160.00
  959971.327     0.994531       884857       182.86
  964689.919     0.995313       885542       213.33
  969408.511     0.996094       886255       256.00
  972029.951     0.996484       886633       284.44
  974651.391     0.996875       886952       320.00
  977797.119     0.997266       887285       365.71
  981991.423     0.997656       887659       426.67
  985661.439     0.998047       887985       512.00
  987758.591     0.998242       888147       568.89
  990380.031     0.998437       888341       640.00
  993525.759     0.998633       888514       731.43
  996671.487     0.998828       888691       853.33
 1000865.791     0.999023       888858      1024.00
 1003487.231     0.999121       888960      1137.78
 1005060.095     0.999219       889014      1280.00
 1009254.399     0.999316       889108      1462.86
 1012400.127     0.999414       889191      1706.67
 1016070.143     0.999512       889290      2048.00
 1017643.007     0.999561       889320      2275.56
 1020264.447     0.999609       889364      2560.00
 1021837.311     0.999658       889415      2925.71
 1023934.463     0.999707       889453      3413.33
 1025507.327     0.999756       889504      4096.00
 1026031.615     0.999780       889517      4551.11
 1028128.767     0.999805       889535      5120.00
 1030750.207     0.999829       889556      5851.43
 1033371.647     0.999854       889581      6826.67
 1036517.375     0.999878       889606      8192.00
 1037041.663     0.999890       889612      9102.22
 1040187.391     0.999902       889622     10240.00
 1041760.255     0.999915       889636     11702.86
 1042808.831     0.999927       889645     13653.33
 1044381.695     0.999939       889657     16384.00
 1044905.983     0.999945       889664     18204.44
 1046478.847     0.999951       889665     20480.00
 1048575.999     0.999957       889670     23405.71
 1052770.303     0.999963       889678     27306.67
 1053818.879     0.999969       889682     32768.00
 1054867.455     0.999973       889684     36408.89
 1058537.471     0.999976       889687     40960.00
 1059586.047     0.999979       889689     46811.43
 1061158.911     0.999982       889692     54613.33
 1075838.975     0.999985       889696     65536.00
 1075838.975     0.999986       889696     72817.78
 1087373.311     0.999988       889700     81920.00
 1087373.311     0.999989       889700     93622.86
 1087373.311     0.999991       889700    109226.67
 1088421.887     0.999992       889702    131072.00
 1088421.887     0.999993       889702    145635.56
 1089470.463     0.999994       889703    163840.00
 1093664.767     0.999995       889706    187245.71
 1093664.767     0.999995       889706    218453.33
 1093664.767     0.999996       889706    262144.00
 1093664.767     0.999997       889706    291271.11
 1093664.767     0.999997       889706    327680.00
 1093664.767     0.999997       889706    374491.43
 1093664.767     0.999998       889706    436906.67
 1096810.495     0.999998       889708    524288.00
 1096810.495     1.000000       889708          inf
#[Mean    =   442631.537, StdDeviation   =   264184.382]
#[Max     =  1095761.920, Total count    =       889708]
#[Buckets =           27, SubBuckets     =         2048]
----------------------------------------------------------
  894884 requests in 30.00m, 185.49MB read
  Socket errors: connect 0, read 263, write 16508, timeout 126322
  Non-2xx or 3xx responses: 123723
Requests/sec:    497.16
Transfer/sec:    105.52KB
