Running 30m test @ http://20.108.188.223:60/wrk2-api/home-timeline/read
  2 threads and 1000 connections
  Thread calibration: mean lat.: 4191.720ms, rate sampling interval: 15163ms
  Thread calibration: mean lat.: 3814.103ms, rate sampling interval: 14016ms
  Thread Stats   Avg      Stdev     99%   +/- Stdev
    Latency    17.38m     7.41m   28.03m    64.09%
    Req/Sec    40.23     19.81    68.00     57.79%
  Latency Distribution (HdrHistogram - Recorded Latency)
 50.000%   18.80m 
 75.000%   23.23m 
 90.000%   25.92m 
 99.000%   28.03m 
 99.900%   28.98m 
 99.990%   29.27m 
 99.999%   29.53m 
100.000%   29.53m 

  Detailed Percentile spectrum:
       Value   Percentile   TotalCount 1/(1-Percentile)

    6086.655     0.000000            1         1.00
  307494.911     0.100000        14652         1.11
  617611.263     0.200000        29308         1.25
  908591.103     0.300000        43986         1.43
 1026031.615     0.400000        58610         1.67
 1128267.775     0.500000        73251         2.00
 1181745.151     0.550000        80721         2.22
 1233125.375     0.600000        88025         2.50
 1284505.599     0.650000        95245         2.86
 1337982.975     0.700000       102560         3.33
 1393557.503     0.750000       109872         4.00
 1421869.055     0.775000       113555         4.44
 1450180.607     0.800000       117234         5.00
 1477443.583     0.825000       120895         5.71
 1504706.559     0.850000       124594         6.67
 1529872.383     0.875000       128237         8.00
 1542455.295     0.887500       130106         8.89
 1555038.207     0.900000       131886        10.00
 1568669.695     0.912500       133785        11.43
 1582301.183     0.925000       135557        13.33
 1596981.247     0.937500       137408        16.00
 1604321.279     0.943750       138355        17.78
 1611661.311     0.950000       139251        20.00
 1619001.343     0.956250       140138        22.86
 1626341.375     0.962500       141029        26.67
 1634729.983     0.968750       141950        32.00
 1638924.287     0.971875       142389        35.56
 1643118.591     0.975000       142844        40.00
 1648361.471     0.978125       143292        45.71
 1655701.503     0.981250       143805        53.33
 1663041.535     0.984375       144267        64.00
 1667235.839     0.985938       144481        71.11
 1671430.143     0.987500       144687        80.00
 1677721.599     0.989062       144920        91.43
 1685061.631     0.990625       145135       106.67
 1693450.239     0.992188       145366       128.00
 1697644.543     0.992969       145473       142.22
 1701838.847     0.993750       145593       160.00
 1706033.151     0.994531       145719       182.86
 1710227.455     0.995313       145823       213.33
 1715470.335     0.996094       145933       256.00
 1717567.487     0.996484       145979       284.44
 1720713.215     0.996875       146062       320.00
 1722810.367     0.997266       146115       365.71
 1725956.095     0.997656       146166       426.67
 1728053.247     0.998047       146209       512.00
 1730150.399     0.998242       146239       568.89
 1732247.551     0.998437       146271       640.00
 1734344.703     0.998633       146309       731.43
 1735393.279     0.998828       146323       853.33
 1738539.007     0.999023       146354      1024.00
 1739587.583     0.999121       146370      1137.78
 1740636.159     0.999219       146392      1280.00
 1741684.735     0.999316       146402      1462.86
 1742733.311     0.999414       146413      1706.67
 1744830.463     0.999512       146429      2048.00
 1745879.039     0.999561       146440      2275.56
 1745879.039     0.999609       146440      2560.00
 1746927.615     0.999658       146447      2925.71
 1747976.191     0.999707       146454      3413.33
 1750073.343     0.999756       146462      4096.00
 1750073.343     0.999780       146462      4551.11
 1751121.919     0.999805       146470      5120.00
 1751121.919     0.999829       146470      5851.43
 1753219.071     0.999854       146473      6826.67
 1755316.223     0.999878       146477      8192.00
 1756364.799     0.999890       146479      9102.22
 1757413.375     0.999902       146481     10240.00
 1759510.527     0.999915       146483     11702.86
 1760559.103     0.999927       146484     13653.33
 1762656.255     0.999939       146486     16384.00
 1762656.255     0.999945       146486     18204.44
 1763704.831     0.999951       146488     20480.00
 1763704.831     0.999957       146488     23405.71
 1764753.407     0.999963       146491     27306.67
 1764753.407     0.999969       146491     32768.00
 1764753.407     0.999973       146491     36408.89
 1764753.407     0.999976       146491     40960.00
 1764753.407     0.999979       146491     46811.43
 1766850.559     0.999982       146492     54613.33
 1766850.559     0.999985       146492     65536.00
 1766850.559     0.999986       146492     72817.78
 1772093.439     0.999988       146494     81920.00
 1772093.439     1.000000       146494          inf
#[Mean    =  1042675.843, StdDeviation   =   444726.857]
#[Max     =  1771044.864, Total count    =       146494]
#[Buckets =           27, SubBuckets     =         2048]
----------------------------------------------------------
  147193 requests in 30.00m, 1.20GB read
  Socket errors: connect 0, read 88847, write 678082, timeout 131594
  Non-2xx or 3xx responses: 3348
Requests/sec:     81.77
Transfer/sec:    699.51KB
