Running 30m test @ http://20.108.182.96:60
  2 threads and 1000 connections
  Thread calibration: mean lat.: 3185.234ms, rate sampling interval: 11608ms
  Thread calibration: mean lat.: 3132.738ms, rate sampling interval: 11632ms
  Thread Stats   Avg      Stdev     99%   +/- Stdev
    Latency     9.03m     5.14m   17.91m    58.04%
    Req/Sec   401.62     19.13   426.00     86.97%
  Latency Distribution (HdrHistogram - Recorded Latency)
 50.000%    9.05m 
 75.000%   13.46m 
 90.000%   16.15m 
 99.000%   17.91m 
 99.900%   18.47m 
 99.990%   18.89m 
 99.999%   19.40m 
100.000%   19.50m 

  Detailed Percentile spectrum:
       Value   Percentile   TotalCount 1/(1-Percentile)

     389.631     0.000000            1         1.00
  115277.823     0.100000       143912         1.11
  222822.399     0.200000       287954         1.25
  328728.575     0.300000       431910         1.43
  433061.887     0.400000       575922         1.67
  543162.367     0.500000       719755         2.00
  596115.455     0.550000       792019         2.22
  648544.255     0.600000       863997         2.50
  700973.055     0.650000       935665         2.86
  754450.431     0.700000      1007894         3.33
  807403.519     0.750000      1079924         4.00
  834666.495     0.775000      1115944         4.44
  861405.183     0.800000      1151632         5.00
  888668.159     0.825000      1187676         5.71
  915406.847     0.850000      1223736         6.67
  941621.247     0.875000      1259374         8.00
  955252.735     0.887500      1277501         8.89
  968884.223     0.900000      1295334        10.00
  981991.423     0.912500      1313251        11.43
  995098.623     0.925000      1331191        13.33
 1008730.111     0.937500      1349706        16.00
 1015021.567     0.943750      1358487        17.78
 1021837.311     0.950000      1367356        20.00
 1028653.055     0.956250      1376214        22.86
 1035993.087     0.962500      1385532        26.67
 1043333.119     0.968750      1394363        32.00
 1047003.135     0.971875      1398788        35.56
 1051197.439     0.975000      1403664        40.00
 1055391.743     0.978125      1408145        45.71
 1059586.047     0.981250      1412507        53.33
 1064304.639     0.984375      1416727        64.00
 1066926.079     0.985938      1419022        71.11
 1069547.519     0.987500      1421201        80.00
 1072693.247     0.989062      1423616        91.43
 1075838.975     0.990625      1425766       106.67
 1078984.703     0.992188      1427873       128.00
 1081081.855     0.992969      1429150       142.22
 1083179.007     0.993750      1430284       160.00
 1085276.159     0.994531      1431408       182.86
 1088421.887     0.995313      1432859       213.33
 1090519.039     0.996094      1433744       256.00
 1091567.615     0.996484      1434115       284.44
 1093664.767     0.996875      1434801       320.00
 1095761.919     0.997266      1435380       365.71
 1097859.071     0.997656      1435936       426.67
 1099956.223     0.998047      1436397       512.00
 1101004.799     0.998242      1436599       568.89
 1103101.951     0.998437      1436973       640.00
 1105199.103     0.998633      1437288       731.43
 1106247.679     0.998828      1437431       853.33
 1108344.831     0.999023      1437782      1024.00
 1109393.407     0.999121      1437904      1137.78
 1110441.983     0.999219      1438002      1280.00
 1112539.135     0.999316      1438179      1462.86
 1114636.287     0.999414      1438351      1706.67
 1115684.863     0.999512      1438441      2048.00
 1116733.439     0.999561      1438517      2275.56
 1117782.015     0.999609      1438586      2560.00
 1118830.591     0.999658      1438642      2925.71
 1120927.743     0.999707      1438713      3413.33
 1123024.895     0.999756      1438776      4096.00
 1124073.471     0.999780      1438802      4551.11
 1126170.623     0.999805      1438852      5120.00
 1127219.199     0.999829      1438882      5851.43
 1128267.775     0.999854      1438911      6826.67
 1130364.927     0.999878      1438937      8192.00
 1132462.079     0.999890      1438965      9102.22
 1133510.655     0.999902      1438972     10240.00
 1135607.807     0.999915      1438993     11702.86
 1137704.959     0.999927      1439012     13653.33
 1138753.535     0.999939      1439025     16384.00
 1139802.111     0.999945      1439036     18204.44
 1140850.687     0.999951      1439042     20480.00
 1142947.839     0.999957      1439055     23405.71
 1143996.415     0.999963      1439061     27306.67
 1145044.991     0.999969      1439072     32768.00
 1145044.991     0.999973      1439072     36408.89
 1146093.567     0.999976      1439077     40960.00
 1147142.143     0.999979      1439084     46811.43
 1148190.719     0.999982      1439088     54613.33
 1152385.023     0.999985      1439090     65536.00
 1159725.055     0.999986      1439092     72817.78
 1162870.783     0.999988      1439094     81920.00
 1163919.359     0.999989      1439098     93622.86
 1163919.359     0.999991      1439098    109226.67
 1166016.511     0.999992      1439104    131072.00
 1166016.511     0.999993      1439104    145635.56
 1166016.511     0.999994      1439104    163840.00
 1166016.511     0.999995      1439104    187245.71
 1167065.087     0.999995      1439105    218453.33
 1168113.663     0.999996      1439107    262144.00
 1168113.663     0.999997      1439107    291271.11
 1168113.663     0.999997      1439107    327680.00
 1169162.239     0.999997      1439110    374491.43
 1169162.239     0.999998      1439110    436906.67
 1169162.239     0.999998      1439110    524288.00
 1169162.239     0.999998      1439110    582542.22
 1169162.239     0.999998      1439110    655360.00
 1169162.239     0.999999      1439110    748982.86
 1169162.239     0.999999      1439110    873813.33
 1169162.239     0.999999      1439110   1048576.00
 1169162.239     0.999999      1439110   1165084.44
 1169162.239     0.999999      1439110   1310720.00
 1170210.815     0.999999      1439111   1497965.71
 1170210.815     1.000000      1439111          inf
#[Mean    =   541818.857, StdDeviation   =   308436.638]
#[Max     =  1169162.240, Total count    =      1439111]
#[Buckets =           27, SubBuckets     =         2048]
----------------------------------------------------------
  1445933 requests in 30.00m, 673.36MB read
  Socket errors: connect 0, read 24, write 308, timeout 16345
  Non-2xx or 3xx responses: 1
Requests/sec:    803.29
Transfer/sec:    383.06KB
