Running 30m test @ http://20.108.177.73:60
  2 threads and 1000 connections
  Thread calibration: mean lat.: 3007.193ms, rate sampling interval: 11501ms
  Thread calibration: mean lat.: 3082.988ms, rate sampling interval: 11722ms
  Thread Stats   Avg      Stdev     99%   +/- Stdev
    Latency     9.14m     5.25m   18.23m    57.89%
    Req/Sec   390.84     23.07   421.00     81.43%
  Latency Distribution (HdrHistogram - Recorded Latency)
 50.000%    9.17m 
 75.000%   13.68m 
 90.000%   16.38m 
 99.000%   18.23m 
 99.900%   18.80m 
 99.990%   19.17m 
 99.999%   19.42m 
100.000%   19.50m 

  Detailed Percentile spectrum:
       Value   Percentile   TotalCount 1/(1-Percentile)

     254.463     0.000000            1         1.00
  115015.679     0.100000       140133         1.11
  221118.463     0.200000       280225         1.25
  329252.863     0.300000       420411         1.43
  435159.039     0.400000       560465         1.67
  549978.111     0.500000       700383         2.00
  605552.639     0.550000       770971         2.22
  659030.015     0.600000       841126         2.50
  711983.103     0.650000       910738         2.86
  765460.479     0.700000       981000         3.33
  820510.719     0.750000      1050774         4.00
  847249.407     0.775000      1085828         4.44
  873463.807     0.800000      1121292         5.00
  899678.207     0.825000      1155802         5.71
  926941.183     0.850000      1190768         6.67
  954728.447     0.875000      1225707         8.00
  968884.223     0.887500      1243720         8.89
  982515.711     0.900000      1260678        10.00
  997195.775     0.912500      1278408        11.43
 1012400.127     0.925000      1296232        13.33
 1027080.191     0.937500      1313370        16.00
 1034944.511     0.943750      1322504        17.78
 1041760.255     0.950000      1330811        20.00
 1049100.287     0.956250      1339990        22.86
 1056440.319     0.962500      1348444        26.67
 1063780.351     0.968750      1357130        32.00
 1067974.655     0.971875      1361914        35.56
 1071644.671     0.975000      1366029        40.00
 1075838.975     0.978125      1370600        45.71
 1080033.279     0.981250      1374940        53.33
 1084227.583     0.984375      1378918        64.00
 1087373.311     0.985938      1381860        71.11
 1089470.463     0.987500      1383637        80.00
 1092616.191     0.989062      1386118        91.43
 1095761.919     0.990625      1388382       106.67
 1098907.647     0.992188      1390312       128.00
 1099956.223     0.992969      1390916       142.22
 1102053.375     0.993750      1392018       160.00
 1105199.103     0.994531      1393396       182.86
 1107296.255     0.995313      1394303       213.33
 1110441.983     0.996094      1395514       256.00
 1111490.559     0.996484      1395862       284.44
 1113587.711     0.996875      1396498       320.00
 1115684.863     0.997266      1397135       365.71
 1117782.015     0.997656      1397713       426.67
 1119879.167     0.998047      1398155       512.00
 1120927.743     0.998242      1398391       568.89
 1123024.895     0.998437      1398718       640.00
 1124073.471     0.998633      1398888       731.43
 1126170.623     0.998828      1399210       853.33
 1128267.775     0.999023      1399445      1024.00
 1129316.351     0.999121      1399551      1137.78
 1130364.927     0.999219      1399666      1280.00
 1132462.079     0.999316      1399866      1462.86
 1133510.655     0.999414      1399951      1706.67
 1135607.807     0.999512      1400084      2048.00
 1137704.959     0.999561      1400215      2275.56
 1137704.959     0.999609      1400215      2560.00
 1138753.535     0.999658      1400288      2925.71
 1139802.111     0.999707      1400345      3413.33
 1141899.263     0.999756      1400434      4096.00
 1142947.839     0.999780      1400478      4551.11
 1143996.415     0.999805      1400509      5120.00
 1145044.991     0.999829      1400531      5851.43
 1146093.567     0.999854      1400551      6826.67
 1148190.719     0.999878      1400586      8192.00
 1149239.295     0.999890      1400601      9102.22
 1151336.447     0.999902      1400635     10240.00
 1151336.447     0.999915      1400635     11702.86
 1153433.599     0.999927      1400662     13653.33
 1154482.175     0.999939      1400682     16384.00
 1154482.175     0.999945      1400682     18204.44
 1155530.751     0.999951      1400698     20480.00
 1155530.751     0.999957      1400698     23405.71
 1156579.327     0.999963      1400707     27306.67
 1157627.903     0.999969      1400716     32768.00
 1157627.903     0.999973      1400716     36408.89
 1158676.479     0.999976      1400722     40960.00
 1159725.055     0.999979      1400725     46811.43
 1161822.207     0.999982      1400729     54613.33
 1163919.359     0.999985      1400736     65536.00
 1163919.359     0.999986      1400736     72817.78
 1163919.359     0.999988      1400736     81920.00
 1164967.935     0.999989      1400739     93622.86
 1166016.511     0.999991      1400742    109226.67
 1168113.663     0.999992      1400747    131072.00
 1168113.663     0.999993      1400747    145635.56
 1168113.663     0.999994      1400747    163840.00
 1168113.663     0.999995      1400747    187245.71
 1168113.663     0.999995      1400747    218453.33
 1169162.239     0.999996      1400752    262144.00
 1169162.239     0.999997      1400752    291271.11
 1169162.239     0.999997      1400752    327680.00
 1169162.239     0.999997      1400752    374491.43
 1169162.239     0.999998      1400752    436906.67
 1169162.239     0.999998      1400752    524288.00
 1169162.239     0.999998      1400752    582542.22
 1169162.239     0.999998      1400752    655360.00
 1169162.239     0.999999      1400752    748982.86
 1169162.239     0.999999      1400752    873813.33
 1169162.239     0.999999      1400752   1048576.00
 1169162.239     0.999999      1400752   1165084.44
 1169162.239     0.999999      1400752   1310720.00
 1170210.815     0.999999      1400753   1497965.71
 1170210.815     1.000000      1400753          inf
#[Mean    =   548227.982, StdDeviation   =   314976.226]
#[Max     =  1169162.240, Total count    =      1400753]
#[Buckets =           27, SubBuckets     =         2048]
----------------------------------------------------------
  1407665 requests in 30.00m, 655.34MB read
  Socket errors: connect 0, read 26, write 295, timeout 16334
  Non-2xx or 3xx responses: 4
Requests/sec:    782.03
Transfer/sec:    372.82KB
