Running 60m test @ http://51.140.107.126:60/wrk2-api/post/compose
  2 threads and 1000 connections
  Thread calibration: mean lat.: 4418.257ms, rate sampling interval: 14729ms
  Thread calibration: mean lat.: 4502.032ms, rate sampling interval: 15147ms
  Thread Stats   Avg      Stdev     99%   +/- Stdev
    Latency    18.76m    12.56m   44.77m    64.61%
    Req/Sec   101.90     72.70   420.00     91.44%
  Latency Distribution (HdrHistogram - Recorded Latency)
 50.000%   16.46m 
 75.000%   28.98m 
 90.000%   37.26m 
 99.000%   44.77m 
 99.900%   48.02m 
 99.990%   49.53m 
 99.999%   50.05m 
100.000%   50.72m 

  Detailed Percentile spectrum:
       Value   Percentile   TotalCount 1/(1-Percentile)

     171.391     0.000000            1         1.00
  183369.727     0.100000        73472         1.11
  502005.759     0.200000       147023         1.25
  550502.399     0.300000       220839         1.43
  695205.887     0.400000       293887         1.67
  987758.591     0.500000       367313         2.00
 1159725.055     0.550000       404141         2.22
 1327497.215     0.600000       440804         2.50
 1478492.159     0.650000       477592         2.86
 1613758.463     0.700000       514453         3.33
 1738539.007     0.750000       551118         4.00
 1804599.295     0.775000       569310         4.44
 1880096.767     0.800000       587873         5.00
 1961885.695     0.825000       606032         5.71
 2049966.079     0.850000       624388         6.67
 2140143.615     0.875000       642886         8.00
 2187329.535     0.887500       652217         8.89
 2235564.031     0.900000       661353        10.00
 2281701.375     0.912500       670349        11.43
 2329935.871     0.925000       679688        13.33
 2380267.519     0.937500       688822        16.00
 2407530.495     0.943750       693404        17.78
 2436890.623     0.950000       698102        20.00
 2466250.751     0.956250       702670        22.86
 2495610.879     0.962500       707032        26.67
 2531262.463     0.968750       711864        32.00
 2548039.679     0.971875       713975        35.56
 2566914.047     0.975000       716288        40.00
 2587885.567     0.978125       718684        45.71
 2608857.087     0.981250       720907        53.33
 2631925.759     0.984375       723204        64.00
 2644508.671     0.985938       724287        71.11
 2659188.735     0.987500       725428        80.00
 2675965.951     0.989062       726622        91.43
 2692743.167     0.990625       727700       106.67
 2713714.687     0.992188       728896       128.00
 2724200.447     0.992969       729426       142.22
 2736783.359     0.993750       729989       160.00
 2751463.423     0.994531       730597       182.86
 2766143.487     0.995313       731165       213.33
 2782920.703     0.996094       731722       256.00
 2791309.311     0.996484       731993       284.44
 2801795.071     0.996875       732323       320.00
 2812280.831     0.997266       732584       365.71
 2822766.591     0.997656       732845       426.67
 2837446.655     0.998047       733143       512.00
 2845835.263     0.998242       733288       568.89
 2854223.871     0.998437       733438       640.00
 2862612.479     0.998633       733577       731.43
 2873098.239     0.998828       733730       853.33
 2883583.999     0.999023       733861      1024.00
 2887778.303     0.999121       733925      1137.78
 2896166.911     0.999219       734011      1280.00
 2900361.215     0.999316       734067      1462.86
 2908749.823     0.999414       734159      1706.67
 2915041.279     0.999512       734211      2048.00
 2921332.735     0.999561       734256      2275.56
 2925527.039     0.999609       734281      2560.00
 2931818.495     0.999658       734320      2925.71
 2940207.103     0.999707       734355      3413.33
 2946498.559     0.999756       734389      4096.00
 2950692.863     0.999780       734411      4551.11
 2954887.167     0.999805       734431      5120.00
 2956984.319     0.999829       734441      5851.43
 2961178.623     0.999854       734459      6826.67
 2965372.927     0.999878       734482      8192.00
 2967470.079     0.999890       734488      9102.22
 2971664.383     0.999902       734500     10240.00
 2973761.535     0.999915       734504     11702.86
 2977955.839     0.999927       734514     13653.33
 2984247.295     0.999939       734522     16384.00
 2986344.447     0.999945       734531     18204.44
 2986344.447     0.999951       734531     20480.00
 2988441.599     0.999957       734540     23405.71
 2988441.599     0.999963       734540     27306.67
 2990538.751     0.999969       734546     32768.00
 2990538.751     0.999973       734546     36408.89
 2994733.055     0.999976       734550     40960.00
 2996830.207     0.999979       734551     46811.43
 2998927.359     0.999982       734553     54613.33
 3001024.511     0.999985       734557     65536.00
 3001024.511     0.999986       734557     72817.78
 3003121.663     0.999988       734560     81920.00
 3003121.663     0.999989       734560     93622.86
 3003121.663     0.999991       734560    109226.67
 3011510.271     0.999992       734562    131072.00
 3011510.271     0.999993       734562    145635.56
 3011510.271     0.999994       734562    163840.00
 3017801.727     0.999995       734563    187245.71
 3017801.727     0.999995       734563    218453.33
 3019898.879     0.999996       734564    262144.00
 3019898.879     0.999997       734564    291271.11
 3019898.879     0.999997       734564    327680.00
 3026190.335     0.999997       734565    374491.43
 3026190.335     0.999998       734565    436906.67
 3026190.335     0.999998       734565    524288.00
 3026190.335     0.999998       734565    582542.22
 3026190.335     0.999998       734565    655360.00
 3042967.551     0.999999       734566    748982.86
 3042967.551     1.000000       734566          inf
#[Mean    =  1125507.497, StdDeviation   =   753821.214]
#[Max     =  3040870.400, Total count    =       734566]
#[Buckets =           27, SubBuckets     =         2048]
----------------------------------------------------------
  735782 requests in 60.00m, 166.59MB read
  Socket errors: connect 0, read 12191, write 94411, timeout 1541093
  Non-2xx or 3xx responses: 202970
Requests/sec:    204.38
Transfer/sec:     47.39KB
