Running 60m test @ http://51.140.107.126:60/wrk2-api/home-timeline/read
  2 threads and 1000 connections
  Thread calibration: mean lat.: 2900.680ms, rate sampling interval: 12730ms
  Thread calibration: mean lat.: 2987.990ms, rate sampling interval: 12967ms
  Thread Stats   Avg      Stdev     99%   +/- Stdev
    Latency    21.67m    12.84m   48.48m    65.27%
    Req/Sec   104.29     53.50   272.00     71.45%
  Latency Distribution (HdrHistogram - Recorded Latency)
 50.000%   18.96m 
 75.000%   32.45m 
 90.000%   40.96m 
 99.000%   48.48m 
 99.900%   50.82m 
 99.990%   51.87m 
 99.999%   52.36m 
100.000%   52.50m 

  Detailed Percentile spectrum:
       Value   Percentile   TotalCount 1/(1-Percentile)

    4694.015     0.000000            1         1.00
  518520.831     0.100000        75329         1.11
  556269.567     0.200000       150540         1.25
  679477.247     0.300000       225882         1.43
  781189.119     0.400000       300828         1.67
 1137704.959     0.500000       375903         2.00
 1313865.727     0.550000       413495         2.22
 1472200.703     0.600000       451123         2.50
 1625292.799     0.650000       488851         2.86
 1784676.351     0.700000       526413         3.33
 1947205.631     0.750000       563949         4.00
 2030043.135     0.775000       582757         4.44
 2112880.639     0.800000       601555         5.00
 2195718.143     0.825000       620329         5.71
 2279604.223     0.850000       638968         6.67
 2367684.607     0.875000       657956         8.00
 2411724.799     0.887500       667228         8.89
 2457862.143     0.900000       676734        10.00
 2503999.487     0.912500       686112        11.43
 2552233.983     0.925000       695470        13.33
 2604662.783     0.937500       704951        16.00
 2631925.759     0.943750       709664        17.78
 2659188.735     0.950000       714158        20.00
 2690646.015     0.956250       719129        22.86
 2722103.295     0.962500       723746        26.67
 2755657.727     0.968750       728367        32.00
 2774532.095     0.971875       730819        35.56
 2793406.463     0.975000       733130        40.00
 2812280.831     0.978125       735305        45.71
 2835349.503     0.981250       737822        53.33
 2856321.023     0.984375       739969        64.00
 2871001.087     0.985938       741293        71.11
 2883583.999     0.987500       742358        80.00
 2898264.063     0.989062       743512        91.43
 2915041.279     0.990625       744774       106.67
 2931818.495     0.992188       745929       128.00
 2940207.103     0.992969       746445       142.22
 2950692.863     0.993750       747065       160.00
 2961178.623     0.994531       747650       182.86
 2971664.383     0.995313       748202       213.33
 2984247.295     0.996094       748847       256.00
 2990538.751     0.996484       749132       284.44
 2996830.207     0.996875       749386       320.00
 3005218.815     0.997266       749729       365.71
 3013607.423     0.997656       750018       426.67
 3021996.031     0.998047       750273       512.00
 3026190.335     0.998242       750401       568.89
 3032481.791     0.998437       750579       640.00
 3036676.095     0.998633       750699       731.43
 3042967.551     0.998828       750854       853.33
 3049259.007     0.999023       750987      1024.00
 3053453.311     0.999121       751076      1137.78
 3057647.615     0.999219       751143      1280.00
 3061841.919     0.999316       751219      1462.86
 3066036.223     0.999414       751274      1706.67
 3072327.679     0.999512       751346      2048.00
 3076521.983     0.999561       751396      2275.56
 3080716.287     0.999609       751434      2560.00
 3084910.591     0.999658       751470      2925.71
 3089104.895     0.999707       751503      3413.33
 3093299.199     0.999756       751542      4096.00
 3095396.351     0.999780       751557      4551.11
 3097493.503     0.999805       751572      5120.00
 3101687.807     0.999829       751598      5851.43
 3103784.959     0.999854       751609      6826.67
 3107979.263     0.999878       751624      8192.00
 3110076.415     0.999890       751631      9102.22
 3114270.719     0.999902       751647     10240.00
 3116367.871     0.999915       751650     11702.86
 3120562.175     0.999927       751661     13653.33
 3122659.327     0.999939       751670     16384.00
 3124756.479     0.999945       751675     18204.44
 3126853.631     0.999951       751681     20480.00
 3126853.631     0.999957       751681     23405.71
 3128950.783     0.999963       751685     27306.67
 3133145.087     0.999969       751694     32768.00
 3133145.087     0.999973       751694     36408.89
 3133145.087     0.999976       751694     40960.00
 3135242.239     0.999979       751696     46811.43
 3137339.391     0.999982       751699     54613.33
 3139436.543     0.999985       751702     65536.00
 3139436.543     0.999986       751702     72817.78
 3141533.695     0.999988       751704     81920.00
 3141533.695     0.999989       751704     93622.86
 3143630.847     0.999991       751708    109226.67
 3143630.847     0.999992       751708    131072.00
 3143630.847     0.999993       751708    145635.56
 3143630.847     0.999994       751708    163840.00
 3143630.847     0.999995       751708    187245.71
 3145727.999     0.999995       751709    218453.33
 3147825.151     0.999996       751710    262144.00
 3147825.151     0.999997       751710    291271.11
 3147825.151     0.999997       751710    327680.00
 3147825.151     0.999997       751710    374491.43
 3149922.303     0.999998       751712    436906.67
 3149922.303     1.000000       751712          inf
#[Mean    =  1300293.433, StdDeviation   =   770593.858]
#[Max     =  3147825.152, Total count    =       751712]
#[Buckets =           27, SubBuckets     =         2048]
----------------------------------------------------------
  753442 requests in 60.00m, 7.02GB read
  Socket errors: connect 0, read 22728, write 120374, timeout 261940
  Non-2xx or 3xx responses: 192469
Requests/sec:    209.29
Transfer/sec:      2.00MB
