Running 30m test @ http://20.108.21.117:60/wrk2-api/post/compose
  2 threads and 1000 connections
  Thread calibration: mean lat.: 675.065ms, rate sampling interval: 3497ms
  Thread calibration: mean lat.: 700.189ms, rate sampling interval: 3512ms
  Thread Stats   Avg      Stdev     99%   +/- Stdev
    Latency     7.63m     4.62m   16.39m    58.11%
    Req/Sec   234.94     21.55   281.00     71.12%
  Latency Distribution (HdrHistogram - Recorded Latency)
 50.000%    7.44m 
 75.000%   11.50m 
 90.000%   14.12m 
 99.000%   16.39m 
 99.900%   17.50m 
 99.990%   18.42m 
 99.999%   18.80m 
100.000%   19.05m 

  Detailed Percentile spectrum:
       Value   Percentile   TotalCount 1/(1-Percentile)

      19.439     0.000000            1         1.00
   87556.095     0.100000        84292         1.11
  170393.599     0.200000       168628         1.25
  260308.991     0.300000       252806         1.43
  356515.839     0.400000       337035         1.67
  446169.087     0.500000       421310         2.00
  493879.295     0.550000       463495         2.22
  542113.791     0.600000       505706         2.50
  590348.287     0.650000       547742         2.86
  640155.647     0.700000       590163         3.33
  689963.007     0.750000       631989         4.00
  715653.119     0.775000       653076         4.44
  742391.807     0.800000       674420         5.00
  768081.919     0.825000       695496         5.71
  794296.319     0.850000       716191         6.67
  821559.295     0.875000       737591         8.00
  834666.495     0.887500       748159         8.89
  847249.407     0.900000       758313        10.00
  860880.895     0.912500       768920        11.43
  874512.383     0.925000       779361        13.33
  889192.447     0.937500       789893        16.00
  897056.767     0.943750       795334        17.78
  904921.087     0.950000       800589        20.00
  913309.695     0.956250       805755        22.86
  922746.879     0.962500       811113        26.67
  932708.351     0.968750       816201        32.00
  938475.519     0.971875       818889        35.56
  944766.975     0.975000       821575        40.00
  951058.431     0.978125       824267        45.71
  957874.175     0.981250       826910        53.33
  965214.207     0.984375       829402        64.00
  969932.799     0.985938       830720        71.11
  975175.679     0.987500       832024        80.00
  980418.559     0.989062       833434        91.43
  985661.439     0.990625       834651       106.67
  993001.471     0.992188       835979       128.00
  996671.487     0.992969       836633       142.22
 1000865.791     0.993750       837318       160.00
 1004535.807     0.994531       837935       182.86
 1009778.687     0.995313       838651       213.33
 1014497.279     0.996094       839246       256.00
 1017643.007     0.996484       839625       284.44
 1020264.447     0.996875       839899       320.00
 1024458.751     0.997266       840224       365.71
 1029177.343     0.997656       840576       426.67
 1032847.359     0.998047       840883       512.00
 1035993.087     0.998242       841058       568.89
 1039663.103     0.998437       841241       640.00
 1042284.543     0.998633       841380       731.43
 1045954.559     0.998828       841552       853.33
 1050673.151     0.999023       841712      1024.00
 1053294.591     0.999121       841795      1137.78
 1055916.031     0.999219       841868      1280.00
 1060110.335     0.999316       841966      1462.86
 1062731.775     0.999414       842042      1706.67
 1065353.215     0.999512       842116      2048.00
 1067450.367     0.999561       842161      2275.56
 1070071.807     0.999609       842198      2560.00
 1072693.247     0.999658       842242      2925.71
 1080033.279     0.999707       842291      3413.33
 1086324.735     0.999756       842324      4096.00
 1089470.463     0.999780       842345      4551.11
 1092616.191     0.999805       842370      5120.00
 1095761.919     0.999829       842384      5851.43
 1098907.647     0.999854       842412      6826.67
 1102053.375     0.999878       842426      8192.00
 1104150.527     0.999890       842435      9102.22
 1105199.103     0.999902       842444     10240.00
 1106247.679     0.999915       842457     11702.86
 1109393.407     0.999927       842465     13653.33
 1113587.711     0.999939       842476     16384.00
 1114636.287     0.999945       842483     18204.44
 1115684.863     0.999951       842495     20480.00
 1115684.863     0.999957       842495     23405.71
 1116733.439     0.999963       842501     27306.67
 1116733.439     0.999969       842501     32768.00
 1119879.167     0.999973       842503     36408.89
 1121976.319     0.999976       842506     40960.00
 1127219.199     0.999979       842516     46811.43
 1127219.199     0.999982       842516     54613.33
 1127219.199     0.999985       842516     65536.00
 1127219.199     0.999986       842516     72817.78
 1127219.199     0.999988       842516     81920.00
 1128267.775     0.999989       842519     93622.86
 1128267.775     0.999991       842519    109226.67
 1129316.351     0.999992       842521    131072.00
 1129316.351     0.999993       842521    145635.56
 1129316.351     0.999994       842521    163840.00
 1132462.079     0.999995       842522    187245.71
 1136656.383     0.999995       842524    218453.33
 1136656.383     0.999996       842524    262144.00
 1136656.383     0.999997       842524    291271.11
 1136656.383     0.999997       842524    327680.00
 1136656.383     0.999997       842524    374491.43
 1137704.959     0.999998       842525    436906.67
 1137704.959     0.999998       842525    524288.00
 1137704.959     0.999998       842525    582542.22
 1137704.959     0.999998       842525    655360.00
 1137704.959     0.999999       842525    748982.86
 1142947.839     0.999999       842526    873813.33
 1142947.839     1.000000       842526          inf
#[Mean    =   458020.670, StdDeviation   =   277084.527]
#[Max     =  1141899.264, Total count    =       842526]
#[Buckets =           27, SubBuckets     =         2048]
----------------------------------------------------------
  847663 requests in 30.00m, 177.25MB read
  Socket errors: connect 0, read 320, write 15488, timeout 129781
  Non-2xx or 3xx responses: 128002
Requests/sec:    470.92
Transfer/sec:    100.83KB
