Running 30m test @ http://20.108.189.214:60/wrk2-api/post/compose
  2 threads and 1000 connections
  Thread calibration: mean lat.: 729.461ms, rate sampling interval: 3860ms
  Thread calibration: mean lat.: 703.324ms, rate sampling interval: 3565ms
  Thread Stats   Avg      Stdev     99%   +/- Stdev
    Latency     5.84m     3.53m   12.91m    59.14%
    Req/Sec   297.55     24.97   348.00     73.62%
  Latency Distribution (HdrHistogram - Recorded Latency)
 50.000%    5.64m 
 75.000%    8.79m 
 90.000%   10.73m 
 99.000%   12.91m 
 99.900%   14.04m 
 99.990%   15.00m 
 99.999%   15.41m 
100.000%   15.57m 

  Detailed Percentile spectrum:
       Value   Percentile   TotalCount 1/(1-Percentile)

      10.431     0.000000            1         1.00
   68288.511     0.100000       106678         1.11
  134742.015     0.200000       213433         1.25
  201981.951     0.300000       319969         1.43
  270270.463     0.400000       426952         1.67
  338690.047     0.500000       533457         2.00
  374341.631     0.550000       586680         2.22
  411566.079     0.600000       639960         2.50
  450363.391     0.650000       693387         2.86
  488374.271     0.700000       746578         3.33
  527433.727     0.750000       800140         4.00
  546832.383     0.775000       827215         4.44
  565182.463     0.800000       853864         5.00
  584056.831     0.825000       879928         5.71
  603455.487     0.850000       906604         6.67
  623378.431     0.875000       933628         8.00
  633339.903     0.887500       946852         8.89
  643825.663     0.900000       959847        10.00
  655359.999     0.912500       973529        11.43
  667418.623     0.925000       986630        13.33
  681050.111     0.937500      1000025        16.00
  688914.431     0.943750      1006921        17.78
  696778.751     0.950000      1013393        20.00
  705167.359     0.956250      1019967        22.86
  714604.543     0.962500      1026693        26.67
  724041.727     0.968750      1033137        32.00
  729284.607     0.971875      1036525        35.56
  735051.775     0.975000      1039846        40.00
  741867.519     0.978125      1043312        45.71
  748683.263     0.981250      1046616        53.33
  756023.295     0.984375      1049984        64.00
  760217.599     0.985938      1051586        71.11
  764936.191     0.987500      1053191        80.00
  770703.359     0.989062      1054899        91.43
  776470.527     0.990625      1056469       106.67
  783286.271     0.992188      1058178       128.00
  786956.287     0.992969      1059039       142.22
  791150.591     0.993750      1059858       160.00
  795344.895     0.994531      1060656       182.86
  800587.775     0.995313      1061478       213.33
  806879.231     0.996094      1062344       256.00
  809500.671     0.996484      1062716       284.44
  812646.399     0.996875      1063141       320.00
  815792.127     0.997266      1063559       365.71
  819986.431     0.997656      1063992       426.67
  824180.735     0.998047      1064423       512.00
  826802.175     0.998242      1064626       568.89
  829423.615     0.998437      1064813       640.00
  833093.631     0.998633      1065009       731.43
  838336.511     0.998828      1065227       853.33
  843055.103     0.999023      1065434      1024.00
  845152.255     0.999121      1065532      1137.78
  847773.695     0.999219      1065641      1280.00
  850919.423     0.999316      1065735      1462.86
  854065.151     0.999414      1065839      1706.67
  857735.167     0.999512      1065947      2048.00
  860356.607     0.999561      1065995      2275.56
  865599.487     0.999609      1066048      2560.00
  871366.655     0.999658      1066106      2925.71
  876085.247     0.999707      1066151      3413.33
  881852.415     0.999756      1066204      4096.00
  886046.719     0.999780      1066232      4551.11
  890765.311     0.999805      1066254      5120.00
  893911.039     0.999829      1066292      5851.43
  895483.903     0.999854      1066310      6826.67
  898629.631     0.999878      1066335      8192.00
  899678.207     0.999890      1066349      9102.22
  900726.783     0.999902      1066359     10240.00
  902299.647     0.999915      1066371     11702.86
  903872.511     0.999927      1066384     13653.33
  906493.951     0.999939      1066397     16384.00
  907542.527     0.999945      1066404     18204.44
  908591.103     0.999951      1066411     20480.00
  909115.391     0.999957      1066418     23405.71
  910163.967     0.999963      1066425     27306.67
  910688.255     0.999969      1066430     32768.00
  911212.543     0.999973      1066433     36408.89
  912261.119     0.999976      1066436     40960.00
  913309.695     0.999979      1066440     46811.43
  913833.983     0.999982      1066443     54613.33
  917503.999     0.999985      1066446     65536.00
  921698.303     0.999986      1066449     72817.78
  921698.303     0.999988      1066449     81920.00
  924319.743     0.999989      1066451     93622.86
  924844.031     0.999991      1066455    109226.67
  924844.031     0.999992      1066455    131072.00
  924844.031     0.999993      1066455    145635.56
  925368.319     0.999994      1066457    163840.00
  925368.319     0.999995      1066457    187245.71
  933232.639     0.999995      1066459    218453.33
  933232.639     0.999996      1066459    262144.00
  933232.639     0.999997      1066459    291271.11
  933232.639     0.999997      1066459    327680.00
  933756.927     0.999997      1066460    374491.43
  933756.927     0.999998      1066460    436906.67
  933756.927     0.999998      1066460    524288.00
  934281.215     0.999998      1066462    582542.22
  934281.215     1.000000      1066462          inf
#[Mean    =   350483.064, StdDeviation   =   211872.393]
#[Max     =   933756.928, Total count    =      1066462]
#[Buckets =           27, SubBuckets     =         2048]
----------------------------------------------------------
  1072006 requests in 30.00m, 217.51MB read
  Socket errors: connect 0, read 415, write 31085, timeout 122368
  Non-2xx or 3xx responses: 116998
Requests/sec:    595.55
Transfer/sec:    123.74KB
