Running 30m test @ http://20.108.189.214:60/wrk2-api/home-timeline/read
  2 threads and 1000 connections
  Thread calibration: mean lat.: 22.653ms, rate sampling interval: 107ms
  Thread calibration: mean lat.: 22.495ms, rate sampling interval: 107ms
  Thread Stats   Avg      Stdev     99%   +/- Stdev
    Latency     1.20m     0.87m    3.29m    61.12%
    Req/Sec   460.40     85.54   682.00     72.92%
  Latency Distribution (HdrHistogram - Recorded Latency)
 50.000%    1.13m 
 75.000%    1.84m 
 90.000%    2.40m 
 99.000%    3.29m 
 99.900%    3.86m 
 99.990%    4.45m 
 99.999%    4.76m 
100.000%    4.81m 

  Detailed Percentile spectrum:
       Value   Percentile   TotalCount 1/(1-Percentile)

       1.462     0.000000            1         1.00
    3137.535     0.100000       163761         1.11
   17924.095     0.200000       327580         1.25
   34963.455     0.300000       491296         1.43
   51511.295     0.400000       655219         1.67
   68026.367     0.500000       819066         2.00
   76021.759     0.550000       900999         2.22
   84213.759     0.600000       982916         2.50
   92733.439     0.650000      1064487         2.86
  101515.263     0.700000      1146509         3.33
  110493.695     0.750000      1228754         4.00
  115146.751     0.775000      1269497         4.44
  119996.415     0.800000      1310520         5.00
  125108.223     0.825000      1351058         5.71
  130744.319     0.850000      1392119         6.67
  136970.239     0.875000      1433011         8.00
  140378.111     0.887500      1453860         8.89
  144048.127     0.900000      1474410        10.00
  147980.287     0.912500      1494591        11.43
  152436.735     0.925000      1515195        13.33
  157548.543     0.937500      1535633        16.00
  160301.055     0.943750      1545890        17.78
  163184.639     0.950000      1555981        20.00
  166461.439     0.956250      1566296        22.86
  170262.527     0.962500      1576431        26.67
  174456.831     0.968750      1586584        32.00
  176816.127     0.971875      1591629        35.56
  179437.567     0.975000      1596767        40.00
  182321.151     0.978125      1601975        45.71
  185335.807     0.981250      1606966        53.33
  189005.823     0.984375      1612059        64.00
  191102.975     0.985938      1614623        71.11
  193331.199     0.987500      1617134        80.00
  195690.495     0.989062      1619698        91.43
  198180.863     0.990625      1622329       106.67
  200933.375     0.992188      1624888       128.00
  202768.383     0.992969      1626148       142.22
  204734.463     0.993750      1627383       160.00
  206962.687     0.994531      1628695       182.86
  209321.983     0.995313      1629967       213.33
  211943.423     0.996094      1631207       256.00
  213516.287     0.996484      1631873       284.44
  215220.223     0.996875      1632507       320.00
  217317.375     0.997266      1633151       365.71
  219545.599     0.997656      1633787       426.67
  222035.967     0.998047      1634416       512.00
  223477.759     0.998242      1634739       568.89
  225574.911     0.998437      1635049       640.00
  227934.207     0.998633      1635386       731.43
  229769.215     0.998828      1635688       853.33
  232128.511     0.999023      1636011      1024.00
  233570.303     0.999121      1636174      1137.78
  235405.311     0.999219      1636333      1280.00
  237502.463     0.999316      1636486      1462.86
  239861.759     0.999414      1636648      1706.67
  242745.343     0.999512      1636813      2048.00
  244187.135     0.999561      1636883      2275.56
  246022.143     0.999609      1636968      2560.00
  247463.935     0.999658      1637044      2925.71
  249692.159     0.999707      1637124      3413.33
  252051.455     0.999756      1637205      4096.00
  253755.391     0.999780      1637243      4551.11
  254803.967     0.999805      1637284      5120.00
  257032.191     0.999829      1637324      5851.43
  259653.631     0.999854      1637364      6826.67
  262275.071     0.999878      1637406      8192.00
  264765.439     0.999890      1637423      9102.22
  267517.951     0.999902      1637443     10240.00
  269221.887     0.999915      1637464     11702.86
  270270.463     0.999927      1637484     13653.33
  273940.479     0.999939      1637503     16384.00
  275251.199     0.999945      1637513     18204.44
  279707.647     0.999951      1637525     20480.00
  281018.367     0.999957      1637533     23405.71
  282591.231     0.999963      1637544     27306.67
  283377.663     0.999969      1637555     32768.00
  283639.807     0.999973      1637558     36408.89
  284164.095     0.999976      1637566     40960.00
  284426.239     0.999979      1637572     46811.43
  284688.383     0.999982      1637575     54613.33
  284950.527     0.999985      1637578     65536.00
  285212.671     0.999986      1637581     72817.78
  285474.815     0.999988      1637585     81920.00
  285474.815     0.999989      1637585     93622.86
  285736.959     0.999991      1637588    109226.67
  286261.247     0.999992      1637592    131072.00
  286261.247     0.999993      1637592    145635.56
  286523.391     0.999994      1637595    163840.00
  286523.391     0.999995      1637595    187245.71
  286523.391     0.999995      1637595    218453.33
  286785.535     0.999996      1637596    262144.00
  287047.679     0.999997      1637597    291271.11
  287309.823     0.999997      1637599    327680.00
  287309.823     0.999997      1637599    374491.43
  287309.823     0.999998      1637599    436906.67
  287309.823     0.999998      1637599    524288.00
  287571.967     0.999998      1637600    582542.22
  287571.967     0.999998      1637600    655360.00
  287571.967     0.999999      1637600    748982.86
  287834.111     0.999999      1637601    873813.33
  287834.111     0.999999      1637601   1048576.00
  287834.111     0.999999      1637601   1165084.44
  287834.111     0.999999      1637601   1310720.00
  287834.111     0.999999      1637601   1497965.71
  288358.399     0.999999      1637602   1747626.67
  288358.399     1.000000      1637602          inf
#[Mean    =    71883.852, StdDeviation   =    52277.608]
#[Max     =   288096.256, Total count    =      1637602]
#[Buckets =           27, SubBuckets     =         2048]
----------------------------------------------------------
  1647039 requests in 30.00m, 22.23GB read
  Socket errors: connect 0, read 5057, write 146188, timeout 121790
  Non-2xx or 3xx responses: 263
Requests/sec:    915.02
Transfer/sec:     12.65MB
