Running 30m test @ http://20.108.20.0:60/wrk2-api/home-timeline/read
  2 threads and 1000 connections
  Thread calibration: mean lat.: 24.083ms, rate sampling interval: 102ms
  Thread calibration: mean lat.: 23.493ms, rate sampling interval: 101ms
  Thread Stats   Avg      Stdev     99%   +/- Stdev
    Latency     0.94m    40.62s    2.54m    61.20%
    Req/Sec   469.57     87.34   680.00     69.38%
  Latency Distribution (HdrHistogram - Recorded Latency)
 50.000%    0.90m 
 75.000%    1.43m 
 90.000%    1.88m 
 99.000%    2.54m 
 99.900%    3.02m 
 99.990%    3.35m 
 99.999%    3.51m 
100.000%    3.58m 

  Detailed Percentile spectrum:
       Value   Percentile   TotalCount 1/(1-Percentile)

       0.467     0.000000            1         1.00
    2693.119     0.100000       167178         1.11
   14589.951     0.200000       334362         1.25
   27983.871     0.300000       501537         1.43
   40828.927     0.400000       668978         1.67
   53739.519     0.500000       835963         2.00
   60129.279     0.550000       919667         2.22
   66519.039     0.600000      1003332         2.50
   72876.031     0.650000      1086740         2.86
   79233.023     0.700000      1170494         3.33
   86048.767     0.750000      1253976         4.00
   89784.319     0.775000      1296153         4.44
   93716.479     0.800000      1338041         5.00
   97845.247     0.825000      1379402         5.71
  102236.159     0.850000      1420984         6.67
  107216.895     0.875000      1462778         8.00
  109903.871     0.887500      1484016         8.89
  112721.919     0.900000      1504794        10.00
  115802.111     0.912500      1525516        11.43
  119144.447     0.925000      1546342        13.33
  122945.535     0.937500      1567551        16.00
  124977.151     0.943750      1577914        17.78
  127139.839     0.950000      1588255        20.00
  129630.207     0.956250      1598817        22.86
  132317.183     0.962500      1609143        26.67
  135397.375     0.968750      1619532        32.00
  137232.383     0.971875      1624805        35.56
  139329.535     0.975000      1630119        40.00
  141426.687     0.978125      1635348        45.71
  143785.983     0.981250      1640603        53.33
  146276.351     0.984375      1645597        64.00
  147718.143     0.985938      1648220        71.11
  149553.151     0.987500      1650963        80.00
  151388.159     0.989062      1653587        91.43
  153485.311     0.990625      1656098       106.67
  155975.679     0.992188      1658658       128.00
  157417.471     0.992969      1660023       142.22
  158859.263     0.993750      1661262       160.00
  160694.271     0.994531      1662613       182.86
  162922.495     0.995313      1663887       213.33
  165543.935     0.996094      1665236       256.00
  166985.727     0.996484      1665855       284.44
  168558.591     0.996875      1666479       320.00
  170262.527     0.997266      1667154       365.71
  172359.679     0.997656      1667814       426.67
  174456.831     0.998047      1668462       512.00
  175636.479     0.998242      1668779       568.89
  176816.127     0.998437      1669096       640.00
  178126.847     0.998633      1669436       731.43
  179699.711     0.998828      1669760       853.33
  181403.647     0.999023      1670072      1024.00
  182321.151     0.999121      1670242      1137.78
  183238.655     0.999219      1670409      1280.00
  184418.303     0.999316      1670566      1462.86
  185860.095     0.999414      1670731      1706.67
  187826.175     0.999512      1670886      2048.00
  189136.895     0.999561      1670975      2275.56
  190054.399     0.999609      1671050      2560.00
  191365.119     0.999658      1671131      2925.71
  192675.839     0.999707      1671217      3413.33
  193855.487     0.999756      1671294      4096.00
  195035.135     0.999780      1671334      4551.11
  196083.711     0.999805      1671378      5120.00
  197132.287     0.999829      1671417      5851.43
  198180.863     0.999854      1671461      6826.67
  199360.511     0.999878      1671498      8192.00
  200015.871     0.999890      1671518      9102.22
  201064.447     0.999902      1671539     10240.00
  202113.023     0.999915      1671563     11702.86
  202899.455     0.999927      1671581     13653.33
  203948.031     0.999939      1671599     16384.00
  204734.463     0.999945      1671612     18204.44
  205651.967     0.999951      1671620     20480.00
  206176.255     0.999957      1671630     23405.71
  207224.831     0.999963      1671641     27306.67
  207749.119     0.999969      1671653     32768.00
  208011.263     0.999973      1671656     36408.89
  208666.623     0.999976      1671661     40960.00
  208797.695     0.999979      1671666     46811.43
  209059.839     0.999982      1671671     54613.33
  210239.487     0.999985      1671676     65536.00
  210501.631     0.999986      1671681     72817.78
  210501.631     0.999988      1671681     81920.00
  210894.847     0.999989      1671687     93622.86
  210894.847     0.999991      1671687    109226.67
  211025.919     0.999992      1671690    131072.00
  211025.919     0.999993      1671690    145635.56
  211156.991     0.999994      1671691    163840.00
  211681.279     0.999995      1671694    187245.71
  211681.279     0.999995      1671694    218453.33
  211943.423     0.999996      1671695    262144.00
  212074.495     0.999997      1671696    291271.11
  212074.495     0.999997      1671696    327680.00
  212205.567     0.999997      1671697    374491.43
  212467.711     0.999998      1671698    436906.67
  212467.711     0.999998      1671698    524288.00
  212598.783     0.999998      1671699    582542.22
  212598.783     0.999998      1671699    655360.00
  212598.783     0.999999      1671699    748982.86
  213123.071     0.999999      1671700    873813.33
  213123.071     0.999999      1671700   1048576.00
  213123.071     0.999999      1671700   1165084.44
  213123.071     0.999999      1671700   1310720.00
  213123.071     0.999999      1671700   1497965.71
  214695.935     0.999999      1671701   1747626.67
  214695.935     1.000000      1671701          inf
#[Mean    =    56454.649, StdDeviation   =    40615.707]
#[Max     =   214564.864, Total count    =      1671701]
#[Buckets =           27, SubBuckets     =         2048]
----------------------------------------------------------
  1681134 requests in 30.00m, 22.69GB read
  Socket errors: connect 0, read 3950, write 112483, timeout 121914
  Non-2xx or 3xx responses: 170
Requests/sec:    933.96
Transfer/sec:     12.91MB
