Running 30m test @ http://20.117.71.210:60/wrk2-api/home-timeline/read
  2 threads and 1000 connections
  Thread calibration: mean lat.: 49.039ms, rate sampling interval: 78ms
  Thread calibration: mean lat.: 57.381ms, rate sampling interval: 78ms
  Thread Stats   Avg      Stdev     99%   +/- Stdev
    Latency     1.65m     1.15m    4.38m    61.72%
    Req/Sec   445.55     95.96   688.00     69.94%
  Latency Distribution (HdrHistogram - Recorded Latency)
 50.000%    1.56m 
 75.000%    2.51m 
 90.000%    3.24m 
 99.000%    4.38m 
 99.900%    5.16m 
 99.990%    5.56m 
 99.999%    5.77m 
100.000%    5.81m 

  Detailed Percentile spectrum:
       Value   Percentile   TotalCount 1/(1-Percentile)

       0.234     0.000000            1         1.00
    8642.559     0.100000       158311         1.11
   29556.735     0.200000       316621         1.25
   51183.615     0.300000       475172         1.43
   72220.671     0.400000       633564         1.67
   93782.015     0.500000       791938         2.00
  104726.527     0.550000       871039         2.22
  115802.111     0.600000       950164         2.50
  127205.375     0.650000      1029168         2.86
  138805.247     0.700000      1108409         3.33
  150732.799     0.750000      1187964         4.00
  156631.039     0.775000      1227231         4.44
  162922.495     0.800000      1266945         5.00
  169607.167     0.825000      1306505         5.71
  176947.199     0.850000      1346094         6.67
  185335.807     0.875000      1385674         8.00
  189530.111     0.887500      1404955         8.89
  194248.703     0.900000      1424999        10.00
  199491.583     0.912500      1444628        11.43
  205127.679     0.925000      1464283        13.33
  211419.135     0.937500      1484413        16.00
  214827.007     0.943750      1494022        17.78
  218497.023     0.950000      1503870        20.00
  222691.327     0.956250      1513945        22.86
  227016.703     0.962500      1523742        26.67
  232259.583     0.968750      1533597        32.00
  235143.167     0.971875      1538477        35.56
  238288.895     0.975000      1543500        40.00
  241827.839     0.978125      1548438        45.71
  246153.215     0.981250      1553315        53.33
  251133.951     0.984375      1558354        64.00
  253755.391     0.985938      1560774        71.11
  256901.119     0.987500      1563221        80.00
  260440.063     0.989062      1565762        91.43
  264372.223     0.990625      1568163       106.67
  269221.887     0.992188      1570739       128.00
  271581.183     0.992969      1571986       142.22
  274464.767     0.993750      1573195       160.00
  277348.351     0.994531      1574394       182.86
  281018.367     0.995313      1575648       213.33
  285736.959     0.996094      1576846       256.00
  288358.399     0.996484      1577444       284.44
  291241.983     0.996875      1578103       320.00
  293601.279     0.997266      1578692       365.71
  296484.863     0.997656      1579351       426.67
  299106.303     0.998047      1579919       512.00
  300941.311     0.998242      1580242       568.89
  302776.319     0.998437      1580529       640.00
  304873.471     0.998633      1580865       731.43
  306970.623     0.998828      1581158       853.33
  309854.207     0.999023      1581451      1024.00
  311689.215     0.999121      1581616      1137.78
  313786.367     0.999219      1581773      1280.00
  315621.375     0.999316      1581932      1462.86
  317456.383     0.999414      1582078      1706.67
  320077.823     0.999512      1582226      2048.00
  321126.399     0.999561      1582301      2275.56
  322174.975     0.999609      1582378      2560.00
  323223.551     0.999658      1582453      2925.71
  324534.271     0.999707      1582533      3413.33
  325844.991     0.999756      1582610      4096.00
  326369.279     0.999780      1582645      4551.11
  327679.999     0.999805      1582695      5120.00
  328466.431     0.999829      1582731      5851.43
  329777.151     0.999854      1582767      6826.67
  331087.871     0.999878      1582800      8192.00
  333185.023     0.999890      1582820      9102.22
  333971.455     0.999902      1582841     10240.00
  335020.031     0.999915      1582858     11702.86
  336592.895     0.999927      1582880     13653.33
  337903.615     0.999939      1582899     16384.00
  338427.903     0.999945      1582909     18204.44
  338952.191     0.999951      1582917     20480.00
  340525.055     0.999957      1582927     23405.71
  341049.343     0.999963      1582936     27306.67
  341835.775     0.999969      1582945     32768.00
  342360.063     0.999973      1582949     36408.89
  342622.207     0.999976      1582954     40960.00
  343408.639     0.999979      1582962     46811.43
  343932.927     0.999982      1582964     54613.33
  344457.215     0.999985      1582969     65536.00
  344719.359     0.999986      1582971     72817.78
  345505.791     0.999988      1582974     81920.00
  346292.223     0.999989      1582976     93622.86
  346816.511     0.999991      1582980    109226.67
  346816.511     0.999992      1582980    131072.00
  347078.655     0.999993      1582983    145635.56
  347078.655     0.999994      1582983    163840.00
  347340.799     0.999995      1582986    187245.71
  347340.799     0.999995      1582986    218453.33
  347340.799     0.999996      1582986    262144.00
  347602.943     0.999997      1582988    291271.11
  347602.943     0.999997      1582988    327680.00
  347602.943     0.999997      1582988    374491.43
  347865.087     0.999998      1582989    436906.67
  347865.087     0.999998      1582989    524288.00
  348127.231     0.999998      1582990    582542.22
  348127.231     0.999998      1582990    655360.00
  348127.231     0.999999      1582990    748982.86
  348389.375     0.999999      1582991    873813.33
  348389.375     0.999999      1582991   1048576.00
  348389.375     0.999999      1582991   1165084.44
  348389.375     0.999999      1582991   1310720.00
  348389.375     0.999999      1582991   1497965.71
  348651.519     0.999999      1582992   1747626.67
  348651.519     1.000000      1582992          inf
#[Mean    =    99142.389, StdDeviation   =    68947.070]
#[Max     =   348389.376, Total count    =      1582992]
#[Buckets =           27, SubBuckets     =         2048]
----------------------------------------------------------
  1592309 requests in 30.00m, 21.50GB read
  Socket errors: connect 0, read 4898, write 200569, timeout 121930
  Non-2xx or 3xx responses: 280
Requests/sec:    884.62
Transfer/sec:     12.23MB
