Running 30m test @ http://20.108.19.171:60/wrk2-api/post/compose
  2 threads and 1000 connections
  Thread calibration: mean lat.: 639.858ms, rate sampling interval: 2803ms
  Thread calibration: mean lat.: 644.551ms, rate sampling interval: 2447ms
  Thread Stats   Avg      Stdev     99%   +/- Stdev
    Latency     7.65m     4.54m   16.27m    58.70%
    Req/Sec   236.41     21.51   281.00     71.30%
  Latency Distribution (HdrHistogram - Recorded Latency)
 50.000%    7.46m 
 75.000%   11.46m 
 90.000%   14.01m 
 99.000%   16.27m 
 99.900%   17.24m 
 99.990%   18.05m 
 99.999%   18.52m 
100.000%   18.68m 

  Detailed Percentile spectrum:
       Value   Percentile   TotalCount 1/(1-Percentile)

      10.167     0.000000            1         1.00
   93257.727     0.100000        84789         1.11
  179961.855     0.200000       169619         1.25
  268173.311     0.300000       254312         1.43
  356515.839     0.400000       339202         1.67
  447479.807     0.500000       423860         2.00
  496762.879     0.550000       466336         2.22
  543686.655     0.600000       508974         2.50
  591396.863     0.650000       551290         2.86
  638582.783     0.700000       593507         3.33
  687865.855     0.750000       636122         4.00
  712507.391     0.775000       656888         4.44
  738197.503     0.800000       678503         5.00
  763363.327     0.825000       699410         5.71
  789053.439     0.850000       720679         6.67
  814743.551     0.875000       741938         8.00
  827850.751     0.887500       752386         8.89
  840433.663     0.900000       762861        10.00
  854065.151     0.912500       773608        11.43
  868745.215     0.925000       784300        13.33
  883425.279     0.937500       794959        16.00
  890765.311     0.943750       799979        17.78
  899153.919     0.950000       805511        20.00
  907542.527     0.956250       810610        22.86
  916979.711     0.962500       815965        26.67
  926416.895     0.968750       821256        32.00
  932184.063     0.971875       823865        35.56
  937951.231     0.975000       826562        40.00
  944242.687     0.978125       829065        45.71
  951058.431     0.981250       831804        53.33
  958922.751     0.984375       834387        64.00
  963117.055     0.985938       835801        71.11
  967311.359     0.987500       836998        80.00
  972554.239     0.989062       838412        91.43
  978321.407     0.990625       839654       106.67
  984612.863     0.992188       840967       128.00
  988282.879     0.992969       841663       142.22
  991952.895     0.993750       842367       160.00
  995622.911     0.994531       842994       182.86
 1000341.503     0.995313       843666       213.33
 1005060.095     0.996094       844338       256.00
 1007157.247     0.996484       844622       284.44
 1009778.687     0.996875       844955       320.00
 1012924.415     0.997266       845285       365.71
 1017118.719     0.997656       845641       426.67
 1021313.023     0.998047       845927       512.00
 1023934.463     0.998242       846099       568.89
 1026555.903     0.998437       846282       640.00
 1029177.343     0.998633       846442       731.43
 1031798.783     0.998828       846590       853.33
 1035468.799     0.999023       846781      1024.00
 1037565.951     0.999121       846847      1137.78
 1040187.391     0.999219       846934      1280.00
 1043857.407     0.999316       847011      1462.86
 1047527.423     0.999414       847105      1706.67
 1051197.439     0.999512       847181      2048.00
 1053294.591     0.999561       847215      2275.56
 1055916.031     0.999609       847255      2560.00
 1058013.183     0.999658       847294      2925.71
 1062207.487     0.999707       847334      3413.33
 1066401.791     0.999756       847376      4096.00
 1070071.807     0.999780       847401      4551.11
 1071644.671     0.999805       847420      5120.00
 1073217.535     0.999829       847439      5851.43
 1075838.975     0.999854       847460      6826.67
 1081081.855     0.999878       847481      8192.00
 1082130.431     0.999890       847495      9102.22
 1083179.007     0.999902       847504     10240.00
 1086324.735     0.999915       847512     11702.86
 1089470.463     0.999927       847520     13653.33
 1091567.615     0.999939       847531     16384.00
 1092616.191     0.999945       847536     18204.44
 1093664.767     0.999951       847541     20480.00
 1095761.919     0.999957       847547     23405.71
 1102053.375     0.999963       847556     27306.67
 1105199.103     0.999969       847564     32768.00
 1105199.103     0.999973       847564     36408.89
 1105199.103     0.999976       847564     40960.00
 1105199.103     0.999979       847564     46811.43
 1106247.679     0.999982       847568     54613.33
 1110441.983     0.999985       847572     65536.00
 1110441.983     0.999986       847572     72817.78
 1110441.983     0.999988       847572     81920.00
 1111490.559     0.999989       847575     93622.86
 1111490.559     0.999991       847575    109226.67
 1112539.135     0.999992       847578    131072.00
 1112539.135     0.999993       847578    145635.56
 1112539.135     0.999994       847578    163840.00
 1112539.135     0.999995       847578    187245.71
 1118830.591     0.999995       847580    218453.33
 1118830.591     0.999996       847580    262144.00
 1118830.591     0.999997       847580    291271.11
 1118830.591     0.999997       847580    327680.00
 1118830.591     0.999997       847580    374491.43
 1119879.167     0.999998       847581    436906.67
 1119879.167     0.999998       847581    524288.00
 1119879.167     0.999998       847581    582542.22
 1119879.167     0.999998       847581    655360.00
 1119879.167     0.999999       847581    748982.86
 1120927.743     0.999999       847582    873813.33
 1120927.743     1.000000       847582          inf
#[Mean    =   459195.397, StdDeviation   =   272665.504]
#[Max     =  1119879.168, Total count    =       847582]
#[Buckets =           27, SubBuckets     =         2048]
----------------------------------------------------------
  852549 requests in 30.00m, 178.42MB read
  Socket errors: connect 0, read 707, write 22418, timeout 129493
  Non-2xx or 3xx responses: 128964
Requests/sec:    473.64
Transfer/sec:    101.50KB
