Running 60m test @ http://20.90.186.180:60/wrk2-api/home-timeline/read
  2 threads and 1000 connections
  Thread calibration: mean lat.: 1229.735ms, rate sampling interval: 5693ms
  Thread calibration: mean lat.: 1401.397ms, rate sampling interval: 6332ms
  Thread Stats   Avg      Stdev     99%   +/- Stdev
    Latency    21.39m    10.03m   38.87m    62.88%
    Req/Sec   182.65     39.84   250.00     73.83%
  Latency Distribution (HdrHistogram - Recorded Latency)
 50.000%   21.72m 
 75.000%   29.74m 
 90.000%   34.71m 
 99.000%   38.87m 
 99.900%   40.65m 
 99.990%   41.45m 
 99.999%   42.05m 
100.000%   42.61m 

  Detailed Percentile spectrum:
       Value   Percentile   TotalCount 1/(1-Percentile)

     684.031     0.000000            1         1.00
  418643.967     0.100000       131523         1.11
  724566.015     0.200000       263289         1.25
  920125.439     0.300000       394654         1.43
 1112539.135     0.400000       525893         1.67
 1303379.967     0.500000       657372         2.00
 1399848.959     0.550000       723646         2.22
 1495269.375     0.600000       789084         2.50
 1591738.367     0.650000       854928         2.86
 1688207.359     0.700000       920810         3.33
 1784676.351     0.750000       986352         4.00
 1832910.847     0.775000      1019078         4.44
 1882193.919     0.800000      1051932         5.00
 1930428.415     0.825000      1084592         5.71
 1980760.063     0.850000      1117408         6.67
 2031091.711     0.875000      1150284         8.00
 2057306.111     0.887500      1167097         8.89
 2082471.935     0.900000      1183120        10.00
 2108686.335     0.912500      1199477        11.43
 2135949.311     0.925000      1216003        13.33
 2166358.015     0.937500      1232994        16.00
 2181038.079     0.943750      1240884        17.78
 2197815.295     0.950000      1249718        20.00
 2212495.359     0.956250      1257135        22.86
 2229272.575     0.962500      1265261        26.67
 2248146.943     0.968750      1273875        32.00
 2258632.703     0.971875      1278382        35.56
 2267021.311     0.975000      1281837        40.00
 2277507.071     0.978125      1285775        45.71
 2290089.983     0.981250      1290101        53.33
 2304770.047     0.984375      1294531        64.00
 2311061.503     0.985938      1296255        71.11
 2319450.111     0.987500      1298479        80.00
 2327838.719     0.989062      1300462        91.43
 2336227.327     0.990625      1302220       106.67
 2346713.087     0.992188      1304238       128.00
 2353004.543     0.992969      1305307       142.22
 2361393.151     0.993750      1306562       160.00
 2367684.607     0.994531      1307450       182.86
 2373976.063     0.995313      1308316       213.33
 2384461.823     0.996094      1309527       256.00
 2388656.127     0.996484      1309954       284.44
 2392850.431     0.996875      1310406       320.00
 2399141.887     0.997266      1310952       365.71
 2405433.343     0.997656      1311437       426.67
 2413821.951     0.998047      1312046       512.00
 2415919.103     0.998242      1312180       568.89
 2422210.559     0.998437      1312518       640.00
 2426404.863     0.998633      1312727       731.43
 2432696.319     0.998828      1313000       853.33
 2438987.775     0.999023      1313245      1024.00
 2443182.079     0.999121      1313395      1137.78
 2445279.231     0.999219      1313484      1280.00
 2449473.535     0.999316      1313632      1462.86
 2453667.839     0.999414      1313735      1706.67
 2457862.143     0.999512      1313846      2048.00
 2462056.447     0.999561      1313951      2275.56
 2464153.599     0.999609      1313999      2560.00
 2466250.751     0.999658      1314035      2925.71
 2470445.055     0.999707      1314107      3413.33
 2474639.359     0.999756      1314207      4096.00
 2474639.359     0.999780      1314207      4551.11
 2476736.511     0.999805      1314242      5120.00
 2478833.663     0.999829      1314275      5851.43
 2480930.815     0.999854      1314296      6826.67
 2483027.967     0.999878      1314319      8192.00
 2485125.119     0.999890      1314339      9102.22
 2487222.271     0.999902      1314353     10240.00
 2489319.423     0.999915      1314366     11702.86
 2493513.727     0.999927      1314389     13653.33
 2495610.879     0.999939      1314400     16384.00
 2497708.031     0.999945      1314407     18204.44
 2501902.335     0.999951      1314416     20480.00
 2506096.639     0.999957      1314424     23405.71
 2508193.791     0.999963      1314430     27306.67
 2512388.095     0.999969      1314437     32768.00
 2514485.247     0.999973      1314445     36408.89
 2514485.247     0.999976      1314445     40960.00
 2516582.399     0.999979      1314450     46811.43
 2518679.551     0.999982      1314453     54613.33
 2520776.703     0.999985      1314462     65536.00
 2520776.703     0.999986      1314462     72817.78
 2520776.703     0.999988      1314462     81920.00
 2522873.855     0.999989      1314464     93622.86
 2527068.159     0.999991      1314465    109226.67
 2531262.463     0.999992      1314468    131072.00
 2531262.463     0.999993      1314468    145635.56
 2533359.615     0.999994      1314469    163840.00
 2537553.919     0.999995      1314470    187245.71
 2539651.071     0.999995      1314471    218453.33
 2543845.375     0.999996      1314473    262144.00
 2543845.375     0.999997      1314473    291271.11
 2543845.375     0.999997      1314473    327680.00
 2545942.527     0.999997      1314474    374491.43
 2545942.527     0.999998      1314474    436906.67
 2548039.679     0.999998      1314475    524288.00
 2548039.679     0.999998      1314475    582542.22
 2548039.679     0.999998      1314475    655360.00
 2552233.983     0.999999      1314476    748982.86
 2552233.983     0.999999      1314476    873813.33
 2552233.983     0.999999      1314476   1048576.00
 2552233.983     0.999999      1314476   1165084.44
 2552233.983     0.999999      1314476   1310720.00
 2556428.287     0.999999      1314477   1497965.71
 2556428.287     1.000000      1314477          inf
#[Mean    =  1283567.911, StdDeviation   =   601840.947]
#[Max     =  2554331.136, Total count    =      1314477]
#[Buckets =           27, SubBuckets     =         2048]
----------------------------------------------------------
  1320131 requests in 60.00m, 16.67GB read
  Socket errors: connect 0, read 356, write 2531, timeout 243217
  Non-2xx or 3xx responses: 55581
Requests/sec:    366.70
Transfer/sec:      4.74MB
