Running 60m test @ http://51.140.51.113:60/wrk2-api/home-timeline/read
  2 threads and 1000 connections
  Thread calibration: mean lat.: 3094.089ms, rate sampling interval: 12050ms
  Thread calibration: mean lat.: 3210.520ms, rate sampling interval: 12509ms
  Thread Stats   Avg      Stdev     99%   +/- Stdev
    Latency    21.19m    12.49m   47.68m    62.91%
    Req/Sec   107.71     55.40   294.00     71.36%
  Latency Distribution (HdrHistogram - Recorded Latency)
 50.000%   18.84m 
 75.000%   31.40m 
 90.000%   39.88m 
 99.000%   47.68m 
 99.900%   50.75m 
 99.990%   52.11m 
 99.999%   52.74m 
100.000%   53.06m 

  Detailed Percentile spectrum:
       Value   Percentile   TotalCount 1/(1-Percentile)

    4243.455     0.000000            1         1.00
  501481.471     0.100000        77806         1.11
  543162.367     0.200000       155590         1.25
  660602.879     0.300000       233085         1.43
  786956.287     0.400000       310658         1.67
 1130364.927     0.500000       388269         2.00
 1289748.479     0.550000       426986         2.22
 1438646.271     0.600000       465971         2.50
 1584398.335     0.650000       504820         2.86
 1729101.823     0.700000       543410         3.33
 1884291.071     0.750000       582217         4.00
 1962934.271     0.775000       601710         4.44
 2044723.199     0.800000       621025         5.00
 2127560.703     0.825000       640541         5.71
 2214592.511     0.850000       660269         6.67
 2302672.895     0.875000       679614         8.00
 2346713.087     0.887500       689118         8.89
 2392850.431     0.900000       698834        10.00
 2438987.775     0.912500       708387        11.43
 2491416.575     0.925000       718238        13.33
 2543845.375     0.937500       727815        16.00
 2573205.503     0.943750       732844        17.78
 2602565.631     0.950000       737672        20.00
 2631925.759     0.956250       742362        22.86
 2665480.191     0.962500       747296        26.67
 2701131.775     0.968750       752052        32.00
 2720006.143     0.971875       754448        35.56
 2740977.663     0.975000       756979        40.00
 2761949.183     0.978125       759318        45.71
 2785017.855     0.981250       761698        53.33
 2810183.679     0.984375       764174        64.00
 2822766.591     0.985938       765357        71.11
 2837446.655     0.987500       766709        80.00
 2852126.719     0.989062       767838        91.43
 2868903.935     0.990625       769099       106.67
 2887778.303     0.992188       770268       128.00
 2898264.063     0.992969       770890       142.22
 2908749.823     0.993750       771432       160.00
 2921332.735     0.994531       772032       182.86
 2936012.799     0.995313       772662       213.33
 2950692.863     0.996094       773220       256.00
 2961178.623     0.996484       773577       284.44
 2969567.231     0.996875       773849       320.00
 2980052.991     0.997266       774184       365.71
 2990538.751     0.997656       774437       426.67
 3003121.663     0.998047       774751       512.00
 3009413.119     0.998242       774892       568.89
 3017801.727     0.998437       775051       640.00
 3026190.335     0.998633       775195       731.43
 3036676.095     0.998828       775362       853.33
 3047161.855     0.999023       775514      1024.00
 3051356.159     0.999121       775584      1137.78
 3057647.615     0.999219       775669      1280.00
 3063939.071     0.999316       775733      1462.86
 3072327.679     0.999414       775817      1706.67
 3078619.135     0.999512       775878      2048.00
 3082813.439     0.999561       775911      2275.56
 3089104.895     0.999609       775956      2560.00
 3093299.199     0.999658       775988      2925.71
 3099590.655     0.999707       776026      3413.33
 3105882.111     0.999756       776068      4096.00
 3110076.415     0.999780       776096      4551.11
 3112173.567     0.999805       776106      5120.00
 3114270.719     0.999829       776125      5851.43
 3118465.023     0.999854       776141      6826.67
 3122659.327     0.999878       776159      8192.00
 3124756.479     0.999890       776172      9102.22
 3126853.631     0.999902       776183     10240.00
 3128950.783     0.999915       776188     11702.86
 3131047.935     0.999927       776197     13653.33
 3135242.239     0.999939       776207     16384.00
 3137339.391     0.999945       776213     18204.44
 3139436.543     0.999951       776219     20480.00
 3139436.543     0.999957       776219     23405.71
 3145727.999     0.999963       776225     27306.67
 3147825.151     0.999969       776230     32768.00
 3149922.303     0.999973       776231     36408.89
 3152019.455     0.999976       776235     40960.00
 3154116.607     0.999979       776236     46811.43
 3156213.759     0.999982       776238     54613.33
 3160408.063     0.999985       776241     65536.00
 3162505.215     0.999986       776243     72817.78
 3162505.215     0.999988       776243     81920.00
 3164602.367     0.999989       776244     93622.86
 3172990.975     0.999991       776246    109226.67
 3175088.127     0.999992       776248    131072.00
 3175088.127     0.999993       776248    145635.56
 3175088.127     0.999994       776248    163840.00
 3175088.127     0.999995       776248    187245.71
 3177185.279     0.999995       776249    218453.33
 3179282.431     0.999996       776251    262144.00
 3179282.431     0.999997       776251    291271.11
 3179282.431     0.999997       776251    327680.00
 3179282.431     0.999997       776251    374491.43
 3179282.431     0.999998       776251    436906.67
 3179282.431     0.999998       776251    524288.00
 3179282.431     0.999998       776251    582542.22
 3179282.431     0.999998       776251    655360.00
 3179282.431     0.999999       776251    748982.86
 3183476.735     0.999999       776252    873813.33
 3183476.735     1.000000       776252          inf
#[Mean    =  1271183.445, StdDeviation   =   749281.461]
#[Max     =  3181379.584, Total count    =       776252]
#[Buckets =           27, SubBuckets     =         2048]
----------------------------------------------------------
  778140 requests in 60.00m, 7.26GB read
  Socket errors: connect 0, read 23651, write 120837, timeout 260216
  Non-2xx or 3xx responses: 191927
Requests/sec:    216.15
Transfer/sec:      2.07MB
