Running 60m test @ http://51.140.163.179:60
  2 threads and 1000 connections
  Thread calibration: mean lat.: 4447.447ms, rate sampling interval: 14794ms
  Thread calibration: mean lat.: 4579.273ms, rate sampling interval: 14999ms
  Thread Stats   Avg      Stdev     99%   +/- Stdev
    Latency    23.16m    11.45m   44.77m    61.23%
    Req/Sec   280.60     53.07   370.00     77.96%
  Latency Distribution (HdrHistogram - Recorded Latency)
 50.000%   23.23m 
 75.000%   32.56m 
 90.000%   38.62m 
 99.000%   44.77m 
 99.900%   47.40m 
 99.990%   48.69m 
 99.999%   49.67m 
100.000%   50.37m 

  Detailed Percentile spectrum:
       Value   Percentile   TotalCount 1/(1-Percentile)

    3471.359     0.000000            1         1.00
  462159.871     0.100000       201812         1.11
  721420.287     0.200000       404159         1.25
  951058.431     0.300000       605479         1.43
 1183842.303     0.400000       807621         1.67
 1393557.503     0.500000      1009071         2.00
 1497366.527     0.550000      1110447         2.22
 1605369.855     0.600000      1211261         2.50
 1717567.487     0.650000      1312103         2.86
 1835007.999     0.700000      1412912         3.33
 1953497.087     0.750000      1513674         4.00
 2013265.919     0.775000      1564497         4.44
 2071986.175     0.800000      1614828         5.00
 2131755.007     0.825000      1664967         5.71
 2191523.839     0.850000      1715888         6.67
 2252341.247     0.875000      1765865         8.00
 2283798.527     0.887500      1791127         8.89
 2317352.959     0.900000      1817020        10.00
 2350907.391     0.912500      1842170        11.43
 2386558.975     0.925000      1866986        13.33
 2426404.863     0.937500      1892101        16.00
 2449473.535     0.943750      1905239        17.78
 2472542.207     0.950000      1917597        20.00
 2493513.727     0.956250      1929909        22.86
 2518679.551     0.962500      1942441        26.67
 2545942.527     0.968750      1955381        32.00
 2560622.591     0.971875      1961513        35.56
 2577399.807     0.975000      1967972        40.00
 2598371.327     0.978125      1974110        45.71
 2619342.847     0.981250      1980733        53.33
 2638217.215     0.984375      1986841        64.00
 2650800.127     0.985938      1989906        71.11
 2663383.039     0.987500      1992845        80.00
 2675965.951     0.989062      1995836        91.43
 2692743.167     0.990625      1999219       106.67
 2707423.231     0.992188      2002256       128.00
 2715811.839     0.992969      2003964       142.22
 2722103.295     0.993750      2005319       160.00
 2732589.055     0.994531      2007032       182.86
 2743074.815     0.995313      2008436       213.33
 2759852.031     0.996094      2010209       256.00
 2766143.487     0.996484      2010894       284.44
 2774532.095     0.996875      2011735       320.00
 2782920.703     0.997266      2012391       365.71
 2791309.311     0.997656      2013254       426.67
 2803892.223     0.998047      2013990       512.00
 2810183.679     0.998242      2014442       568.89
 2816475.135     0.998437      2014713       640.00
 2826960.895     0.998633      2015178       731.43
 2837446.655     0.998828      2015597       853.33
 2845835.263     0.999023      2015956      1024.00
 2850029.567     0.999121      2016130      1137.78
 2854223.871     0.999219      2016287      1280.00
 2858418.175     0.999316      2016498      1462.86
 2862612.479     0.999414      2016702      1706.67
 2871001.087     0.999512      2016911      2048.00
 2875195.391     0.999561      2017015      2275.56
 2877292.543     0.999609      2017105      2560.00
 2879389.695     0.999658      2017203      2925.71
 2881486.847     0.999707      2017277      3413.33
 2887778.303     0.999756      2017396      4096.00
 2891972.607     0.999780      2017424      4551.11
 2902458.367     0.999805      2017466      5120.00
 2912944.127     0.999829      2017526      5851.43
 2917138.431     0.999854      2017594      6826.67
 2919235.583     0.999878      2017628      8192.00
 2921332.735     0.999890      2017658      9102.22
 2923429.887     0.999902      2017664     10240.00
 2925527.039     0.999915      2017687     11702.86
 2929721.343     0.999927      2017717     13653.33
 2933915.647     0.999939      2017748     16384.00
 2933915.647     0.999945      2017748     18204.44
 2938109.951     0.999951      2017762     20480.00
 2940207.103     0.999957      2017774     23405.71
 2944401.407     0.999963      2017786     27306.67
 2950692.863     0.999969      2017798     32768.00
 2956984.319     0.999973      2017807     36408.89
 2959081.471     0.999976      2017808     40960.00
 2961178.623     0.999979      2017814     46811.43
 2967470.079     0.999982      2017826     54613.33
 2971664.383     0.999985      2017827     65536.00
 2977955.839     0.999986      2017834     72817.78
 2977955.839     0.999988      2017834     81920.00
 2980052.991     0.999989      2017837     93622.86
 2982150.143     0.999991      2017839    109226.67
 2986344.447     0.999992      2017843    131072.00
 2988441.599     0.999993      2017845    145635.56
 2988441.599     0.999994      2017845    163840.00
 2990538.751     0.999995      2017847    187245.71
 2994733.055     0.999995      2017848    218453.33
 2996830.207     0.999996      2017851    262144.00
 2996830.207     0.999997      2017851    291271.11
 2996830.207     0.999997      2017851    327680.00
 3003121.663     0.999997      2017852    374491.43
 3005218.815     0.999998      2017855    436906.67
 3005218.815     0.999998      2017855    524288.00
 3005218.815     0.999998      2017855    582542.22
 3005218.815     0.999998      2017855    655360.00
 3005218.815     0.999999      2017855    748982.86
 3005218.815     0.999999      2017855    873813.33
 3017801.727     0.999999      2017856   1048576.00
 3017801.727     0.999999      2017856   1165084.44
 3017801.727     0.999999      2017856   1310720.00
 3017801.727     0.999999      2017856   1497965.71
 3017801.727     0.999999      2017856   1747626.67
 3021996.031     1.000000      2017857   2097152.00
 3021996.031     1.000000      2017857          inf
#[Mean    =  1389364.912, StdDeviation   =   687190.524]
#[Max     =  3019898.880, Total count    =      2017857]
#[Buckets =           27, SubBuckets     =         2048]
----------------------------------------------------------
  2020683 requests in 60.00m, 0.90GB read
  Socket errors: connect 0, read 71, write 493, timeout 34835
  Non-2xx or 3xx responses: 149374
Requests/sec:    561.30
Transfer/sec:    262.17KB
