Running 30m test @ http://13.87.75.127:60
  2 threads and 1000 connections
  Thread calibration: mean lat.: 19.357ms, rate sampling interval: 82ms
  Thread calibration: mean lat.: 22.096ms, rate sampling interval: 99ms
  Thread Stats   Avg      Stdev     99%   +/- Stdev
    Latency     4.88m     4.39m   18.86m    69.46%
    Req/Sec     2.73      5.44    23.00     80.24%
  Latency Distribution (HdrHistogram - Recorded Latency)
 50.000%    4.06m 
 75.000%    7.34m 
 90.000%   10.71m 
 99.000%   18.86m 
 99.900%   24.20m 
 99.990%   26.98m 
 99.999%   27.65m 
100.000%   27.65m 

  Detailed Percentile spectrum:
       Value   Percentile   TotalCount 1/(1-Percentile)

       2.405     0.000000            1         1.00
    6168.575     0.100000         1003         1.11
   45514.751     0.200000         2005         1.25
  103350.271     0.300000         3007         1.43
  176422.911     0.400000         4009         1.67
  243793.919     0.500000         5015         2.00
  277086.207     0.550000         5516         2.22
  309854.207     0.600000         6014         2.50
  352845.823     0.650000         6514         2.86
  391643.135     0.700000         7016         3.33
  440401.919     0.750000         7516         4.00
  465305.599     0.775000         7769         4.44
  492830.719     0.800000         8020         5.00
  519569.407     0.825000         8268         5.71
  551550.975     0.850000         8519         6.67
  591396.863     0.875000         8773         8.00
  617611.263     0.887500         8895         8.89
  642777.087     0.900000         9021        10.00
  668991.487     0.912500         9145        11.43
  696778.751     0.925000         9272        13.33
  743964.671     0.937500         9397        16.00
  764411.903     0.943750         9458        17.78
  793247.743     0.950000         9520        20.00
  828375.039     0.956250         9583        22.86
  859832.319     0.962500         9646        26.67
  918552.575     0.968750         9708        32.00
  951582.719     0.971875         9740        35.56
  970981.375     0.975000         9771        40.00
  990904.319     0.978125         9802        45.71
 1021837.311     0.981250         9834        53.33
 1058013.183     0.984375         9865        64.00
 1074790.399     0.985938         9881        71.11
 1093664.767     0.987500         9897        80.00
 1114636.287     0.989062         9912        91.43
 1149239.295     0.990625         9928       106.67
 1175453.695     0.992188         9943       128.00
 1192230.911     0.992969         9951       142.22
 1224736.767     0.993750         9959       160.00
 1282408.447     0.994531         9967       182.86
 1314914.303     0.995313         9975       213.33
 1327497.215     0.996094         9982       256.00
 1341128.703     0.996484         9987       284.44
 1351614.463     0.996875         9990       320.00
 1366294.527     0.997266         9995       365.71
 1384120.319     0.997656         9998       426.67
 1404043.263     0.998047        10002       512.00
 1417674.751     0.998242        10004       568.89
 1435500.543     0.998437        10006       640.00
 1445986.303     0.998633        10008       731.43
 1451229.183     0.998828        10010       853.33
 1469054.975     0.999023        10012      1024.00
 1498415.103     0.999121        10013      1137.78
 1506803.711     0.999219        10014      1280.00
 1518338.047     0.999316        10015      1462.86
 1540358.143     0.999414        10016      1706.67
 1541406.719     0.999512        10017      2048.00
 1541406.719     0.999561        10017      2275.56
 1557135.359     0.999609        10018      2560.00
 1557135.359     0.999658        10018      2925.71
 1570766.847     0.999707        10019      3413.33
 1570766.847     0.999756        10019      4096.00
 1570766.847     0.999780        10019      4551.11
 1619001.343     0.999805        10020      5120.00
 1619001.343     0.999829        10020      5851.43
 1619001.343     0.999854        10020      6826.67
 1619001.343     0.999878        10020      8192.00
 1619001.343     0.999890        10020      9102.22
 1658847.231     0.999902        10021     10240.00
 1658847.231     1.000000        10021          inf
#[Mean    =   292741.740, StdDeviation   =   263438.499]
#[Max     =  1657798.656, Total count    =        10021]
#[Buckets =           27, SubBuckets     =         2048]
----------------------------------------------------------
  10109 requests in 30.01m, 4.69MB read
  Socket errors: connect 0, read 1, write 4994, timeout 881395
Requests/sec:      5.61
Transfer/sec:      2.67KB
