Running 60m test @ http://51.140.51.51:60/wrk2-api/home-timeline/read
  2 threads and 1000 connections
  Thread calibration: mean lat.: 3276.594ms, rate sampling interval: 12828ms
  Thread calibration: mean lat.: 3171.001ms, rate sampling interval: 12738ms
  Thread Stats   Avg      Stdev     99%   +/- Stdev
    Latency    19.98m    12.25m   47.92m    72.30%
    Req/Sec   111.65     62.07   282.00     81.79%
  Latency Distribution (HdrHistogram - Recorded Latency)
 50.000%   16.73m 
 75.000%   29.60m 
 90.000%   38.66m 
 99.000%   47.92m 
 99.900%   50.79m 
 99.990%   52.08m 
 99.999%   52.50m 
100.000%   52.71m 

  Detailed Percentile spectrum:
       Value   Percentile   TotalCount 1/(1-Percentile)

    4755.455     0.000000            1         1.00
  507248.639     0.100000        80497         1.11
  556793.855     0.200000       162240         1.25
  589823.999     0.300000       242117         1.43
  673185.791     0.400000       322033         1.67
 1004011.519     0.500000       402450         2.00
 1166016.511     0.550000       442706         2.22
 1325400.063     0.600000       483115         2.50
 1475346.431     0.650000       523276         2.86
 1626341.375     0.700000       563584         3.33
 1776287.743     0.750000       603708         4.00
 1855979.519     0.775000       623783         4.44
 1938817.023     0.800000       644085         5.00
 2023751.679     0.825000       664004         5.71
 2114977.791     0.850000       684317         6.67
 2214592.511     0.875000       704653         8.00
 2264924.159     0.887500       714334         8.89
 2319450.111     0.900000       724637        10.00
 2371878.911     0.912500       734438        11.43
 2428502.015     0.925000       744535        13.33
 2487222.271     0.937500       754649        16.00
 2518679.551     0.943750       759717        17.78
 2552233.983     0.950000       764895        20.00
 2585788.415     0.956250       769636        22.86
 2627731.455     0.962500       774789        26.67
 2671771.647     0.968750       779700        32.00
 2699034.623     0.971875       782420        35.56
 2724200.447     0.975000       784903        40.00
 2751463.423     0.978125       787347        45.71
 2782920.703     0.981250       789897        53.33
 2814377.983     0.984375       792395        64.00
 2831155.199     0.985938       793656        71.11
 2847932.415     0.987500       794886        80.00
 2864709.631     0.989062       796095        91.43
 2881486.847     0.990625       797365       106.67
 2900361.215     0.992188       798622       128.00
 2910846.975     0.992969       799255       142.22
 2921332.735     0.993750       799884       160.00
 2933915.647     0.994531       800550       182.86
 2946498.559     0.995313       801094       213.33
 2963275.775     0.996094       801752       256.00
 2971664.383     0.996484       802066       284.44
 2980052.991     0.996875       802368       320.00
 2988441.599     0.997266       802667       365.71
 2998927.359     0.997656       802979       426.67
 3011510.271     0.998047       803339       512.00
 3015704.575     0.998242       803432       568.89
 3024093.183     0.998437       803623       640.00
 3032481.791     0.998633       803785       731.43
 3038773.247     0.998828       803927       853.33
 3047161.855     0.999023       804075      1024.00
 3051356.159     0.999121       804144      1137.78
 3057647.615     0.999219       804240      1280.00
 3063939.071     0.999316       804318      1462.86
 3068133.375     0.999414       804381      1706.67
 3076521.983     0.999512       804464      2048.00
 3080716.287     0.999561       804506      2275.56
 3084910.591     0.999609       804536      2560.00
 3089104.895     0.999658       804573      2925.71
 3095396.351     0.999707       804621      3413.33
 3099590.655     0.999756       804655      4096.00
 3103784.959     0.999780       804675      4551.11
 3107979.263     0.999805       804696      5120.00
 3110076.415     0.999829       804710      5851.43
 3116367.871     0.999854       804731      6826.67
 3120562.175     0.999878       804754      8192.00
 3122659.327     0.999890       804765      9102.22
 3124756.479     0.999902       804772     10240.00
 3126853.631     0.999915       804780     11702.86
 3128950.783     0.999927       804788     13653.33
 3131047.935     0.999939       804797     16384.00
 3133145.087     0.999945       804802     18204.44
 3137339.391     0.999951       804815     20480.00
 3137339.391     0.999957       804815     23405.71
 3139436.543     0.999963       804822     27306.67
 3139436.543     0.999969       804822     32768.00
 3141533.695     0.999973       804826     36408.89
 3143630.847     0.999976       804830     40960.00
 3143630.847     0.999979       804830     46811.43
 3147825.151     0.999982       804834     54613.33
 3147825.151     0.999985       804834     65536.00
 3149922.303     0.999986       804838     72817.78
 3149922.303     0.999988       804838     81920.00
 3149922.303     0.999989       804838     93622.86
 3152019.455     0.999991       804842    109226.67
 3152019.455     0.999992       804842    131072.00
 3152019.455     0.999993       804842    145635.56
 3152019.455     0.999994       804842    163840.00
 3152019.455     0.999995       804842    187245.71
 3154116.607     0.999995       804845    218453.33
 3154116.607     0.999996       804845    262144.00
 3154116.607     0.999997       804845    291271.11
 3154116.607     0.999997       804845    327680.00
 3154116.607     0.999997       804845    374491.43
 3154116.607     0.999998       804845    436906.67
 3154116.607     0.999998       804845    524288.00
 3154116.607     0.999998       804845    582542.22
 3154116.607     0.999998       804845    655360.00
 3154116.607     0.999999       804845    748982.86
 3162505.215     0.999999       804846    873813.33
 3162505.215     1.000000       804846          inf
#[Mean    =  1198566.301, StdDeviation   =   734700.038]
#[Max     =  3160408.064, Total count    =       804846]
#[Buckets =           27, SubBuckets     =         2048]
----------------------------------------------------------
  806904 requests in 60.00m, 7.33GB read
  Socket errors: connect 0, read 22909, write 129170, timeout 269311
  Non-2xx or 3xx responses: 217998
Requests/sec:    224.14
Transfer/sec:      2.09MB
