Running 60m test @ http://20.108.51.89:60/wrk2-api/home-timeline/read
  2 threads and 1000 connections
  Thread calibration: mean lat.: 1247.306ms, rate sampling interval: 5758ms
  Thread calibration: mean lat.: 1214.288ms, rate sampling interval: 5603ms
  Thread Stats   Avg      Stdev     99%   +/- Stdev
    Latency    21.30m     9.85m   38.62m    62.83%
    Req/Sec   185.18     41.79   249.00     72.92%
  Latency Distribution (HdrHistogram - Recorded Latency)
 50.000%   21.60m 
 75.000%   29.45m 
 90.000%   34.38m 
 99.000%   38.62m 
 99.900%   40.23m 
 99.990%   41.24m 
 99.999%   41.84m 
100.000%   42.19m 

  Detailed Percentile spectrum:
       Value   Percentile   TotalCount 1/(1-Percentile)

     173.951     0.000000            1         1.00
  457441.279     0.100000       133361         1.11
  731381.759     0.200000       266760         1.25
  916455.423     0.300000       400236         1.43
 1108344.831     0.400000       533351         1.67
 1296039.935     0.500000       667121         2.00
 1390411.775     0.550000       733571         2.22
 1484783.615     0.600000       800094         2.50
 1579155.455     0.650000       867077         2.86
 1672478.719     0.700000       933316         3.33
 1766850.559     0.750000       999885         4.00
 1814036.479     0.775000      1033122         4.44
 1863319.551     0.800000      1067007         5.00
 1911554.047     0.825000      1100096         5.71
 1961885.695     0.850000      1133542         6.67
 2012217.343     0.875000      1166952         8.00
 2037383.167     0.887500      1183619         8.89
 2062548.991     0.900000      1200306        10.00
 2088763.391     0.912500      1216644        11.43
 2117074.943     0.925000      1233330        13.33
 2146435.071     0.937500      1250160        16.00
 2162163.711     0.943750      1258842        17.78
 2176843.775     0.950000      1266510        20.00
 2193620.991     0.956250      1274891        22.86
 2212495.359     0.962500      1283617        26.67
 2231369.727     0.968750      1292003        32.00
 2241855.487     0.971875      1296226        35.56
 2252341.247     0.975000      1300265        40.00
 2262827.007     0.978125      1303977        45.71
 2275409.919     0.981250      1308106        53.33
 2290089.983     0.984375      1312765        64.00
 2296381.439     0.985938      1314596        71.11
 2304770.047     0.987500      1316747        80.00
 2313158.655     0.989062      1318819        91.43
 2321547.263     0.990625      1320574       106.67
 2332033.023     0.992188      1322569       128.00
 2338324.479     0.992969      1323714       142.22
 2344615.935     0.993750      1324764       160.00
 2350907.391     0.994531      1325803       182.86
 2359295.999     0.995313      1326934       213.33
 2367684.607     0.996094      1327984       256.00
 2371878.911     0.996484      1328441       284.44
 2376073.215     0.996875      1328869       320.00
 2382364.671     0.997266      1329430       365.71
 2388656.127     0.997656      1329941       426.67
 2394947.583     0.998047      1330438       512.00
 2399141.887     0.998242      1330764       568.89
 2401239.039     0.998437      1330929       640.00
 2405433.343     0.998633      1331180       731.43
 2409627.647     0.998828      1331428       853.33
 2415919.103     0.999023      1331750      1024.00
 2418016.255     0.999121      1331826      1137.78
 2422210.559     0.999219      1331992      1280.00
 2424307.711     0.999316      1332065      1462.86
 2428502.015     0.999414      1332207      1706.67
 2432696.319     0.999512      1332331      2048.00
 2434793.471     0.999561      1332384      2275.56
 2436890.623     0.999609      1332448      2560.00
 2441084.927     0.999658      1332532      2925.71
 2445279.231     0.999707      1332593      3413.33
 2449473.535     0.999756      1332647      4096.00
 2453667.839     0.999780      1332688      4551.11
 2457862.143     0.999805      1332722      5120.00
 2459959.295     0.999829      1332744      5851.43
 2464153.599     0.999854      1332782      6826.67
 2468347.903     0.999878      1332810      8192.00
 2472542.207     0.999890      1332830      9102.22
 2474639.359     0.999902      1332845     10240.00
 2476736.511     0.999915      1332852     11702.86
 2480930.815     0.999927      1332880     13653.33
 2483027.967     0.999939      1332885     16384.00
 2485125.119     0.999945      1332894     18204.44
 2487222.271     0.999951      1332903     20480.00
 2489319.423     0.999957      1332911     23405.71
 2491416.575     0.999963      1332917     27306.67
 2495610.879     0.999969      1332925     32768.00
 2497708.031     0.999973      1332939     36408.89
 2497708.031     0.999976      1332939     40960.00
 2497708.031     0.999979      1332939     46811.43
 2499805.183     0.999982      1332945     54613.33
 2499805.183     0.999985      1332945     65536.00
 2501902.335     0.999986      1332947     72817.78
 2508193.791     0.999988      1332951     81920.00
 2508193.791     0.999989      1332951     93622.86
 2510290.943     0.999991      1332953    109226.67
 2514485.247     0.999992      1332955    131072.00
 2518679.551     0.999993      1332956    145635.56
 2520776.703     0.999994      1332959    163840.00
 2520776.703     0.999995      1332959    187245.71
 2520776.703     0.999995      1332959    218453.33
 2522873.855     0.999996      1332960    262144.00
 2527068.159     0.999997      1332961    291271.11
 2527068.159     0.999997      1332961    327680.00
 2529165.311     0.999997      1332964    374491.43
 2529165.311     0.999998      1332964    436906.67
 2529165.311     0.999998      1332964    524288.00
 2529165.311     0.999998      1332964    582542.22
 2529165.311     0.999998      1332964    655360.00
 2529165.311     0.999999      1332964    748982.86
 2529165.311     0.999999      1332964    873813.33
 2529165.311     0.999999      1332964   1048576.00
 2529165.311     0.999999      1332964   1165084.44
 2529165.311     0.999999      1332964   1310720.00
 2531262.463     0.999999      1332965   1497965.71
 2531262.463     1.000000      1332965          inf
#[Mean    =  1278021.577, StdDeviation   =   591071.212]
#[Max     =  2529165.312, Total count    =      1332965]
#[Buckets =           27, SubBuckets     =         2048]
----------------------------------------------------------
  1338692 requests in 60.00m, 16.77GB read
  Socket errors: connect 0, read 598, write 3540, timeout 243692
  Non-2xx or 3xx responses: 61361
Requests/sec:    371.86
Transfer/sec:      4.77MB
