Running 60m test @ http://20.108.51.89:60/wrk2-api/post/compose
  2 threads and 1000 connections
  Thread calibration: mean lat.: 3199.733ms, rate sampling interval: 13041ms
  Thread calibration: mean lat.: 3124.092ms, rate sampling interval: 14172ms
  Thread Stats   Avg      Stdev     99%   +/- Stdev
    Latency    20.00m     9.92m   38.10m    61.11%
    Req/Sec   179.63     46.09   309.00     73.48%
  Latency Distribution (HdrHistogram - Recorded Latency)
 50.000%   20.24m 
 75.000%   28.22m 
 90.000%   33.50m 
 99.000%   38.10m 
 99.900%   40.16m 
 99.990%   41.52m 
 99.999%   42.19m 
100.000%   42.43m 

  Detailed Percentile spectrum:
       Value   Percentile   TotalCount 1/(1-Percentile)

     282.879     0.000000            1         1.00
  393478.143     0.100000       129372         1.11
  629145.599     0.200000       258870         1.25
  812122.111     0.300000       388076         1.43
 1005060.095     0.400000       517546         1.67
 1214251.007     0.500000       647168         2.00
 1304428.543     0.550000       712053         2.22
 1393557.503     0.600000       776561         2.50
 1485832.191     0.650000       841297         2.86
 1586495.487     0.700000       906034         3.33
 1693450.239     0.750000       970643         4.00
 1745879.039     0.775000      1002932         4.44
 1796210.687     0.800000      1034871         5.00
 1847590.911     0.825000      1067465         5.71
 1898971.135     0.850000      1099661         6.67
 1953497.087     0.875000      1132251         8.00
 1981808.639     0.887500      1148344         8.89
 2010120.191     0.900000      1164182        10.00
 2040528.895     0.912500      1180723        11.43
 2070937.599     0.925000      1196623        13.33
 2103443.455     0.937500      1213009        16.00
 2120220.671     0.943750      1220984        17.78
 2136997.887     0.950000      1228816        20.00
 2155872.255     0.956250      1236968        22.86
 2176843.775     0.962500      1245489        26.67
 2195718.143     0.968750      1253117        32.00
 2206203.903     0.971875      1257248        35.56
 2218786.815     0.975000      1261723        40.00
 2229272.575     0.978125      1265347        45.71
 2241855.487     0.981250      1269389        53.33
 2254438.399     0.984375      1273272        64.00
 2262827.007     0.985938      1275578        71.11
 2271215.615     0.987500      1277556        80.00
 2281701.375     0.989062      1279667        91.43
 2290089.983     0.990625      1281342       106.67
 2302672.895     0.992188      1283484       128.00
 2308964.351     0.992969      1284455       142.22
 2315255.807     0.993750      1285366       160.00
 2323644.415     0.994531      1286475       182.86
 2332033.023     0.995313      1287510       213.33
 2342518.783     0.996094      1288561       256.00
 2346713.087     0.996484      1288919       284.44
 2353004.543     0.996875      1289459       320.00
 2359295.999     0.997266      1289883       365.71
 2367684.607     0.997656      1290421       426.67
 2378170.367     0.998047      1290986       512.00
 2382364.671     0.998242      1291168       568.89
 2388656.127     0.998437      1291413       640.00
 2394947.583     0.998633      1291661       731.43
 2403336.191     0.998828      1291984       853.33
 2409627.647     0.999023      1292168      1024.00
 2415919.103     0.999121      1292329      1137.78
 2420113.407     0.999219      1292413      1280.00
 2426404.863     0.999316      1292559      1462.86
 2432696.319     0.999414      1292680      1706.67
 2438987.775     0.999512      1292789      2048.00
 2443182.079     0.999561      1292863      2275.56
 2447376.383     0.999609      1292921      2560.00
 2451570.687     0.999658      1292982      2925.71
 2457862.143     0.999707      1293058      3413.33
 2464153.599     0.999756      1293120      4096.00
 2466250.751     0.999780      1293139      4551.11
 2470445.055     0.999805      1293169      5120.00
 2474639.359     0.999829      1293196      5851.43
 2478833.663     0.999854      1293223      6826.67
 2485125.119     0.999878      1293256      8192.00
 2489319.423     0.999890      1293278      9102.22
 2491416.575     0.999902      1293293     10240.00
 2495610.879     0.999915      1293316     11702.86
 2497708.031     0.999927      1293324     13653.33
 2499805.183     0.999939      1293335     16384.00
 2501902.335     0.999945      1293343     18204.44
 2506096.639     0.999951      1293354     20480.00
 2508193.791     0.999957      1293359     23405.71
 2512388.095     0.999963      1293368     27306.67
 2514485.247     0.999969      1293375     32768.00
 2516582.399     0.999973      1293380     36408.89
 2518679.551     0.999976      1293382     40960.00
 2520776.703     0.999979      1293385     46811.43
 2524971.007     0.999982      1293391     54613.33
 2529165.311     0.999985      1293393     65536.00
 2531262.463     0.999986      1293399     72817.78
 2531262.463     0.999988      1293399     81920.00
 2531262.463     0.999989      1293399     93622.86
 2533359.615     0.999991      1293404    109226.67
 2533359.615     0.999992      1293404    131072.00
 2533359.615     0.999993      1293404    145635.56
 2535456.767     0.999994      1293406    163840.00
 2535456.767     0.999995      1293406    187245.71
 2537553.919     0.999995      1293407    218453.33
 2539651.071     0.999996      1293408    262144.00
 2539651.071     0.999997      1293408    291271.11
 2541748.223     0.999997      1293409    327680.00
 2541748.223     0.999997      1293409    374491.43
 2543845.375     0.999998      1293410    436906.67
 2543845.375     0.999998      1293410    524288.00
 2543845.375     0.999998      1293410    582542.22
 2545942.527     0.999998      1293412    655360.00
 2545942.527     1.000000      1293412          inf
#[Mean    =  1199962.897, StdDeviation   =   595441.187]
#[Max     =  2543845.376, Total count    =      1293412]
#[Buckets =           27, SubBuckets     =         2048]
----------------------------------------------------------
  1295317 requests in 60.00m, 254.98MB read
  Socket errors: connect 0, read 143, write 2913, timeout 721758
  Non-2xx or 3xx responses: 93244
Requests/sec:    359.81
Transfer/sec:     72.53KB
