Running 60m test @ http://51.140.13.149:60
  2 threads and 1000 connections
  Thread calibration: mean lat.: 4483.641ms, rate sampling interval: 14442ms
  Thread calibration: mean lat.: 4379.476ms, rate sampling interval: 14376ms
  Thread Stats   Avg      Stdev     99%   +/- Stdev
    Latency    23.24m    11.52m   44.39m    60.80%
    Req/Sec   278.63     52.22   377.00     78.27%
  Latency Distribution (HdrHistogram - Recorded Latency)
 50.000%   23.40m 
 75.000%   32.82m 
 90.000%   38.80m 
 99.000%   44.39m 
 99.900%   47.12m 
 99.990%   48.72m 
 99.999%   49.21m 
100.000%   49.67m 

  Detailed Percentile spectrum:
       Value   Percentile   TotalCount 1/(1-Percentile)

    3549.183     0.000000            1         1.00
  464257.023     0.100000       200376         1.11
  717750.271     0.200000       400750         1.25
  944766.975     0.300000       601502         1.43
 1179647.999     0.400000       801636         1.67
 1404043.263     0.500000      1002201         2.00
 1516240.895     0.550000      1102432         2.22
 1624244.223     0.600000      1202373         2.50
 1733296.127     0.650000      1303322         2.86
 1851785.215     0.700000      1402561         3.33
 1969225.727     0.750000      1502827         4.00
 2025848.831     0.775000      1553345         4.44
 2086666.239     0.800000      1603684         5.00
 2140143.615     0.825000      1653382         5.71
 2204106.751     0.850000      1704722         6.67
 2267021.311     0.875000      1754893         8.00
 2294284.287     0.887500      1778879         8.89
 2327838.719     0.900000      1804455        10.00
 2363490.303     0.912500      1829858        11.43
 2397044.735     0.925000      1853821        13.33
 2432696.319     0.937500      1878861        16.00
 2451570.687     0.943750      1891591        17.78
 2472542.207     0.950000      1904355        20.00
 2497708.031     0.956250      1916824        22.86
 2520776.703     0.962500      1929301        26.67
 2541748.223     0.968750      1941215        32.00
 2556428.287     0.971875      1947982        35.56
 2569011.199     0.975000      1953956        40.00
 2583691.263     0.978125      1960083        45.71
 2600468.479     0.981250      1966328        53.33
 2619342.847     0.984375      1972759        64.00
 2629828.607     0.985938      1975847        71.11
 2642411.519     0.987500      1978918        80.00
 2654994.431     0.989062      1982051        91.43
 2669674.495     0.990625      1985200       106.67
 2686451.711     0.992188      1988210       128.00
 2696937.471     0.992969      1989748       142.22
 2705326.079     0.993750      1991279       160.00
 2711617.535     0.994531      1992737       182.86
 2724200.447     0.995313      1994516       213.33
 2738880.511     0.996094      1995919       256.00
 2747269.119     0.996484      1996797       284.44
 2755657.727     0.996875      1997465       320.00
 2764046.335     0.997266      1998180       365.71
 2776629.247     0.997656      1999050       426.67
 2789212.159     0.998047      1999882       512.00
 2793406.463     0.998242      2000146       568.89
 2801795.071     0.998437      2000606       640.00
 2810183.679     0.998633      2000924       731.43
 2818572.287     0.998828      2001333       853.33
 2826960.895     0.999023      2001733      1024.00
 2831155.199     0.999121      2001902      1137.78
 2837446.655     0.999219      2002121      1280.00
 2843738.111     0.999316      2002330      1462.86
 2850029.567     0.999414      2002517      1706.67
 2856321.023     0.999512      2002709      2048.00
 2860515.327     0.999561      2002788      2275.56
 2864709.631     0.999609      2002872      2560.00
 2873098.239     0.999658      2002992      2925.71
 2877292.543     0.999707      2003069      3413.33
 2883583.999     0.999756      2003201      4096.00
 2885681.151     0.999780      2003245      4551.11
 2887778.303     0.999805      2003288      5120.00
 2889875.455     0.999829      2003322      5851.43
 2898264.063     0.999854      2003370      6826.67
 2908749.823     0.999878      2003412      8192.00
 2912944.127     0.999890      2003433      9102.22
 2927624.191     0.999902      2003471     10240.00
 2929721.343     0.999915      2003484     11702.86
 2942304.255     0.999927      2003512     13653.33
 2946498.559     0.999939      2003540     16384.00
 2948595.711     0.999945      2003570     18204.44
 2948595.711     0.999951      2003570     20480.00
 2948595.711     0.999957      2003570     23405.71
 2950692.863     0.999963      2003595     27306.67
 2950692.863     0.999969      2003595     32768.00
 2952790.015     0.999973      2003640     36408.89
 2952790.015     0.999976      2003640     40960.00
 2952790.015     0.999979      2003640     46811.43
 2952790.015     0.999982      2003640     54613.33
 2952790.015     0.999985      2003640     65536.00
 2952790.015     0.999986      2003640     72817.78
 2952790.015     0.999988      2003640     81920.00
 2952790.015     0.999989      2003640     93622.86
 2952790.015     0.999991      2003640    109226.67
 2952790.015     0.999992      2003640    131072.00
 2952790.015     0.999993      2003640    145635.56
 2952790.015     0.999994      2003640    163840.00
 2954887.167     0.999995      2003642    187245.71
 2954887.167     0.999995      2003642    218453.33
 2971664.383     0.999996      2003648    262144.00
 2971664.383     0.999997      2003648    291271.11
 2971664.383     0.999997      2003648    327680.00
 2971664.383     0.999997      2003648    374491.43
 2971664.383     0.999998      2003648    436906.67
 2971664.383     0.999998      2003648    524288.00
 2971664.383     0.999998      2003648    582542.22
 2971664.383     0.999998      2003648    655360.00
 2973761.535     0.999999      2003650    748982.86
 2973761.535     0.999999      2003650    873813.33
 2973761.535     0.999999      2003650   1048576.00
 2973761.535     0.999999      2003650   1165084.44
 2973761.535     0.999999      2003650   1310720.00
 2973761.535     0.999999      2003650   1497965.71
 2973761.535     0.999999      2003650   1747626.67
 2980052.991     1.000000      2003651   2097152.00
 2980052.991     1.000000      2003651          inf
#[Mean    =  1394457.927, StdDeviation   =   691175.474]
#[Max     =  2977955.840, Total count    =      2003651]
#[Buckets =           27, SubBuckets     =         2048]
----------------------------------------------------------
  2006202 requests in 60.00m, 0.89GB read
  Socket errors: connect 0, read 52, write 314, timeout 33018
  Non-2xx or 3xx responses: 146647
Requests/sec:    557.28
Transfer/sec:    260.14KB
