Running 30m test @ http://20.117.90.64:60
  2 threads and 1000 connections
  Thread calibration: mean lat.: 2836.763ms, rate sampling interval: 10780ms
  Thread calibration: mean lat.: 2797.996ms, rate sampling interval: 10797ms
  Thread Stats   Avg      Stdev     99%   +/- Stdev
    Latency     8.93m     5.11m   17.74m    57.88%
    Req/Sec   406.59     19.27   430.00     86.67%
  Latency Distribution (HdrHistogram - Recorded Latency)
 50.000%    8.93m 
 75.000%   13.33m 
 90.000%   15.98m 
 99.000%   17.74m 
 99.900%   18.30m 
 99.990%   18.66m 
 99.999%   19.07m 
100.000%   19.12m 

  Detailed Percentile spectrum:
       Value   Percentile   TotalCount 1/(1-Percentile)

     374.015     0.000000            1         1.00
  109838.335     0.100000       145741         1.11
  217448.447     0.200000       291530         1.25
  325320.703     0.300000       437094         1.43
  430964.735     0.400000       582911         1.67
  536084.479     0.500000       728508         2.00
  588251.135     0.550000       801723         2.22
  640679.935     0.600000       874831         2.50
  694157.311     0.650000       947693         2.86
  746586.111     0.700000      1019830         3.33
  800063.487     0.750000      1092817         4.00
  827326.463     0.775000      1129564         4.44
  853540.863     0.800000      1166135         5.00
  879755.263     0.825000      1202130         5.71
  906493.951     0.850000      1238765         6.67
  932708.351     0.875000      1275206         8.00
  945815.551     0.887500      1293364         8.89
  958922.751     0.900000      1311662        10.00
  972029.951     0.912500      1329439        11.43
  985661.439     0.925000      1347811        13.33
  999292.927     0.937500      1366102        16.00
 1006108.671     0.943750      1375340        17.78
 1012924.415     0.950000      1384427        20.00
 1019740.159     0.956250      1393727        22.86
 1026031.615     0.962500      1402323        26.67
 1033371.647     0.968750      1411705        32.00
 1037041.663     0.971875      1416101        35.56
 1041235.967     0.975000      1420973        40.00
 1045430.271     0.978125      1425504        45.71
 1049624.575     0.981250      1429801        53.33
 1054343.167     0.984375      1434389        64.00
 1056964.607     0.985938      1436773        71.11
 1059586.047     0.987500      1438939        80.00
 1062207.487     0.989062      1440969        91.43
 1065353.215     0.990625      1443335       106.67
 1069023.231     0.992188      1445736       128.00
 1070596.095     0.992969      1446686       142.22
 1072693.247     0.993750      1447800       160.00
 1075838.975     0.994531      1449383       182.86
 1077936.127     0.995313      1450280       213.33
 1081081.855     0.996094      1451499       256.00
 1082130.431     0.996484      1451860       284.44
 1084227.583     0.996875      1452544       320.00
 1086324.735     0.997266      1453175       365.71
 1087373.311     0.997656      1453491       426.67
 1090519.039     0.998047      1454274       512.00
 1091567.615     0.998242      1454493       568.89
 1092616.191     0.998437      1454675       640.00
 1094713.343     0.998633      1455018       731.43
 1096810.495     0.998828      1455366       853.33
 1097859.071     0.999023      1455506      1024.00
 1098907.647     0.999121      1455641      1137.78
 1099956.223     0.999219      1455753      1280.00
 1102053.375     0.999316      1455946      1462.86
 1104150.527     0.999414      1456114      1706.67
 1105199.103     0.999512      1456202      2048.00
 1106247.679     0.999561      1456285      2275.56
 1107296.255     0.999609      1456358      2560.00
 1108344.831     0.999658      1456431      2925.71
 1109393.407     0.999707      1456478      3413.33
 1111490.559     0.999756      1456548      4096.00
 1112539.135     0.999780      1456582      4551.11
 1113587.711     0.999805      1456612      5120.00
 1114636.287     0.999829      1456640      5851.43
 1116733.439     0.999854      1456687      6826.67
 1118830.591     0.999878      1456722      8192.00
 1119879.167     0.999890      1456744      9102.22
 1120927.743     0.999902      1456776     10240.00
 1120927.743     0.999915      1456776     11702.86
 1121976.319     0.999927      1456792     13653.33
 1123024.895     0.999939      1456815     16384.00
 1123024.895     0.999945      1456815     18204.44
 1124073.471     0.999951      1456823     20480.00
 1125122.047     0.999957      1456828     23405.71
 1126170.623     0.999963      1456834     27306.67
 1128267.775     0.999969      1456846     32768.00
 1129316.351     0.999973      1456849     36408.89
 1130364.927     0.999976      1456852     40960.00
 1131413.503     0.999979      1456857     46811.43
 1134559.231     0.999982      1456861     54613.33
 1136656.383     0.999985      1456866     65536.00
 1138753.535     0.999986      1456868     72817.78
 1140850.687     0.999988      1456871     81920.00
 1143996.415     0.999989      1456873     93622.86
 1145044.991     0.999991      1456874    109226.67
 1146093.567     0.999992      1456880    131072.00
 1146093.567     0.999993      1456880    145635.56
 1146093.567     0.999994      1456880    163840.00
 1146093.567     0.999995      1456880    187245.71
 1147142.143     0.999995      1456887    218453.33
 1147142.143     1.000000      1456887          inf
#[Mean    =   535675.781, StdDeviation   =   306403.742]
#[Max     =  1146093.568, Total count    =      1456887]
#[Buckets =           27, SubBuckets     =         2048]
----------------------------------------------------------
  1463848 requests in 30.00m, 682.22MB read
  Socket errors: connect 0, read 25, write 220, timeout 16267
  Non-2xx or 3xx responses: 1
Requests/sec:    813.25
Transfer/sec:    388.10KB
