Running 60m test @ http://20.108.189.67:60
  2 threads and 1000 connections
  Thread calibration: mean lat.: 3129.689ms, rate sampling interval: 11706ms
  Thread calibration: mean lat.: 3101.972ms, rate sampling interval: 11509ms
  Thread Stats   Avg      Stdev     99%   +/- Stdev
    Latency    13.97m     5.94m   25.25m    64.55%
    Req/Sec   611.81    114.80   711.00     84.60%
  Latency Distribution (HdrHistogram - Recorded Latency)
 50.000%   14.20m 
 75.000%   18.63m 
 90.000%   21.71m 
 99.000%   25.25m 
 99.900%   27.42m 
 99.990%   29.33m 
 99.999%   30.69m 
100.000%   31.11m 

  Detailed Percentile spectrum:
       Value   Percentile   TotalCount 1/(1-Percentile)

     168.191     0.000000            1         1.00
  360710.143     0.100000       440030         1.11
  516685.823     0.200000       880086         1.25
  637534.207     0.300000      1320127         1.43
  748683.263     0.400000      1759394         1.67
  851967.999     0.500000      2199090         2.00
  904396.799     0.550000      2418660         2.22
  955777.023     0.600000      2639702         2.50
 1007681.535     0.650000      2859799         2.86
 1062731.775     0.700000      3078558         3.33
 1117782.015     0.750000      3300335         4.00
 1146093.567     0.775000      3409303         4.44
 1174405.119     0.800000      3519554         5.00
 1201668.095     0.825000      3627854         5.71
 1232076.799     0.850000      3738108         6.67
 1265631.231     0.875000      3850217         8.00
 1283457.023     0.887500      3903842         8.89
 1302331.391     0.900000      3960402        10.00
 1320157.183     0.912500      4013053        11.43
 1340080.127     0.925000      4067450        13.33
 1363148.799     0.937500      4124459        16.00
 1373634.559     0.943750      4150050        17.78
 1386217.471     0.950000      4177712        20.00
 1399848.959     0.956250      4205707        22.86
 1414529.023     0.962500      4232239        26.67
 1431306.239     0.968750      4259974        32.00
 1440743.423     0.971875      4273912        35.56
 1451229.183     0.975000      4287904        40.00
 1462763.519     0.978125      4301609        45.71
 1475346.431     0.981250      4315622        53.33
 1487929.343     0.984375      4328442        64.00
 1495269.375     0.985938      4335908        71.11
 1502609.407     0.987500      4342677        80.00
 1509949.439     0.989062      4348964        91.43
 1519386.623     0.990625      4356094       106.67
 1529872.383     0.992188      4362744       128.00
 1536163.839     0.992969      4366370       142.22
 1543503.871     0.993750      4369910       160.00
 1550843.903     0.994531      4373360       182.86
 1558183.935     0.995313      4376480       213.33
 1568669.695     0.996094      4380036       256.00
 1572863.999     0.996484      4381542       284.44
 1579155.455     0.996875      4383326       320.00
 1585446.911     0.997266      4385131       365.71
 1593835.519     0.997656      4386782       426.67
 1605369.855     0.998047      4388400       512.00
 1612709.887     0.998242      4389353       568.89
 1619001.343     0.998437      4390142       640.00
 1625292.799     0.998633      4390975       731.43
 1636827.135     0.998828      4391907       853.33
 1647312.895     0.999023      4392774      1024.00
 1651507.199     0.999121      4393147      1137.78
 1656750.079     0.999219      4393565      1280.00
 1666187.263     0.999316      4394034      1462.86
 1673527.295     0.999414      4394450      1706.67
 1684013.055     0.999512      4394833      2048.00
 1691353.087     0.999561      4395052      2275.56
 1699741.695     0.999609      4395269      2560.00
 1712324.607     0.999658      4395492      2925.71
 1719664.639     0.999707      4395695      3413.33
 1727004.671     0.999756      4395929      4096.00
 1730150.399     0.999780      4396093      4551.11
 1731198.975     0.999805      4396142      5120.00
 1734344.703     0.999829      4396246      5851.43
 1739587.583     0.999854      4396341      6826.67
 1747976.191     0.999878      4396444      8192.00
 1754267.647     0.999890      4396499      9102.22
 1760559.103     0.999902      4396564     10240.00
 1769996.287     0.999915      4396609     11702.86
 1780482.047     0.999927      4396660     13653.33
 1788870.655     0.999939      4396727     16384.00
 1790967.807     0.999945      4396746     18204.44
 1796210.687     0.999951      4396768     20480.00
 1802502.143     0.999957      4396793     23405.71
 1807745.023     0.999963      4396823     27306.67
 1811939.327     0.999969      4396845     32768.00
 1816133.631     0.999973      4396859     36408.89
 1820327.935     0.999976      4396872     40960.00
 1825570.815     0.999979      4396901     46811.43
 1825570.815     0.999982      4396901     54613.33
 1831862.271     0.999985      4396917     65536.00
 1833959.423     0.999986      4396921     72817.78
 1836056.575     0.999988      4396926     81920.00
 1840250.879     0.999989      4396934     93622.86
 1843396.607     0.999991      4396939    109226.67
 1848639.487     0.999992      4396946    131072.00
 1852833.791     0.999993      4396949    145635.56
 1853882.367     0.999994      4396953    163840.00
 1854930.943     0.999995      4396957    187245.71
 1859125.247     0.999995      4396959    218453.33
 1862270.975     0.999996      4396964    262144.00
 1862270.975     0.999997      4396964    291271.11
 1863319.551     0.999997      4396966    327680.00
 1864368.127     0.999997      4396970    374491.43
 1864368.127     0.999998      4396970    436906.67
 1865416.703     0.999998      4396976    524288.00
 1865416.703     0.999998      4396976    582542.22
 1865416.703     0.999998      4396976    655360.00
 1865416.703     0.999999      4396976    748982.86
 1865416.703     0.999999      4396976    873813.33
 1865416.703     0.999999      4396976   1048576.00
 1865416.703     0.999999      4396976   1165084.44
 1865416.703     0.999999      4396976   1310720.00
 1866465.279     0.999999      4396979   1497965.71
 1866465.279     1.000000      4396979          inf
#[Mean    =   838214.655, StdDeviation   =   356355.626]
#[Max     =  1865416.704, Total count    =      4396979]
#[Buckets =           27, SubBuckets     =         2048]
----------------------------------------------------------
  4403151 requests in 60.00m, 1.97GB read
  Socket errors: connect 0, read 47, write 368, timeout 32860
  Non-2xx or 3xx responses: 240839
Requests/sec:   1223.10
Transfer/sec:    574.02KB
