Running 30m test @ http://20.108.9.153:60
  2 threads and 1000 connections
  Thread calibration: mean lat.: 4090.541ms, rate sampling interval: 13983ms
  Thread calibration: mean lat.: 4158.251ms, rate sampling interval: 13729ms
  Thread Stats   Avg      Stdev     99%   +/- Stdev
    Latency    12.28m     7.03m   24.27m    57.97%
    Req/Sec   183.33      9.21   198.00     77.82%
  Latency Distribution (HdrHistogram - Recorded Latency)
 50.000%   12.34m 
 75.000%   18.35m 
 90.000%   22.06m 
 99.000%   24.27m 
 99.900%   24.80m 
 99.990%   25.13m 
 99.999%   25.34m 
100.000%   25.55m 

  Detailed Percentile spectrum:
       Value   Percentile   TotalCount 1/(1-Percentile)

    2818.047     0.000000            1         1.00
  152174.591     0.100000        65861         1.11
  300417.023     0.200000       131693         1.25
  445644.799     0.300000       197396         1.43
  590872.575     0.400000       263249         1.67
  740294.655     0.500000       329184         2.00
  811597.823     0.550000       361899         2.22
  881852.415     0.600000       394902         2.50
  953155.583     0.650000       427828         2.86
 1025507.327     0.700000       460753         3.33
 1101004.799     0.750000       493616         4.00
 1138753.535     0.775000       510280         4.44
 1174405.119     0.800000       526586         5.00
 1212153.855     0.825000       542840         5.71
 1249902.591     0.850000       559543         6.67
 1286602.751     0.875000       576027         8.00
 1304428.543     0.887500       584302         8.89
 1323302.911     0.900000       592533        10.00
 1342177.279     0.912500       600795        11.43
 1360003.071     0.925000       609010        13.33
 1377828.863     0.937500       617185        16.00
 1386217.471     0.943750       621151        17.78
 1394606.079     0.950000       625071        20.00
 1404043.263     0.956250       629412        22.86
 1412431.871     0.962500       633448        26.67
 1421869.055     0.968750       637697        32.00
 1426063.359     0.971875       639457        35.56
 1431306.239     0.975000       641673        40.00
 1436549.119     0.978125       643983        45.71
 1440743.423     0.981250       645676        53.33
 1445986.303     0.984375       647837        64.00
 1449132.031     0.985938       649018        71.11
 1451229.183     0.987500       649727        80.00
 1454374.911     0.989062       650774        91.43
 1457520.639     0.990625       651765       106.67
 1461714.943     0.992188       652943       128.00
 1463812.095     0.992969       653548       142.22
 1464860.671     0.993750       653827       160.00
 1466957.823     0.994531       654335       182.86
 1470103.551     0.995313       655019       213.33
 1472200.703     0.996094       655494       256.00
 1473249.279     0.996484       655662       284.44
 1475346.431     0.996875       656013       320.00
 1476395.007     0.997266       656157       365.71
 1478492.159     0.997656       656461       426.67
 1480589.311     0.998047       656704       512.00
 1481637.887     0.998242       656817       568.89
 1482686.463     0.998437       656931       640.00
 1484783.615     0.998633       657118       731.43
 1485832.191     0.998828       657204       853.33
 1487929.343     0.999023       657346      1024.00
 1488977.919     0.999121       657407      1137.78
 1490026.495     0.999219       657465      1280.00
 1491075.071     0.999316       657507      1462.86
 1493172.223     0.999414       657588      1706.67
 1494220.799     0.999512       657639      2048.00
 1495269.375     0.999561       657674      2275.56
 1495269.375     0.999609       657674      2560.00
 1497366.527     0.999658       657729      2925.71
 1498415.103     0.999707       657756      3413.33
 1499463.679     0.999756       657775      4096.00
 1500512.255     0.999780       657790      4551.11
 1501560.831     0.999805       657805      5120.00
 1502609.407     0.999829       657821      5851.43
 1504706.559     0.999854       657839      6826.67
 1506803.711     0.999878       657861      8192.00
 1506803.711     0.999890       657861      9102.22
 1508900.863     0.999902       657880     10240.00
 1508900.863     0.999915       657880     11702.86
 1509949.439     0.999927       657886     13653.33
 1510998.015     0.999939       657894     16384.00
 1512046.591     0.999945       657898     18204.44
 1513095.167     0.999951       657906     20480.00
 1513095.167     0.999957       657906     23405.71
 1514143.743     0.999963       657910     27306.67
 1515192.319     0.999969       657913     32768.00
 1515192.319     0.999973       657913     36408.89
 1516240.895     0.999976       657917     40960.00
 1516240.895     0.999979       657917     46811.43
 1517289.471     0.999982       657922     54613.33
 1517289.471     0.999985       657922     65536.00
 1517289.471     0.999986       657922     72817.78
 1518338.047     0.999988       657923     81920.00
 1520435.199     0.999989       657925     93622.86
 1520435.199     0.999991       657925    109226.67
 1523580.927     0.999992       657927    131072.00
 1523580.927     0.999993       657927    145635.56
 1523580.927     0.999994       657927    163840.00
 1531969.535     0.999995       657930    187245.71
 1531969.535     0.999995       657930    218453.33
 1531969.535     0.999996       657930    262144.00
 1531969.535     0.999997       657930    291271.11
 1531969.535     0.999997       657930    327680.00
 1531969.535     0.999997       657930    374491.43
 1531969.535     0.999998       657930    436906.67
 1531969.535     0.999998       657930    524288.00
 1531969.535     0.999998       657930    582542.22
 1531969.535     0.999998       657930    655360.00
 1533018.111     0.999999       657931    748982.86
 1533018.111     1.000000       657931          inf
#[Mean    =   737086.955, StdDeviation   =   421706.973]
#[Max     =  1531969.536, Total count    =       657931]
#[Buckets =           27, SubBuckets     =         2048]
----------------------------------------------------------
  661014 requests in 30.00m, 307.96MB read
  Socket errors: connect 0, read 192, write 758, timeout 16326
  Non-2xx or 3xx responses: 1
Requests/sec:    367.19
Transfer/sec:    175.18KB
