Running 30m test @ http://13.87.75.142:60
  2 threads and 1000 connections
  Thread calibration: mean lat.: 17.129ms, rate sampling interval: 79ms
  Thread calibration: mean lat.: 16.668ms, rate sampling interval: 77ms
  Thread Stats   Avg      Stdev     99%   +/- Stdev
    Latency     4.82m     4.19m   17.34m    67.01%
    Req/Sec     2.77      5.85    25.00     79.56%
  Latency Distribution (HdrHistogram - Recorded Latency)
 50.000%    4.10m 
 75.000%    7.34m 
 90.000%   10.46m 
 99.000%   17.34m 
 99.900%   24.27m 
 99.990%   25.62m 
 99.999%   26.18m 
100.000%   26.18m 

  Detailed Percentile spectrum:
       Value   Percentile   TotalCount 1/(1-Percentile)

       2.739     0.000000            1         1.00
    7954.431     0.100000         1039         1.11
   47218.687     0.200000         2079         1.25
  106889.215     0.300000         3118         1.43
  178126.847     0.400000         4159         1.67
  245759.999     0.500000         5194         2.00
  278659.071     0.550000         5714         2.22
  314834.943     0.600000         6233         2.50
  357302.271     0.650000         6757         2.86
  394788.863     0.700000         7272         3.33
  440139.775     0.750000         7791         4.00
  462422.015     0.775000         8054         4.44
  487587.839     0.800000         8311         5.00
  513015.807     0.825000         8570         5.71
  545783.807     0.850000         8834         6.67
  582483.967     0.875000         9091         8.00
  603979.775     0.887500         9219         8.89
  628097.023     0.900000         9352        10.00
  654311.423     0.912500         9482        11.43
  675807.231     0.925000         9608        13.33
  707264.511     0.937500         9738        16.00
  732430.335     0.943750         9804        17.78
  749731.839     0.950000         9869        20.00
  775946.239     0.956250         9933        22.86
  810024.959     0.962500         9998        26.67
  850395.135     0.968750        10063        32.00
  875036.671     0.971875        10097        35.56
  900726.783     0.975000        10128        40.00
  930611.199     0.978125        10160        45.71
  951058.431     0.981250        10193        53.33
  983039.999     0.984375        10225        64.00
  995098.623     0.985938        10242        71.11
 1013972.991     0.987500        10258        80.00
 1026555.903     0.989062        10275        91.43
 1055391.743     0.990625        10291       106.67
 1093664.767     0.992188        10306       128.00
 1117782.015     0.992969        10314       142.22
 1160773.631     0.993750        10323       160.00
 1191182.335     0.994531        10331       182.86
 1214251.007     0.995313        10340       213.33
 1284505.599     0.996094        10347       256.00
 1301282.815     0.996484        10351       284.44
 1331691.519     0.996875        10355       320.00
 1345323.007     0.997266        10359       365.71
 1368391.679     0.997656        10364       426.67
 1376780.287     0.998047        10367       512.00
 1378877.439     0.998242        10369       568.89
 1393557.503     0.998437        10371       640.00
 1399848.959     0.998633        10373       731.43
 1426063.359     0.998828        10375       853.33
 1456472.063     0.999023        10377      1024.00
 1462763.519     0.999121        10378      1137.78
 1464860.671     0.999219        10379      1280.00
 1484783.615     0.999316        10380      1462.86
 1487929.343     0.999414        10381      1706.67
 1506803.711     0.999512        10382      2048.00
 1521483.775     0.999561        10384      2275.56
 1521483.775     0.999609        10384      2560.00
 1521483.775     0.999658        10384      2925.71
 1521483.775     0.999707        10384      3413.33
 1531969.535     0.999756        10385      4096.00
 1531969.535     0.999780        10385      4551.11
 1531969.535     0.999805        10385      5120.00
 1537212.415     0.999829        10386      5851.43
 1537212.415     0.999854        10386      6826.67
 1537212.415     0.999878        10386      8192.00
 1537212.415     0.999890        10386      9102.22
 1537212.415     0.999902        10386     10240.00
 1570766.847     0.999915        10387     11702.86
 1570766.847     1.000000        10387          inf
#[Mean    =   289289.849, StdDeviation   =   251591.899]
#[Max     =  1569718.272, Total count    =        10387]
#[Buckets =           27, SubBuckets     =         2048]
----------------------------------------------------------
  10475 requests in 30.01m, 4.87MB read
  Socket errors: connect 0, read 0, write 5184, timeout 881380
Requests/sec:      5.82
Transfer/sec:      2.77KB
