Running 30m test @ http://51.145.88.5:60/wrk2-api/post/compose
  2 threads and 1000 connections
  Thread calibration: mean lat.: 652.252ms, rate sampling interval: 3821ms
  Thread calibration: mean lat.: 595.819ms, rate sampling interval: 2770ms
  Thread Stats   Avg      Stdev     99%   +/- Stdev
    Latency     4.76m     2.96m   10.96m    59.95%
    Req/Sec   332.81     28.17   392.00     72.28%
  Latency Distribution (HdrHistogram - Recorded Latency)
 50.000%    4.56m 
 75.000%    7.14m 
 90.000%    8.90m 
 99.000%   10.96m 
 99.900%   12.11m 
 99.990%   12.77m 
 99.999%   12.97m 
100.000%   13.05m 

  Detailed Percentile spectrum:
       Value   Percentile   TotalCount 1/(1-Percentile)

       7.079     0.000000            1         1.00
   51544.063     0.100000       119246         1.11
  105054.207     0.200000       238476         1.25
  159907.839     0.300000       357795         1.43
  215744.511     0.400000       476958         1.67
  273678.335     0.500000       596131         2.00
  303562.751     0.550000       655793         2.22
  335020.031     0.600000       715461         2.50
  365953.023     0.650000       774833         2.86
  397148.159     0.700000       834439         3.33
  428605.439     0.750000       893943         4.00
  444071.935     0.775000       923710         4.44
  460587.007     0.800000       953463         5.00
  477364.223     0.825000       983671         5.71
  494141.439     0.850000      1013079         6.67
  512491.519     0.875000      1042973         8.00
  522977.279     0.887500      1057877         8.89
  533725.183     0.900000      1072740        10.00
  544735.231     0.912500      1087805        11.43
  556269.567     0.925000      1102908        13.33
  569376.767     0.937500      1117743        16.00
  576192.511     0.943750      1124927        17.78
  583532.543     0.950000      1132509        20.00
  591396.863     0.956250      1139799        22.86
  599785.471     0.962500      1147129        26.67
  609222.655     0.968750      1154651        32.00
  614465.535     0.971875      1158562        35.56
  619708.415     0.975000      1162040        40.00
  626524.159     0.978125      1166012        45.71
  633339.903     0.981250      1169551        53.33
  641204.223     0.984375      1173387        64.00
  645398.527     0.985938      1175159        71.11
  650117.119     0.987500      1177095        80.00
  654835.711     0.989062      1178928        91.43
  659554.303     0.990625      1180705       106.67
  665321.471     0.992188      1182622       128.00
  668467.199     0.992969      1183466       142.22
  672137.215     0.993750      1184386       160.00
  676855.807     0.994531      1185403       182.86
  681574.399     0.995313      1186257       213.33
  688390.143     0.996094      1187198       256.00
  692060.159     0.996484      1187684       284.44
  695205.887     0.996875      1188118       320.00
  699400.191     0.997266      1188636       365.71
  703594.495     0.997656      1189076       426.67
  708313.087     0.998047      1189531       512.00
  711458.815     0.998242      1189738       568.89
  715653.119     0.998437      1189964       640.00
  718798.847     0.998633      1190193       731.43
  722993.151     0.998828      1190429       853.33
  727187.455     0.999023      1190659      1024.00
  729808.895     0.999121      1190772      1137.78
  731906.047     0.999219      1190903      1280.00
  734527.487     0.999316      1191014      1462.86
  737148.927     0.999414      1191123      1706.67
  740294.655     0.999512      1191245      2048.00
  742916.095     0.999561      1191309      2275.56
  745537.535     0.999609      1191371      2560.00
  747110.399     0.999658      1191417      2925.71
  749207.551     0.999707      1191477      3413.33
  751828.991     0.999756      1191537      4096.00
  754450.431     0.999780      1191561      4551.11
  755499.007     0.999805      1191588      5120.00
  757071.871     0.999829      1191617      5851.43
  759693.311     0.999854      1191645      6826.67
  763887.615     0.999878      1191685      8192.00
  764411.903     0.999890      1191691      9102.22
  765984.767     0.999902      1191703     10240.00
  767557.631     0.999915      1191719     11702.86
  769130.495     0.999927      1191736     13653.33
  770703.359     0.999939      1191753     16384.00
  771227.647     0.999945      1191763     18204.44
  771227.647     0.999951      1191763     20480.00
  772276.223     0.999957      1191770     23405.71
  773324.799     0.999963      1191778     27306.67
  774897.663     0.999969      1191786     32768.00
  775421.951     0.999973      1191791     36408.89
  775421.951     0.999976      1191791     40960.00
  775946.239     0.999979      1191795     46811.43
  776470.527     0.999982      1191799     54613.33
  776994.815     0.999985      1191803     65536.00
  776994.815     0.999986      1191803     72817.78
  777519.103     0.999988      1191805     81920.00
  778043.391     0.999989      1191808     93622.86
  778567.679     0.999991      1191809    109226.67
  779091.967     0.999992      1191812    131072.00
  779091.967     0.999993      1191812    145635.56
  779091.967     0.999994      1191812    163840.00
  779616.255     0.999995      1191814    187245.71
  779616.255     0.999995      1191814    218453.33
  780140.543     0.999996      1191815    262144.00
  780140.543     0.999997      1191815    291271.11
  780664.831     0.999997      1191818    327680.00
  780664.831     0.999997      1191818    374491.43
  780664.831     0.999998      1191818    436906.67
  780664.831     0.999998      1191818    524288.00
  780664.831     0.999998      1191818    582542.22
  780664.831     0.999998      1191818    655360.00
  780664.831     0.999999      1191818    748982.86
  780664.831     0.999999      1191818    873813.33
  780664.831     0.999999      1191818   1048576.00
  780664.831     0.999999      1191818   1165084.44
  783286.271     0.999999      1191819   1310720.00
  783286.271     1.000000      1191819          inf
#[Mean    =   285328.876, StdDeviation   =   177745.402]
#[Max     =   782761.984, Total count    =      1191819]
#[Buckets =           27, SubBuckets     =         2048]
----------------------------------------------------------
  1198331 requests in 30.00m, 239.95MB read
  Socket errors: connect 0, read 339, write 46906, timeout 121928
  Non-2xx or 3xx responses: 109963
Requests/sec:    665.74
Transfer/sec:    136.51KB
