Running 30m test @ http://51.145.88.5:60/wrk2-api/home-timeline/read
  2 threads and 1000 connections
  Thread calibration: mean lat.: 11.248ms, rate sampling interval: 40ms
  Thread calibration: mean lat.: 11.350ms, rate sampling interval: 41ms
  Thread Stats   Avg      Stdev     99%   +/- Stdev
    Latency     1.39m     1.01m    3.79m    61.43%
    Req/Sec   463.82    158.95     0.88k    68.13%
  Latency Distribution (HdrHistogram - Recorded Latency)
 50.000%    1.30m 
 75.000%    2.12m 
 90.000%    2.78m 
 99.000%    3.79m 
 99.900%    4.53m 
 99.990%    5.23m 
 99.999%    5.71m 
100.000%    5.82m 

  Detailed Percentile spectrum:
       Value   Percentile   TotalCount 1/(1-Percentile)

       1.476     0.000000            1         1.00
    4085.759     0.100000       161242         1.11
   21741.567     0.200000       322528         1.25
   40796.159     0.300000       483759         1.43
   59604.991     0.400000       645053         1.67
   78249.983     0.500000       806243         2.00
   88014.847     0.550000       886839         2.22
   97779.711     0.600000       967520         2.50
  107479.039     0.650000      1048139         2.86
  116916.223     0.700000      1128620         3.33
  127008.767     0.750000      1209684         4.00
  132644.863     0.775000      1249962         4.44
  138543.103     0.800000      1289995         5.00
  144834.559     0.825000      1330406         5.71
  151650.303     0.850000      1370477         6.67
  159121.407     0.875000      1411286         8.00
  163053.567     0.887500      1431567         8.89
  166985.727     0.900000      1451087        10.00
  171573.247     0.912500      1471684        11.43
  176422.911     0.925000      1491843        13.33
  181927.935     0.937500      1511829        16.00
  185073.663     0.943750      1521668        17.78
  188743.679     0.950000      1531725        20.00
  192937.983     0.956250      1541975        22.86
  197263.359     0.962500      1552033        26.67
  201850.879     0.968750      1561999        32.00
  204472.319     0.971875      1567171        35.56
  207224.831     0.975000      1572000        40.00
  210501.631     0.978125      1577061        45.71
  214433.791     0.981250      1582148        53.33
  218628.095     0.984375      1587141        64.00
  220987.391     0.985938      1589760        71.11
  223477.759     0.987500      1592255        80.00
  225968.127     0.989062      1594700        91.43
  228720.639     0.990625      1597197       106.67
  232128.511     0.992188      1599750       128.00
  233963.519     0.992969      1600992       142.22
  236060.671     0.993750      1602264       160.00
  238419.967     0.994531      1603526       182.86
  241041.407     0.995313      1604747       213.33
  244318.207     0.996094      1606015       256.00
  246677.503     0.996484      1606639       284.44
  249167.871     0.996875      1607258       320.00
  252051.455     0.997266      1607888       365.71
  255459.327     0.997656      1608519       426.67
  259260.415     0.998047      1609147       512.00
  261619.711     0.998242      1609462       568.89
  264110.079     0.998437      1609781       640.00
  266469.375     0.998633      1610102       731.43
  268959.743     0.998828      1610413       853.33
  272367.615     0.999023      1610725      1024.00
  275251.199     0.999121      1610890      1137.78
  278659.071     0.999219      1611058      1280.00
  281018.367     0.999316      1611201      1462.86
  285474.815     0.999414      1611364      1706.67
  288882.687     0.999512      1611510      2048.00
  291241.983     0.999561      1611590      2275.56
  293863.423     0.999609      1611669      2560.00
  297009.151     0.999658      1611745      2925.71
  300679.167     0.999707      1611826      3413.33
  303300.607     0.999756      1611904      4096.00
  305135.615     0.999780      1611948      4551.11
  306446.335     0.999805      1611983      5120.00
  308019.199     0.999829      1612025      5851.43
  309067.775     0.999854      1612060      6826.67
  310902.783     0.999878      1612100      8192.00
  312737.791     0.999890      1612122      9102.22
  313786.367     0.999902      1612144     10240.00
  314834.943     0.999915      1612159     11702.86
  315883.519     0.999927      1612184     13653.33
  316669.951     0.999939      1612202     16384.00
  317194.239     0.999945      1612208     18204.44
  318242.815     0.999951      1612222     20480.00
  318767.103     0.999957      1612228     23405.71
  321388.543     0.999963      1612237     27306.67
  323747.839     0.999969      1612247     32768.00
  330563.583     0.999973      1612252     36408.89
  335544.319     0.999976      1612257     40960.00
  338427.903     0.999979      1612262     46811.43
  339214.335     0.999982      1612268     54613.33
  340000.767     0.999985      1612272     65536.00
  341049.343     0.999986      1612274     72817.78
  342360.063     0.999988      1612280     81920.00
  342360.063     0.999989      1612280     93622.86
  343408.639     0.999991      1612283    109226.67
  345767.935     0.999992      1612284    131072.00
  346030.079     0.999993      1612287    145635.56
  346030.079     0.999994      1612287    163840.00
  346292.223     0.999995      1612289    187245.71
  346292.223     0.999995      1612289    218453.33
  346816.511     0.999996      1612290    262144.00
  347078.655     0.999997      1612292    291271.11
  347078.655     0.999997      1612292    327680.00
  347078.655     0.999997      1612292    374491.43
  347602.943     0.999998      1612293    436906.67
  347602.943     0.999998      1612293    524288.00
  347865.087     0.999998      1612294    582542.22
  347865.087     0.999998      1612294    655360.00
  347865.087     0.999999      1612294    748982.86
  348127.231     0.999999      1612295    873813.33
  348127.231     0.999999      1612295   1048576.00
  348127.231     0.999999      1612295   1165084.44
  348127.231     0.999999      1612295   1310720.00
  348127.231     0.999999      1612295   1497965.71
  348913.663     0.999999      1612296   1747626.67
  348913.663     1.000000      1612296          inf
#[Mean    =    83306.146, StdDeviation   =    60330.891]
#[Max     =   348651.520, Total count    =      1612296]
#[Buckets =           27, SubBuckets     =         2048]
----------------------------------------------------------
  1621751 requests in 30.00m, 21.90GB read
  Socket errors: connect 0, read 4137, write 172432, timeout 121726
  Non-2xx or 3xx responses: 301
Requests/sec:    900.97
Transfer/sec:     12.46MB
