Running 30m test @ http://20.117.90.148:60
  2 threads and 1000 connections
  Thread calibration: mean lat.: 2960.181ms, rate sampling interval: 11001ms
  Thread calibration: mean lat.: 3013.839ms, rate sampling interval: 11214ms
  Thread Stats   Avg      Stdev     99%   +/- Stdev
    Latency     8.98m     5.15m   17.93m    57.97%
    Req/Sec   400.25     19.56   422.00     88.47%
  Latency Distribution (HdrHistogram - Recorded Latency)
 50.000%    8.96m 
 75.000%   13.41m 
 90.000%   16.12m 
 99.000%   17.93m 
 99.900%   18.51m 
 99.990%   18.86m 
 99.999%   19.12m 
100.000%   19.22m 

  Detailed Percentile spectrum:
       Value   Percentile   TotalCount 1/(1-Percentile)

     156.543     0.000000            1         1.00
  112590.847     0.100000       143485         1.11
  219152.383     0.200000       286905         1.25
  325582.847     0.300000       430261         1.43
  431489.023     0.400000       573716         1.67
  537395.199     0.500000       717246         2.00
  590872.575     0.550000       789361         2.22
  643301.375     0.600000       860687         2.50
  697827.327     0.650000       932918         2.86
  751304.703     0.700000      1004491         3.33
  804782.079     0.750000      1076095         4.00
  832045.055     0.775000      1111807         4.44
  859308.031     0.800000      1148019         5.00
  886046.719     0.825000      1183313         5.71
  913833.983     0.850000      1219617         6.67
  940572.671     0.875000      1255296         8.00
  954204.159     0.887500      1273477         8.89
  967311.359     0.900000      1290822        10.00
  981467.135     0.912500      1309176        11.43
  995098.623     0.925000      1326793        13.33
 1008730.111     0.937500      1344623        16.00
 1015545.855     0.943750      1353589        17.78
 1022361.599     0.950000      1362689        20.00
 1029701.631     0.956250      1372066        22.86
 1036517.375     0.962500      1380604        26.67
 1043857.407     0.968750      1389458        32.00
 1048051.711     0.971875      1394371        35.56
 1051721.727     0.975000      1398342        40.00
 1055916.031     0.978125      1402892        45.71
 1060634.623     0.981250      1407768        53.33
 1065353.215     0.984375      1412157        64.00
 1067450.367     0.985938      1414015        71.11
 1070596.095     0.987500      1416591        80.00
 1073217.535     0.989062      1418533        91.43
 1076887.551     0.990625      1421064       106.67
 1080033.279     0.992188      1423024       128.00
 1082130.431     0.992969      1424268       142.22
 1084227.583     0.993750      1425359       160.00
 1086324.735     0.994531      1426377       182.86
 1089470.463     0.995313      1427775       213.33
 1091567.615     0.996094      1428639       256.00
 1093664.767     0.996484      1429305       284.44
 1095761.919     0.996875      1429944       320.00
 1097859.071     0.997266      1430495       365.71
 1099956.223     0.997656      1430947       426.67
 1102053.375     0.998047      1431426       512.00
 1103101.951     0.998242      1431644       568.89
 1105199.103     0.998437      1432029       640.00
 1106247.679     0.998633      1432213       731.43
 1108344.831     0.998828      1432529       853.33
 1110441.983     0.999023      1432814      1024.00
 1111490.559     0.999121      1432959      1137.78
 1112539.135     0.999219      1433062      1280.00
 1114636.287     0.999316      1433236      1462.86
 1115684.863     0.999414      1433328      1706.67
 1117782.015     0.999512      1433489      2048.00
 1118830.591     0.999561      1433559      2275.56
 1119879.167     0.999609      1433620      2560.00
 1120927.743     0.999658      1433679      2925.71
 1123024.895     0.999707      1433773      3413.33
 1125122.047     0.999756      1433862      4096.00
 1125122.047     0.999780      1433862      4551.11
 1126170.623     0.999805      1433887      5120.00
 1128267.775     0.999829      1433937      5851.43
 1129316.351     0.999854      1433972      6826.67
 1130364.927     0.999878      1434001      8192.00
 1131413.503     0.999890      1434024      9102.22
 1131413.503     0.999902      1434024     10240.00
 1132462.079     0.999915      1434050     11702.86
 1133510.655     0.999927      1434067     13653.33
 1134559.231     0.999939      1434082     16384.00
 1135607.807     0.999945      1434096     18204.44
 1135607.807     0.999951      1434096     20480.00
 1136656.383     0.999957      1434112     23405.71
 1136656.383     0.999963      1434112     27306.67
 1138753.535     0.999969      1434123     32768.00
 1139802.111     0.999973      1434131     36408.89
 1139802.111     0.999976      1434131     40960.00
 1140850.687     0.999979      1434136     46811.43
 1142947.839     0.999982      1434138     54613.33
 1145044.991     0.999985      1434145     65536.00
 1145044.991     0.999986      1434145     72817.78
 1146093.567     0.999988      1434148     81920.00
 1147142.143     0.999989      1434150     93622.86
 1148190.719     0.999991      1434153    109226.67
 1149239.295     0.999992      1434154    131072.00
 1150287.871     0.999993      1434156    145635.56
 1150287.871     0.999994      1434156    163840.00
 1151336.447     0.999995      1434157    187245.71
 1152385.023     0.999995      1434160    218453.33
 1152385.023     0.999996      1434160    262144.00
 1152385.023     0.999997      1434160    291271.11
 1152385.023     0.999997      1434160    327680.00
 1153433.599     0.999997      1434164    374491.43
 1153433.599     1.000000      1434164          inf
#[Mean    =   539020.739, StdDeviation   =   308833.493]
#[Max     =  1152385.024, Total count    =      1434164]
#[Buckets =           27, SubBuckets     =         2048]
----------------------------------------------------------
  1441167 requests in 30.00m, 671.46MB read
  Socket errors: connect 0, read 30, write 289, timeout 16253
  Non-2xx or 3xx responses: 3
Requests/sec:    800.65
Transfer/sec:    381.99KB
