Running 30m test @ http://13.87.76.165:60
  2 threads and 1000 connections
  Thread calibration: mean lat.: 20.222ms, rate sampling interval: 92ms
  Thread calibration: mean lat.: 18.935ms, rate sampling interval: 80ms
  Thread Stats   Avg      Stdev     99%   +/- Stdev
    Latency     4.83m     4.19m   17.34m    67.01%
    Req/Sec     2.80      5.64    25.00     77.64%
  Latency Distribution (HdrHistogram - Recorded Latency)
 50.000%    4.10m 
 75.000%    7.34m 
 90.000%   10.40m 
 99.000%   17.34m 
 99.900%   23.42m 
 99.990%   25.83m 
 99.999%   25.92m 
100.000%   25.92m 

  Detailed Percentile spectrum:
       Value   Percentile   TotalCount 1/(1-Percentile)

       2.669     0.000000            1         1.00
    7938.047     0.100000         1045         1.11
   47874.047     0.200000         2091         1.25
  107544.575     0.300000         3133         1.43
  178388.991     0.400000         4179         1.67
  245891.071     0.500000         5221         2.00
  281018.367     0.550000         5745         2.22
  316932.095     0.600000         6266         2.50
  357302.271     0.650000         6792         2.86
  395051.007     0.700000         7314         3.33
  440139.775     0.750000         7833         4.00
  462684.159     0.775000         8098         4.44
  487063.551     0.800000         8354         5.00
  514326.527     0.825000         8617         5.71
  544735.231     0.850000         8877         6.67
  581435.391     0.875000         9139         8.00
  602406.911     0.887500         9268         8.89
  623902.719     0.900000         9399        10.00
  651165.695     0.912500         9530        11.43
  681050.111     0.925000         9662        13.33
  716177.407     0.937500         9792        16.00
  736624.639     0.943750         9856        17.78
  762839.039     0.950000         9921        20.00
  791150.591     0.956250         9988        22.86
  819986.431     0.962500        10053        26.67
  853016.575     0.968750        10116        32.00
  871890.943     0.971875        10149        35.56
  890765.311     0.975000        10182        40.00
  917503.999     0.978125        10215        45.71
  947912.703     0.981250        10248        53.33
  977272.831     0.984375        10279        64.00
  993001.471     0.985938        10298        71.11
 1009254.399     0.987500        10312        80.00
 1032323.071     0.989062        10328        91.43
 1047527.423     0.990625        10345       106.67
 1089470.463     0.992188        10361       128.00
 1103101.951     0.992969        10369       142.22
 1125122.047     0.993750        10377       160.00
 1180696.575     0.994531        10385       182.86
 1199570.943     0.995313        10394       213.33
 1255145.471     0.996094        10402       256.00
 1277165.567     0.996484        10406       284.44
 1301282.815     0.996875        10410       320.00
 1320157.183     0.997266        10414       365.71
 1337982.975     0.997656        10418       426.67
 1353711.615     0.998047        10422       512.00
 1366294.527     0.998242        10424       568.89
 1374683.135     0.998437        10426       640.00
 1390411.775     0.998633        10428       731.43
 1399848.959     0.998828        10430       853.33
 1405091.839     0.999023        10432      1024.00
 1416626.175     0.999121        10433      1137.78
 1448083.455     0.999219        10434      1280.00
 1464860.671     0.999316        10435      1462.86
 1474297.855     0.999414        10436      1706.67
 1515192.319     0.999512        10437      2048.00
 1524629.503     0.999561        10438      2275.56
 1524629.503     0.999609        10438      2560.00
 1529872.383     0.999658        10439      2925.71
 1529872.383     0.999707        10439      3413.33
 1544552.447     0.999756        10440      4096.00
 1544552.447     0.999780        10440      4551.11
 1544552.447     0.999805        10440      5120.00
 1549795.327     0.999829        10441      5851.43
 1549795.327     0.999854        10441      6826.67
 1549795.327     0.999878        10441      8192.00
 1549795.327     0.999890        10441      9102.22
 1549795.327     0.999902        10441     10240.00
 1555038.207     0.999915        10442     11702.86
 1555038.207     1.000000        10442          inf
#[Mean    =   289795.145, StdDeviation   =   251244.479]
#[Max     =  1553989.632, Total count    =        10442]
#[Buckets =           27, SubBuckets     =         2048]
----------------------------------------------------------
  10531 requests in 30.02m, 4.90MB read
  Socket errors: connect 0, read 0, write 5204, timeout 881378
Requests/sec:      5.85
Transfer/sec:      2.79KB
