Running 30m test @ http://20.90.255.1:60
  2 threads and 1000 connections
  Thread calibration: mean lat.: 30.597ms, rate sampling interval: 110ms
  Thread calibration: mean lat.: 30.925ms, rate sampling interval: 111ms
  Thread Stats   Avg      Stdev     99%   +/- Stdev
    Latency     7.95s     5.89s   24.79s    65.76%
    Req/Sec     0.99k   331.39     1.80k    74.30%
  Latency Distribution (HdrHistogram - Recorded Latency)
 50.000%    7.15s 
 75.000%   11.62s 
 90.000%   15.90s 
 99.000%   24.79s 
 99.900%   33.82s 
 99.990%   40.83s 
 99.999%   46.10s 
100.000%   50.40s 

  Detailed Percentile spectrum:
       Value   Percentile   TotalCount 1/(1-Percentile)

       2.567     0.000000            1         1.00
     797.695     0.100000       351865         1.11
    2349.055     0.200000       703716         1.25
    4016.127     0.300000      1055323         1.43
    5591.039     0.400000      1407848         1.67
    7151.615     0.500000      1759429         2.00
    7958.527     0.550000      1935359         2.22
    8798.207     0.600000      2110768         2.50
    9682.943     0.650000      2287308         2.86
   10608.639     0.700000      2462582         3.33
   11616.255     0.750000      2638361         4.00
   12173.311     0.775000      2726892         4.44
   12771.327     0.800000      2814400         5.00
   13418.495     0.825000      2902540         5.71
   14139.391     0.850000      2990522         6.67
   14950.399     0.875000      3077846         8.00
   15400.959     0.887500      3121767         8.89
   15900.671     0.900000      3166038        10.00
   16449.535     0.912500      3210180        11.43
   17072.127     0.925000      3254488        13.33
   17776.639     0.937500      3297969        16.00
   18169.855     0.943750      3319683        17.78
   18628.607     0.950000      3342316        20.00
   19120.127     0.956250      3363701        22.86
   19693.567     0.962500      3385717        26.67
   20381.695     0.968750      3407790        32.00
   20774.911     0.971875      3418732        35.56
   21217.279     0.975000      3429762        40.00
   21725.183     0.978125      3440782        45.71
   22315.007     0.981250      3451781        53.33
   23003.135     0.984375      3462689        64.00
   23412.735     0.985938      3468127        71.11
   23887.871     0.987500      3473642        80.00
   24428.543     0.989062      3479105        91.43
   25051.135     0.990625      3484571       106.67
   25788.415     0.992188      3490050       128.00
   26214.399     0.992969      3492787       142.22
   26722.303     0.993750      3495504       160.00
   27312.127     0.994531      3498305       182.86
   27967.487     0.995313      3501037       213.33
   28688.383     0.996094      3503750       256.00
   29114.367     0.996484      3505119       284.44
   29589.503     0.996875      3506503       320.00
   30162.943     0.997266      3507884       365.71
   30752.767     0.997656      3509231       426.67
   31457.279     0.998047      3510610       512.00
   31850.495     0.998242      3511290       568.89
   32260.095     0.998437      3512001       640.00
   32718.847     0.998633      3512670       731.43
   33243.135     0.998828      3513349       853.33
   33914.879     0.999023      3514060      1024.00
   34275.327     0.999121      3514403      1137.78
   34668.543     0.999219      3514739      1280.00
   35094.527     0.999316      3515074      1462.86
   35586.047     0.999414      3515427      1706.67
   36077.567     0.999512      3515755      2048.00
   36372.479     0.999561      3515934      2275.56
   36732.927     0.999609      3516098      2560.00
   37126.143     0.999658      3516273      2925.71
   37617.663     0.999707      3516442      3413.33
   38174.719     0.999756      3516613      4096.00
   38502.399     0.999780      3516705      4551.11
   38862.847     0.999805      3516787      5120.00
   39321.599     0.999829      3516872      5851.43
   39714.815     0.999854      3516958      6826.67
   40173.567     0.999878      3517044      8192.00
   40501.247     0.999890      3517087      9102.22
   40894.463     0.999902      3517130     10240.00
   41254.911     0.999915      3517171     11702.86
   41615.359     0.999927      3517214     13653.33
   42139.647     0.999939      3517258     16384.00
   42369.023     0.999945      3517279     18204.44
   42729.471     0.999951      3517300     20480.00
   43188.223     0.999957      3517322     23405.71
   43778.047     0.999963      3517343     27306.67
   44433.407     0.999969      3517364     32768.00
   44793.855     0.999973      3517376     36408.89
   44957.695     0.999976      3517386     40960.00
   45154.303     0.999979      3517396     46811.43
   45350.911     0.999982      3517407     54613.33
   45776.895     0.999985      3517422     65536.00
   45809.663     0.999986      3517423     72817.78
   45973.503     0.999988      3517429     81920.00
   46104.575     0.999989      3517437     93622.86
   46235.647     0.999991      3517439    109226.67
   46399.487     0.999992      3517445    131072.00
   46497.791     0.999993      3517447    145635.56
   46825.471     0.999994      3517450    163840.00
   46923.775     0.999995      3517453    187245.71
   47316.991     0.999995      3517455    218453.33
   47349.759     0.999996      3517458    262144.00
   47448.063     0.999997      3517459    291271.11
   47513.599     0.999997      3517461    327680.00
   47644.671     0.999997      3517462    374491.43
   47710.207     0.999998      3517463    436906.67
   47742.975     0.999998      3517465    524288.00
   47742.975     0.999998      3517465    582542.22
   48037.887     0.999998      3517466    655360.00
   48627.711     0.999999      3517467    748982.86
   48627.711     0.999999      3517467    873813.33
   49348.607     0.999999      3517468   1048576.00
   49348.607     0.999999      3517468   1165084.44
   49381.375     0.999999      3517469   1310720.00
   49381.375     0.999999      3517469   1497965.71
   49381.375     0.999999      3517469   1747626.67
   50003.967     1.000000      3517470   2097152.00
   50003.967     1.000000      3517470   2330168.89
   50003.967     1.000000      3517470   2621440.00
   50003.967     1.000000      3517470   2995931.43
   50003.967     1.000000      3517470   3495253.33
   50397.183     1.000000      3517471   4194304.00
   50397.183     1.000000      3517471          inf
#[Mean    =     7949.047, StdDeviation   =     5892.023]
#[Max     =    50364.416, Total count    =      3517471]
#[Buckets =           27, SubBuckets     =         2048]
----------------------------------------------------------
  3536214 requests in 30.00m, 1.61GB read
  Socket errors: connect 0, read 130, write 2245, timeout 16387
  Non-2xx or 3xx responses: 17176
Requests/sec:   1964.32
Transfer/sec:      0.91MB
