Running 60m test @ http://20.108.48.39:60
  2 threads and 1000 connections
  Thread calibration: mean lat.: 4239.979ms, rate sampling interval: 14417ms
  Thread calibration: mean lat.: 4296.940ms, rate sampling interval: 14278ms
  Thread Stats   Avg      Stdev     99%   +/- Stdev
    Latency    23.21m    11.61m   44.11m    60.73%
    Req/Sec   279.36     49.03   340.00     79.96%
  Latency Distribution (HdrHistogram - Recorded Latency)
 50.000%   23.17m 
 75.000%   33.00m 
 90.000%   39.04m 
 99.000%   44.11m 
 99.900%   46.56m 
 99.990%   48.34m 
 99.999%   48.69m 
100.000%   49.46m 

  Detailed Percentile spectrum:
       Value   Percentile   TotalCount 1/(1-Percentile)

    3342.335     0.000000            1         1.00
  456916.991     0.100000       201061         1.11
  721420.287     0.200000       402123         1.25
  937951.231     0.300000       603162         1.43
 1154482.175     0.400000       804726         1.67
 1390411.775     0.500000      1005706         2.00
 1509949.439     0.550000      1105827         2.22
 1627389.951     0.600000      1206242         2.50
 1745879.039     0.650000      1306944         2.86
 1862270.975     0.700000      1407302         3.33
 1979711.487     0.750000      1508099         4.00
 2036334.591     0.775000      1557925         4.44
 2098200.575     0.800000      1608317         5.00
 2160066.559     0.825000      1659377         5.71
 2218786.815     0.850000      1708667         6.67
 2277507.071     0.875000      1758970         8.00
 2308964.351     0.887500      1784020         8.89
 2342518.783     0.900000      1809245        10.00
 2376073.215     0.912500      1834251        11.43
 2405433.343     0.925000      1860402        13.33
 2438987.775     0.937500      1885857        16.00
 2453667.839     0.943750      1897396        17.78
 2472542.207     0.950000      1910014        20.00
 2493513.727     0.956250      1923150        22.86
 2512388.095     0.962500      1935127        26.67
 2535456.767     0.968750      1947556        32.00
 2548039.679     0.971875      1953823        35.56
 2560622.591     0.975000      1960076        40.00
 2575302.655     0.978125      1966515        45.71
 2589982.719     0.981250      1972685        53.33
 2608857.087     0.984375      1978869        64.00
 2617245.695     0.985938      1981879        71.11
 2627731.455     0.987500      1985131        80.00
 2640314.367     0.989062      1988425        91.43
 2652897.279     0.990625      1991319       106.67
 2669674.495     0.992188      1994373       128.00
 2678063.103     0.992969      1995817       142.22
 2688548.863     0.993750      1997442       160.00
 2696937.471     0.994531      1998989       182.86
 2705326.079     0.995313      2000624       213.33
 2720006.143     0.996094      2002158       256.00
 2728394.751     0.996484      2002793       284.44
 2736783.359     0.996875      2003744       320.00
 2743074.815     0.997266      2004590       365.71
 2747269.119     0.997656      2005206       426.67
 2757754.879     0.998047      2006044       512.00
 2761949.183     0.998242      2006428       568.89
 2766143.487     0.998437      2006743       640.00
 2776629.247     0.998633      2007114       731.43
 2785017.855     0.998828      2007585       853.33
 2795503.615     0.999023      2007899      1024.00
 2803892.223     0.999121      2008084      1137.78
 2814377.983     0.999219      2008300      1280.00
 2820669.439     0.999316      2008462      1462.86
 2824863.743     0.999414      2008670      1706.67
 2829058.047     0.999512      2008863      2048.00
 2833252.351     0.999561      2008975      2275.56
 2839543.807     0.999609      2009049      2560.00
 2847932.415     0.999658      2009148      2925.71
 2858418.175     0.999707      2009252      3413.33
 2864709.631     0.999756      2009377      4096.00
 2866806.783     0.999780      2009405      4551.11
 2871001.087     0.999805      2009455      5120.00
 2877292.543     0.999829      2009492      5851.43
 2889875.455     0.999854      2009543      6826.67
 2900361.215     0.999878      2009648      8192.00
 2900361.215     0.999890      2009648      9102.22
 2900361.215     0.999902      2009648     10240.00
 2902458.367     0.999915      2009694     11702.86
 2902458.367     0.999927      2009694     13653.33
 2904555.519     0.999939      2009721     16384.00
 2906652.671     0.999945      2009769     18204.44
 2906652.671     0.999951      2009769     20480.00
 2906652.671     0.999957      2009769     23405.71
 2906652.671     0.999963      2009769     27306.67
 2910846.975     0.999969      2009774     32768.00
 2915041.279     0.999973      2009788     36408.89
 2915041.279     0.999976      2009788     40960.00
 2917138.431     0.999979      2009801     46811.43
 2917138.431     0.999982      2009801     54613.33
 2919235.583     0.999985      2009808     65536.00
 2919235.583     0.999986      2009808     72817.78
 2921332.735     0.999988      2009814     81920.00
 2921332.735     0.999989      2009814     93622.86
 2923429.887     0.999991      2009816    109226.67
 2929721.343     0.999992      2009822    131072.00
 2929721.343     0.999993      2009822    145635.56
 2929721.343     0.999994      2009822    163840.00
 2931818.495     0.999995      2009824    187245.71
 2931818.495     0.999995      2009824    218453.33
 2946498.559     0.999996      2009827    262144.00
 2946498.559     0.999997      2009827    291271.11
 2946498.559     0.999997      2009827    327680.00
 2948595.711     0.999997      2009828    374491.43
 2950692.863     0.999998      2009829    436906.67
 2959081.471     0.999998      2009831    524288.00
 2959081.471     0.999998      2009831    582542.22
 2959081.471     0.999998      2009831    655360.00
 2959081.471     0.999999      2009831    748982.86
 2959081.471     0.999999      2009831    873813.33
 2961178.623     0.999999      2009832   1048576.00
 2961178.623     0.999999      2009832   1165084.44
 2961178.623     0.999999      2009832   1310720.00
 2961178.623     0.999999      2009832   1497965.71
 2961178.623     0.999999      2009832   1747626.67
 2967470.079     1.000000      2009833   2097152.00
 2967470.079     1.000000      2009833          inf
#[Mean    =  1392668.097, StdDeviation   =   696802.118]
#[Max     =  2965372.928, Total count    =      2009833]
#[Buckets =           27, SubBuckets     =         2048]
----------------------------------------------------------
  2012468 requests in 60.00m, 0.90GB read
  Socket errors: connect 0, read 17, write 232, timeout 32880
  Non-2xx or 3xx responses: 131483
Requests/sec:    559.02
Transfer/sec:    261.61KB
