Running 30m test @ http://20.108.188.2:60/wrk2-api/home-timeline/read
  2 threads and 1000 connections
  Thread calibration: mean lat.: 3454.709ms, rate sampling interval: 12713ms
  Thread calibration: mean lat.: 3566.602ms, rate sampling interval: 13254ms
  Thread Stats   Avg      Stdev     99%   +/- Stdev
    Latency    16.71m     7.77m   28.33m    62.33%
    Req/Sec    33.70     13.28    52.00     63.87%
  Latency Distribution (HdrHistogram - Recorded Latency)
 50.000%   18.26m 
 75.000%   22.96m 
 90.000%   25.86m 
 99.000%   28.33m 
 99.900%   29.52m 
 99.990%   29.76m 
 99.999%   29.83m 
100.000%   29.85m 

  Detailed Percentile spectrum:
       Value   Percentile   TotalCount 1/(1-Percentile)

    4689.919     0.000000            1         1.00
  253100.031     0.100000        12278         1.11
  517996.543     0.200000        24560         1.25
  802160.639     0.300000        36844         1.43
  980942.847     0.400000        49155         1.67
 1095761.919     0.500000        61481         2.00
 1152385.023     0.550000        67571         2.22
 1207959.551     0.600000        73695         2.50
 1265631.231     0.650000        79834         2.86
 1321205.759     0.700000        86032         3.33
 1377828.863     0.750000        92082         4.00
 1407188.991     0.775000        95245         4.44
 1435500.543     0.800000        98228         5.00
 1463812.095     0.825000       101308         5.71
 1492123.647     0.850000       104438         6.67
 1520435.199     0.875000       107426         8.00
 1536163.839     0.887500       109005         8.89
 1551892.479     0.900000       110544        10.00
 1567621.119     0.912500       112051        11.43
 1583349.759     0.925000       113565        13.33
 1601175.551     0.937500       115096        16.00
 1611661.311     0.943750       115885        17.78
 1621098.495     0.950000       116649        20.00
 1631584.255     0.956250       117461        22.86
 1643118.591     0.962500       118231        26.67
 1653604.351     0.968750       118964        32.00
 1658847.231     0.971875       119369        35.56
 1664090.111     0.975000       119743        40.00
 1669332.991     0.978125       120142        45.71
 1675624.447     0.981250       120521        53.33
 1681915.903     0.984375       120873        64.00
 1685061.631     0.985938       121042        71.11
 1690304.511     0.987500       121271        80.00
 1694498.815     0.989062       121427        91.43
 1702887.423     0.990625       121627       106.67
 1713373.183     0.992188       121812       128.00
 1719664.639     0.992969       121913       142.22
 1727004.671     0.993750       122005       160.00
 1733296.127     0.994531       122105       182.86
 1739587.583     0.995313       122193       213.33
 1746927.615     0.996094       122292       256.00
 1750073.343     0.996484       122348       284.44
 1752170.495     0.996875       122385       320.00
 1756364.799     0.997266       122438       365.71
 1759510.527     0.997656       122481       426.67
 1762656.255     0.998047       122537       512.00
 1764753.407     0.998242       122574       568.89
 1765801.983     0.998437       122588       640.00
 1767899.135     0.998633       122610       731.43
 1768947.711     0.998828       122626       853.33
 1771044.863     0.999023       122650      1024.00
 1772093.439     0.999121       122665      1137.78
 1773142.015     0.999219       122678      1280.00
 1774190.591     0.999316       122686      1462.86
 1776287.743     0.999414       122702      1706.67
 1778384.895     0.999512       122715      2048.00
 1778384.895     0.999561       122715      2275.56
 1779433.471     0.999609       122721      2560.00
 1780482.047     0.999658       122728      2925.71
 1781530.623     0.999707       122738      3413.33
 1782579.199     0.999756       122741      4096.00
 1783627.775     0.999780       122745      4551.11
 1783627.775     0.999805       122745      5120.00
 1784676.351     0.999829       122754      5851.43
 1784676.351     0.999854       122754      6826.67
 1784676.351     0.999878       122754      8192.00
 1785724.927     0.999890       122759      9102.22
 1785724.927     0.999902       122759     10240.00
 1785724.927     0.999915       122759     11702.86
 1786773.503     0.999927       122762     13653.33
 1786773.503     0.999939       122762     16384.00
 1786773.503     0.999945       122762     18204.44
 1787822.079     0.999951       122764     20480.00
 1787822.079     0.999957       122764     23405.71
 1787822.079     0.999963       122764     27306.67
 1788870.655     0.999969       122766     32768.00
 1788870.655     0.999973       122766     36408.89
 1788870.655     0.999976       122766     40960.00
 1788870.655     0.999979       122766     46811.43
 1788870.655     0.999982       122766     54613.33
 1789919.231     0.999985       122767     65536.00
 1789919.231     0.999986       122767     72817.78
 1789919.231     0.999988       122767     81920.00
 1789919.231     0.999989       122767     93622.86
 1789919.231     0.999991       122767    109226.67
 1790967.807     0.999992       122768    131072.00
 1790967.807     1.000000       122768          inf
#[Mean    =  1002551.640, StdDeviation   =   466170.209]
#[Max     =  1789919.232, Total count    =       122768]
#[Buckets =           27, SubBuckets     =         2048]
----------------------------------------------------------
  123665 requests in 30.00m, 1.60GB read
  Socket errors: connect 0, read 82613, write 667878, timeout 141291
  Non-2xx or 3xx responses: 2380
Requests/sec:     68.70
Transfer/sec:      0.91MB
