Running 30m test @ http://20.90.251.39:60/wrk2-api/post/compose
  2 threads and 1000 connections
  Thread calibration: mean lat.: 4597.911ms, rate sampling interval: 15548ms
  Thread calibration: mean lat.: 4710.360ms, rate sampling interval: 16171ms
  Thread Stats   Avg      Stdev     99%   +/- Stdev
    Latency    12.14m     7.66m   26.62m    58.56%
    Req/Sec    48.55     16.50    71.00     63.84%
  Latency Distribution (HdrHistogram - Recorded Latency)
 50.000%   10.84m 
 75.000%   18.84m 
 90.000%   23.23m 
 99.000%   26.62m 
 99.900%   27.72m 
 99.990%   28.73m 
 99.999%   29.13m 
100.000%   29.26m 

  Detailed Percentile spectrum:
       Value   Percentile   TotalCount 1/(1-Percentile)

    4071.423     0.000000            1         1.00
  142475.263     0.100000        17494         1.11
  272891.903     0.200000        34998         1.25
  390594.559     0.300000        52483         1.43
  511442.943     0.400000        69973         1.67
  650117.119     0.500000        87477         2.00
  755499.007     0.550000        96220         2.22
  860880.895     0.600000       105002         2.50
  956301.311     0.650000       113734         2.86
 1043333.119     0.700000       122502         3.33
 1130364.927     0.750000       131201         4.00
 1174405.119     0.775000       135583         4.44
 1219493.887     0.800000       140037         5.00
 1263534.079     0.825000       144392         5.71
 1306525.695     0.850000       148752         6.67
 1351614.463     0.875000       153171         8.00
 1372585.983     0.887500       155290         8.89
 1393557.503     0.900000       157460        10.00
 1415577.599     0.912500       159702        11.43
 1437597.695     0.925000       161844        13.33
 1460666.367     0.937500       164008        16.00
 1473249.279     0.943750       165170        17.78
 1485832.191     0.950000       166252        20.00
 1498415.103     0.956250       167317        22.86
 1512046.591     0.962500       168382        26.67
 1526726.655     0.968750       169502        32.00
 1535115.263     0.971875       170044        35.56
 1544552.447     0.975000       170623        40.00
 1552941.055     0.978125       171115        45.71
 1562378.239     0.981250       171681        53.33
 1573912.575     0.984375       172235        64.00
 1579155.455     0.985938       172496        71.11
 1585446.911     0.987500       172760        80.00
 1592786.943     0.989062       173062        91.43
 1599078.399     0.990625       173315       106.67
 1606418.431     0.992188       173595       128.00
 1609564.159     0.992969       173712       142.22
 1612709.887     0.993750       173841       160.00
 1616904.191     0.994531       173991       182.86
 1621098.495     0.995313       174121       213.33
 1625292.799     0.996094       174258       256.00
 1628438.527     0.996484       174331       284.44
 1631584.255     0.996875       174404       320.00
 1634729.983     0.997266       174473       365.71
 1637875.711     0.997656       174531       426.67
 1641021.439     0.998047       174592       512.00
 1643118.591     0.998242       174625       568.89
 1648361.471     0.998437       174669       640.00
 1651507.199     0.998633       174701       731.43
 1656750.079     0.998828       174728       853.33
 1664090.111     0.999023       174764      1024.00
 1669332.991     0.999121       174782      1137.78
 1673527.295     0.999219       174800      1280.00
 1681915.903     0.999316       174820      1462.86
 1686110.207     0.999414       174830      1706.67
 1691353.087     0.999512       174849      2048.00
 1696595.967     0.999561       174858      2275.56
 1700790.271     0.999609       174868      2560.00
 1702887.423     0.999658       174875      2925.71
 1707081.727     0.999707       174881      3413.33
 1711276.031     0.999756       174894      4096.00
 1711276.031     0.999780       174894      4551.11
 1713373.183     0.999805       174898      5120.00
 1717567.487     0.999829       174904      5851.43
 1720713.215     0.999854       174909      6826.67
 1722810.367     0.999878       174913      8192.00
 1722810.367     0.999890       174913      9102.22
 1723858.943     0.999902       174915     10240.00
 1724907.519     0.999915       174918     11702.86
 1728053.247     0.999927       174920     13653.33
 1729101.823     0.999939       174922     16384.00
 1736441.855     0.999945       174924     18204.44
 1736441.855     0.999951       174924     20480.00
 1737490.431     0.999957       174925     23405.71
 1739587.583     0.999963       174927     27306.67
 1739587.583     0.999969       174927     32768.00
 1743781.887     0.999973       174928     36408.89
 1743781.887     0.999976       174928     40960.00
 1747976.191     0.999979       174930     46811.43
 1747976.191     0.999982       174930     54613.33
 1747976.191     0.999985       174930     65536.00
 1747976.191     0.999986       174930     72817.78
 1747976.191     0.999988       174930     81920.00
 1752170.495     0.999989       174931     93622.86
 1752170.495     0.999991       174931    109226.67
 1752170.495     0.999992       174931    131072.00
 1752170.495     0.999993       174931    145635.56
 1752170.495     0.999994       174931    163840.00
 1755316.223     0.999995       174932    187245.71
 1755316.223     1.000000       174932          inf
#[Mean    =   728344.847, StdDeviation   =   459607.191]
#[Max     =  1754267.648, Total count    =       174932]
#[Buckets =           27, SubBuckets     =         2048]
----------------------------------------------------------
  175887 requests in 30.00m, 33.06MB read
  Socket errors: connect 0, read 28291, write 775363, timeout 523021
  Non-2xx or 3xx responses: 1413
Requests/sec:     97.71
Transfer/sec:     18.81KB
