Running 30m test @ http://20.90.75.77:60/wrk2-api/post/compose
  2 threads and 1000 connections
  Thread calibration: mean lat.: 4051.079ms, rate sampling interval: 15491ms
  Thread calibration: mean lat.: 4258.126ms, rate sampling interval: 16031ms
  Thread Stats   Avg      Stdev     99%   +/- Stdev
    Latency    11.97m     7.68m   27.04m    58.93%
    Req/Sec    42.90     15.50    65.00     68.14%
  Latency Distribution (HdrHistogram - Recorded Latency)
 50.000%   10.61m 
 75.000%   18.65m 
 90.000%   23.26m 
 99.000%   27.04m 
 99.900%   28.43m 
 99.990%   29.24m 
 99.999%   29.41m 
100.000%   29.53m 

  Detailed Percentile spectrum:
       Value   Percentile   TotalCount 1/(1-Percentile)

    4812.799     0.000000            1         1.00
  135004.159     0.100000        15580         1.11
  262012.927     0.200000        31150         1.25
  385875.967     0.300000        46725         1.43
  512491.519     0.400000        62296         1.67
  636485.631     0.500000        77882         2.00
  708313.087     0.550000        85660         2.22
  818937.855     0.600000        93430         2.50
  926416.895     0.650000       101225         2.86
 1026031.615     0.700000       109022         3.33
 1118830.591     0.750000       116844         4.00
 1161822.207     0.775000       120712         4.44
 1204813.823     0.800000       124602         5.00
 1248854.015     0.825000       128511         5.71
 1296039.935     0.850000       132426         6.67
 1344274.431     0.875000       136259         8.00
 1370488.831     0.887500       138209         8.89
 1395654.655     0.900000       140148        10.00
 1422917.631     0.912500       142191        11.43
 1447034.879     0.925000       144030        13.33
 1472200.703     0.937500       146007        16.00
 1485832.191     0.943750       147007        17.78
 1499463.679     0.950000       147965        20.00
 1513095.167     0.956250       148898        22.86
 1528823.807     0.962500       149893        26.67
 1545601.023     0.968750       150883        32.00
 1555038.207     0.971875       151376        35.56
 1564475.391     0.975000       151848        40.00
 1574961.151     0.978125       152313        45.71
 1587544.063     0.981250       152831        53.33
 1599078.399     0.984375       153294        64.00
 1605369.855     0.985938       153557        71.11
 1611661.311     0.987500       153789        80.00
 1617952.767     0.989062       154030        91.43
 1624244.223     0.990625       154247       106.67
 1631584.255     0.992188       154496       128.00
 1635778.559     0.992969       154646       142.22
 1638924.287     0.993750       154749       160.00
 1643118.591     0.994531       154876       182.86
 1647312.895     0.995313       154982       213.33
 1651507.199     0.996094       155099       256.00
 1654652.927     0.996484       155168       284.44
 1657798.655     0.996875       155234       320.00
 1661992.959     0.997266       155283       365.71
 1666187.263     0.997656       155343       426.67
 1672478.719     0.998047       155406       512.00
 1676673.023     0.998242       155433       568.89
 1684013.055     0.998437       155465       640.00
 1691353.087     0.998633       155500       731.43
 1698693.119     0.998828       155525       853.33
 1708130.303     0.999023       155556      1024.00
 1713373.183     0.999121       155570      1137.78
 1718616.063     0.999219       155589      1280.00
 1723858.943     0.999316       155603      1462.86
 1727004.671     0.999414       155615      1706.67
 1732247.551     0.999512       155634      2048.00
 1733296.127     0.999561       155638      2275.56
 1736441.855     0.999609       155648      2560.00
 1739587.583     0.999658       155654      2925.71
 1741684.735     0.999707       155662      3413.33
 1743781.887     0.999756       155668      4096.00
 1745879.039     0.999780       155673      4551.11
 1746927.615     0.999805       155676      5120.00
 1750073.343     0.999829       155681      5851.43
 1752170.495     0.999854       155686      6826.67
 1753219.071     0.999878       155687      8192.00
 1754267.647     0.999890       155690      9102.22
 1755316.223     0.999902       155693     10240.00
 1755316.223     0.999915       155693     11702.86
 1757413.375     0.999927       155698     13653.33
 1757413.375     0.999939       155698     16384.00
 1757413.375     0.999945       155698     18204.44
 1758461.951     0.999951       155699     20480.00
 1759510.527     0.999957       155700     23405.71
 1760559.103     0.999963       155701     27306.67
 1761607.679     0.999969       155702     32768.00
 1761607.679     0.999973       155702     36408.89
 1764753.407     0.999976       155704     40960.00
 1764753.407     0.999979       155704     46811.43
 1764753.407     0.999982       155704     54613.33
 1764753.407     0.999985       155704     65536.00
 1764753.407     0.999986       155704     72817.78
 1765801.983     0.999988       155705     81920.00
 1765801.983     0.999989       155705     93622.86
 1765801.983     0.999991       155705    109226.67
 1765801.983     0.999992       155705    131072.00
 1765801.983     0.999993       155705    145635.56
 1772093.439     0.999994       155706    163840.00
 1772093.439     1.000000       155706          inf
#[Mean    =   718344.616, StdDeviation   =   460813.759]
#[Max     =  1771044.864, Total count    =       155706]
#[Buckets =           27, SubBuckets     =         2048]
----------------------------------------------------------
  156734 requests in 30.00m, 29.42MB read
  Socket errors: connect 0, read 45331, write 773908, timeout 531236
  Non-2xx or 3xx responses: 845
Requests/sec:     87.07
Transfer/sec:     16.74KB
