Running 30m test @ http://20.90.75.77:60/wrk2-api/home-timeline/read
  2 threads and 1000 connections
  Thread calibration: mean lat.: 2292.010ms, rate sampling interval: 10297ms
  Thread calibration: mean lat.: 2213.385ms, rate sampling interval: 10018ms
  Thread Stats   Avg      Stdev     99%   +/- Stdev
    Latency    14.43m     7.62m   27.04m    59.16%
    Req/Sec    52.89      9.76    68.00     59.54%
  Latency Distribution (HdrHistogram - Recorded Latency)
 50.000%   15.27m 
 75.000%   20.74m 
 90.000%   24.36m 
 99.000%   27.04m 
 99.900%   27.77m 
 99.990%   28.08m 
 99.999%   28.26m 
100.000%   28.36m 

  Detailed Percentile spectrum:
       Value   Percentile   TotalCount 1/(1-Percentile)

    4040.703     0.000000            1         1.00
  187170.815     0.100000        19127         1.11
  378535.935     0.200000        38233         1.25
  571473.919     0.300000        57344         1.43
  781189.119     0.400000        76514         1.67
  915931.135     0.500000        95571         2.00
  983039.999     0.550000       105162         2.22
 1048575.999     0.600000       114744         2.50
 1114636.287     0.650000       124341         2.86
 1179647.999     0.700000       133876         3.33
 1244659.711     0.750000       143441         4.00
 1278214.143     0.775000       148200         4.44
 1312817.151     0.800000       152977         5.00
 1350565.887     0.825000       157776         5.71
 1387266.047     0.850000       162548         6.67
 1426063.359     0.875000       167298         8.00
 1444937.727     0.887500       169760         8.89
 1461714.943     0.900000       172061        10.00
 1479540.735     0.912500       174429        11.43
 1498415.103     0.925000       176881        13.33
 1516240.895     0.937500       179246        16.00
 1524629.503     0.943750       180419        17.78
 1534066.687     0.950000       181706        20.00
 1542455.295     0.956250       182840        22.86
 1551892.479     0.962500       184048        26.67
 1561329.663     0.968750       185170        32.00
 1567621.119     0.971875       185838        35.56
 1573912.575     0.975000       186419        40.00
 1581252.607     0.978125       186982        45.71
 1589641.215     0.981250       187561        53.33
 1601175.551     0.984375       188197        64.00
 1606418.431     0.985938       188450        71.11
 1612709.887     0.987500       188769        80.00
 1619001.343     0.989062       189091        91.43
 1624244.223     0.990625       189349       106.67
 1631584.255     0.992188       189678       128.00
 1634729.983     0.992969       189807       142.22
 1637875.711     0.993750       189956       160.00
 1641021.439     0.994531       190098       182.86
 1644167.167     0.995313       190243       213.33
 1648361.471     0.996094       190414       256.00
 1650458.623     0.996484       190497       284.44
 1651507.199     0.996875       190544       320.00
 1653604.351     0.997266       190615       365.71
 1655701.503     0.997656       190692       426.67
 1658847.231     0.998047       190783       512.00
 1659895.807     0.998242       190825       568.89
 1660944.383     0.998437       190844       640.00
 1663041.535     0.998633       190888       731.43
 1665138.687     0.998828       190938       853.33
 1666187.263     0.999023       190956      1024.00
 1667235.839     0.999121       190968      1137.78
 1668284.415     0.999219       190988      1280.00
 1670381.567     0.999316       191015      1462.86
 1671430.143     0.999414       191026      1706.67
 1673527.295     0.999512       191051      2048.00
 1674575.871     0.999561       191059      2275.56
 1675624.447     0.999609       191068      2560.00
 1676673.023     0.999658       191079      2925.71
 1677721.599     0.999707       191089      3413.33
 1677721.599     0.999756       191089      4096.00
 1678770.175     0.999780       191095      4551.11
 1679818.751     0.999805       191100      5120.00
 1680867.327     0.999829       191104      5851.43
 1681915.903     0.999854       191109      6826.67
 1684013.055     0.999878       191113      8192.00
 1685061.631     0.999890       191120      9102.22
 1685061.631     0.999902       191120     10240.00
 1685061.631     0.999915       191120     11702.86
 1686110.207     0.999927       191123     13653.33
 1688207.359     0.999939       191125     16384.00
 1688207.359     0.999945       191125     18204.44
 1689255.935     0.999951       191126     20480.00
 1690304.511     0.999957       191129     23405.71
 1690304.511     0.999963       191129     27306.67
 1691353.087     0.999969       191131     32768.00
 1691353.087     0.999973       191131     36408.89
 1691353.087     0.999976       191131     40960.00
 1691353.087     0.999979       191131     46811.43
 1693450.239     0.999982       191132     54613.33
 1695547.391     0.999985       191133     65536.00
 1695547.391     0.999986       191133     72817.78
 1695547.391     0.999988       191133     81920.00
 1695547.391     0.999989       191133     93622.86
 1697644.543     0.999991       191134    109226.67
 1697644.543     0.999992       191134    131072.00
 1697644.543     0.999993       191134    145635.56
 1697644.543     0.999994       191134    163840.00
 1697644.543     0.999995       191134    187245.71
 1701838.847     0.999995       191135    218453.33
 1701838.847     1.000000       191135          inf
#[Mean    =   865850.214, StdDeviation   =   457209.856]
#[Max     =  1700790.272, Total count    =       191135]
#[Buckets =           27, SubBuckets     =         2048]
----------------------------------------------------------
  193886 requests in 30.00m, 2.55GB read
  Socket errors: connect 0, read 45725, write 247867, timeout 129887
  Non-2xx or 3xx responses: 1631
Requests/sec:    107.71
Transfer/sec:      1.45MB
