Running 30m test @ http://51.145.94.116:60/wrk2-api/post/compose
  2 threads and 1000 connections
  Thread calibration: mean lat.: 4688.482ms, rate sampling interval: 15663ms
  Thread calibration: mean lat.: 4542.578ms, rate sampling interval: 15122ms
  Thread Stats   Avg      Stdev     99%   +/- Stdev
    Latency     7.37m     4.81m   22.61m    66.80%
    Req/Sec    10.77      9.73    25.00     60.87%
  Latency Distribution (HdrHistogram - Recorded Latency)
 50.000%    7.05m 
 75.000%   10.63m 
 90.000%   13.05m 
 99.000%   22.61m 
 99.900%   25.53m 
 99.990%   28.15m 
 99.999%   28.45m 
100.000%   28.45m 

  Detailed Percentile spectrum:
       Value   Percentile   TotalCount 1/(1-Percentile)

    6602.751     0.000000            1         1.00
   80936.959     0.100000         3992         1.11
  167510.015     0.200000         7975         1.25
  250085.375     0.300000        11965         1.43
  334233.599     0.400000        15951         1.67
  422838.271     0.500000        19943         2.00
  465305.599     0.550000        21927         2.22
  509083.647     0.600000        23924         2.50
  551550.975     0.650000        25913         2.86
  594542.591     0.700000        27912         3.33
  637534.207     0.750000        29916         4.00
  659030.015     0.775000        30916         4.44
  682098.687     0.800000        31899         5.00
  706215.935     0.825000        32908         5.71
  729284.607     0.850000        33889         6.67
  754450.431     0.875000        34893         8.00
  769130.495     0.887500        35395         8.89
  783286.271     0.900000        35883        10.00
  799014.911     0.912500        36375        11.43
  818413.567     0.925000        36873        13.33
  844103.679     0.937500        37376        16.00
  859308.031     0.943750        37623        17.78
  878706.687     0.950000        37869        20.00
  909639.679     0.956250        38121        22.86
  976224.255     0.962500        38369        26.67
 1070596.095     0.968750        38618        32.00
 1113587.711     0.971875        38742        35.56
 1157627.903     0.975000        38869        40.00
 1201668.095     0.978125        38993        45.71
 1240465.407     0.981250        39120        53.33
 1278214.143     0.984375        39240        64.00
 1298137.087     0.985938        39302        71.11
 1321205.759     0.987500        39365        80.00
 1342177.279     0.989062        39427        91.43
 1365245.951     0.990625        39490       106.67
 1393557.503     0.992188        39552       128.00
 1402994.687     0.992969        39585       142.22
 1414529.023     0.993750        39617       160.00
 1428160.511     0.994531        39647       182.86
 1440743.423     0.995313        39676       213.33
 1455423.487     0.996094        39710       256.00
 1465909.247     0.996484        39722       284.44
 1475346.431     0.996875        39738       320.00
 1483735.039     0.997266        39754       365.71
 1494220.799     0.997656        39770       426.67
 1502609.407     0.998047        39785       512.00
 1510998.015     0.998242        39794       568.89
 1519386.623     0.998437        39802       640.00
 1521483.775     0.998633        39809       731.43
 1526726.655     0.998828        39816       853.33
 1533018.111     0.999023        39824      1024.00
 1540358.143     0.999121        39827      1137.78
 1544552.447     0.999219        39831      1280.00
 1558183.935     0.999316        39835      1462.86
 1572863.999     0.999414        39840      1706.67
 1589641.215     0.999512        39843      2048.00
 1593835.519     0.999561        39845      2275.56
 1632632.831     0.999609        39847      2560.00
 1635778.559     0.999658        39849      2925.71
 1645215.743     0.999707        39851      3413.33
 1655701.503     0.999756        39853      4096.00
 1663041.535     0.999780        39854      4551.11
 1666187.263     0.999805        39855      5120.00
 1670381.567     0.999829        39856      5851.43
 1679818.751     0.999854        39857      6826.67
 1689255.935     0.999878        39858      8192.00
 1689255.935     0.999890        39858      9102.22
 1700790.271     0.999902        39859     10240.00
 1700790.271     0.999915        39859     11702.86
 1702887.423     0.999927        39860     13653.33
 1702887.423     0.999939        39860     16384.00
 1702887.423     0.999945        39860     18204.44
 1704984.575     0.999951        39861     20480.00
 1704984.575     0.999957        39861     23405.71
 1704984.575     0.999963        39861     27306.67
 1704984.575     0.999969        39861     32768.00
 1704984.575     0.999973        39861     36408.89
 1707081.727     0.999976        39862     40960.00
 1707081.727     1.000000        39862          inf
#[Mean    =   442239.161, StdDeviation   =   288622.734]
#[Max     =  1706033.152, Total count    =        39862]
#[Buckets =           27, SubBuckets     =         2048]
----------------------------------------------------------
  40394 requests in 30.03m, 7.58MB read
  Socket errors: connect 0, read 12090, write 1495993, timeout 196317
  Non-2xx or 3xx responses: 191
Requests/sec:     22.42
Transfer/sec:      4.31KB
