Running 30m test @ http://20.117.70.193:60/wrk2-api/home-timeline/read
  2 threads and 1000 connections
  Thread calibration: mean lat.: 1058.642ms, rate sampling interval: 5312ms
  Thread calibration: mean lat.: 1157.720ms, rate sampling interval: 5722ms
  Thread Stats   Avg      Stdev     99%   +/- Stdev
    Latency    11.17m     6.59m   22.61m    57.74%
    Req/Sec   119.44      9.38   140.00     80.25%
  Latency Distribution (HdrHistogram - Recorded Latency)
 50.000%   11.11m 
 75.000%   16.86m 
 90.000%   20.36m 
 99.000%   22.61m 
 99.900%   23.24m 
 99.990%   23.65m 
 99.999%   23.86m 
100.000%   23.91m 

  Detailed Percentile spectrum:
       Value   Percentile   TotalCount 1/(1-Percentile)

     954.879     0.000000            1         1.00
  127074.303     0.100000        42922         1.11
  259391.487     0.200000        85866         1.25
  394788.863     0.300000       128840         1.43
  529268.735     0.400000       171687         1.67
  666370.047     0.500000       214686         2.00
  734527.487     0.550000       236089         2.22
  803209.215     0.600000       257670         2.50
  873463.807     0.650000       279075         2.86
  941096.959     0.700000       300430         3.33
 1011351.551     0.750000       322015         4.00
 1045954.559     0.775000       332624         4.44
 1081081.855     0.800000       343387         5.00
 1115684.863     0.825000       354235         5.71
 1151336.447     0.850000       365082         6.67
 1185939.455     0.875000       375551         8.00
 1203765.247     0.887500       381014         8.89
 1221591.039     0.900000       386426        10.00
 1239416.831     0.912500       391794        11.43
 1257242.623     0.925000       397251        13.33
 1274019.839     0.937500       402390        16.00
 1283457.023     0.943750       405282        17.78
 1291845.631     0.950000       407760        20.00
 1301282.815     0.956250       410633        22.86
 1309671.423     0.962500       413199        26.67
 1319108.607     0.968750       415908        32.00
 1323302.911     0.971875       417148        35.56
 1328545.791     0.975000       418661        40.00
 1333788.671     0.978125       419981        45.71
 1339031.551     0.981250       421273        53.33
 1344274.431     0.984375       422512        64.00
 1347420.159     0.985938       423223        71.11
 1350565.887     0.987500       423883        80.00
 1353711.615     0.989062       424504        91.43
 1357905.919     0.990625       425200       106.67
 1362100.223     0.992188       425908       128.00
 1364197.375     0.992969       426254       142.22
 1366294.527     0.993750       426540       160.00
 1369440.255     0.994531       426969       182.86
 1371537.407     0.995313       427214       213.33
 1374683.135     0.996094       427538       256.00
 1376780.287     0.996484       427708       284.44
 1378877.439     0.996875       427912       320.00
 1380974.591     0.997266       428039       365.71
 1383071.743     0.997656       428196       426.67
 1386217.471     0.998047       428381       512.00
 1387266.047     0.998242       428446       568.89
 1389363.199     0.998437       428559       640.00
 1390411.775     0.998633       428608       731.43
 1393557.503     0.998828       428718       853.33
 1394606.079     0.999023       428764      1024.00
 1396703.231     0.999121       428824      1137.78
 1397751.807     0.999219       428862      1280.00
 1399848.959     0.999316       428898      1462.86
 1401946.111     0.999414       428934      1706.67
 1404043.263     0.999512       428980      2048.00
 1405091.839     0.999561       429001      2275.56
 1406140.415     0.999609       429015      2560.00
 1407188.991     0.999658       429038      2925.71
 1409286.143     0.999707       429066      3413.33
 1410334.719     0.999756       429082      4096.00
 1411383.295     0.999780       429089      4551.11
 1413480.447     0.999805       429103      5120.00
 1414529.023     0.999829       429114      5851.43
 1415577.599     0.999854       429123      6826.67
 1417674.751     0.999878       429135      8192.00
 1417674.751     0.999890       429135      9102.22
 1418723.327     0.999902       429143     10240.00
 1419771.903     0.999915       429152     11702.86
 1419771.903     0.999927       429152     13653.33
 1420820.479     0.999939       429155     16384.00
 1421869.055     0.999945       429159     18204.44
 1425014.783     0.999951       429162     20480.00
 1426063.359     0.999957       429165     23405.71
 1427111.935     0.999963       429167     27306.67
 1428160.511     0.999969       429169     32768.00
 1429209.087     0.999973       429171     36408.89
 1429209.087     0.999976       429171     40960.00
 1430257.663     0.999979       429175     46811.43
 1430257.663     0.999982       429175     54613.33
 1430257.663     0.999985       429175     65536.00
 1431306.239     0.999986       429177     72817.78
 1431306.239     0.999988       429177     81920.00
 1431306.239     0.999989       429177     93622.86
 1432354.815     0.999991       429180    109226.67
 1432354.815     0.999992       429180    131072.00
 1432354.815     0.999993       429180    145635.56
 1432354.815     0.999994       429180    163840.00
 1432354.815     0.999995       429180    187245.71
 1432354.815     0.999995       429180    218453.33
 1432354.815     0.999996       429180    262144.00
 1432354.815     0.999997       429180    291271.11
 1432354.815     0.999997       429180    327680.00
 1432354.815     0.999997       429180    374491.43
 1434451.967     0.999998       429181    436906.67
 1434451.967     1.000000       429181          inf
#[Mean    =   670284.135, StdDeviation   =   395132.958]
#[Max     =  1433403.392, Total count    =       429181]
#[Buckets =           27, SubBuckets     =         2048]
----------------------------------------------------------
  435252 requests in 30.00m, 5.78GB read
  Socket errors: connect 0, read 10516, write 17943, timeout 121586
  Non-2xx or 3xx responses: 169
Requests/sec:    241.81
Transfer/sec:      3.29MB
