Running 30m test @ http://20.108.19.171:60/wrk2-api/home-timeline/read
  2 threads and 1000 connections
  Thread calibration: mean lat.: 15.982ms, rate sampling interval: 62ms
  Thread calibration: mean lat.: 15.938ms, rate sampling interval: 65ms
  Thread Stats   Avg      Stdev     99%   +/- Stdev
    Latency     1.34m     0.98m    3.67m    60.54%
    Req/Sec   460.73    114.88   754.00     69.35%
  Latency Distribution (HdrHistogram - Recorded Latency)
 50.000%    1.28m 
 75.000%    2.06m 
 90.000%    2.68m 
 99.000%    3.67m 
 99.900%    4.36m 
 99.990%    4.72m 
 99.999%    4.98m 
100.000%    5.12m 

  Detailed Percentile spectrum:
       Value   Percentile   TotalCount 1/(1-Percentile)

       1.411     0.000000            1         1.00
    2357.247     0.100000       162233         1.11
   18300.927     0.200000       324541         1.25
   37912.575     0.300000       486945         1.43
   57802.751     0.400000       649179         1.67
   76611.583     0.500000       811431         2.00
   85786.623     0.550000       892781         2.22
   94896.127     0.600000       973386         2.50
  104464.383     0.650000      1054851         2.86
  113770.495     0.700000      1135874         3.33
  123535.359     0.750000      1217141         4.00
  128843.775     0.775000      1257543         4.44
  134479.871     0.800000      1298722         5.00
  140247.039     0.825000      1339101         5.71
  146407.423     0.850000      1379271         6.67
  153354.239     0.875000      1420196         8.00
  157024.255     0.887500      1440082         8.89
  160956.415     0.900000      1460168        10.00
  165412.863     0.912500      1480811        11.43
  170524.671     0.925000      1501009        13.33
  175636.479     0.937500      1520955        16.00
  178520.063     0.943750      1531356        17.78
  181665.791     0.950000      1541476        20.00
  185335.807     0.956250      1551468        22.86
  189399.039     0.962500      1561613        26.67
  193986.559     0.968750      1571634        32.00
  196607.999     0.971875      1576663        35.56
  199491.583     0.975000      1581760        40.00
  202768.383     0.978125      1586901        45.71
  206438.399     0.981250      1591952        53.33
  210632.703     0.984375      1596957        64.00
  212991.999     0.985938      1599569        71.11
  215482.367     0.987500      1602060        80.00
  218365.951     0.989062      1604577        91.43
  221511.679     0.990625      1607166       106.67
  225312.767     0.992188      1609616       128.00
  227672.063     0.992969      1610929       142.22
  230031.359     0.993750      1612207       160.00
  232390.655     0.994531      1613452       182.86
  235012.095     0.995313      1614727       213.33
  238419.967     0.996094      1615964       256.00
  240386.047     0.996484      1616603       284.44
  242614.271     0.996875      1617223       320.00
  244842.495     0.997266      1617871       365.71
  247201.791     0.997656      1618497       426.67
  250216.447     0.998047      1619118       512.00
  252051.455     0.998242      1619441       568.89
  253886.463     0.998437      1619751       640.00
  256114.687     0.998633      1620065       731.43
  258867.199     0.998828      1620387       853.33
  261750.783     0.999023      1620700      1024.00
  263454.719     0.999121      1620859      1137.78
  265945.087     0.999219      1621018      1280.00
  268173.311     0.999316      1621174      1462.86
  270794.751     0.999414      1621352      1706.67
  272891.903     0.999512      1621507      2048.00
  273678.335     0.999561      1621573      2275.56
  274726.911     0.999609      1621648      2560.00
  276037.631     0.999658      1621735      2925.71
  276824.063     0.999707      1621809      3413.33
  277872.639     0.999756      1621892      4096.00
  278396.927     0.999780      1621926      4551.11
  279445.503     0.999805      1621968      5120.00
  280494.079     0.999829      1622004      5851.43
  281542.655     0.999854      1622049      6826.67
  282329.087     0.999878      1622085      8192.00
  282853.375     0.999890      1622104      9102.22
  283377.663     0.999902      1622125     10240.00
  284164.095     0.999915      1622150     11702.86
  285212.671     0.999927      1622164     13653.33
  287047.679     0.999939      1622185     16384.00
  287571.967     0.999945      1622194     18204.44
  288358.399     0.999951      1622202     20480.00
  289669.119     0.999957      1622215     23405.71
  290455.551     0.999963      1622222     27306.67
  293601.279     0.999969      1622232     32768.00
  294125.567     0.999973      1622238     36408.89
  294649.855     0.999976      1622242     40960.00
  295698.431     0.999979      1622249     46811.43
  296747.007     0.999982      1622252     54613.33
  297533.439     0.999985      1622257     65536.00
  297795.583     0.999986      1622260     72817.78
  298319.871     0.999988      1622262     81920.00
  298582.015     0.999989      1622264     93622.86
  299368.447     0.999991      1622268    109226.67
  300417.023     0.999992      1622269    131072.00
  301465.599     0.999993      1622272    145635.56
  301465.599     0.999994      1622272    163840.00
  301989.887     0.999995      1622274    187245.71
  301989.887     0.999995      1622274    218453.33
  302776.319     0.999996      1622275    262144.00
  303824.895     0.999997      1622278    291271.11
  303824.895     0.999997      1622278    327680.00
  303824.895     0.999997      1622278    374491.43
  303824.895     0.999998      1622278    436906.67
  303824.895     0.999998      1622278    524288.00
  304087.039     0.999998      1622279    582542.22
  304087.039     0.999998      1622279    655360.00
  304087.039     0.999999      1622279    748982.86
  305922.047     0.999999      1622280    873813.33
  305922.047     0.999999      1622280   1048576.00
  305922.047     0.999999      1622280   1165084.44
  305922.047     0.999999      1622280   1310720.00
  305922.047     0.999999      1622280   1497965.71
  307232.767     0.999999      1622281   1747626.67
  307232.767     1.000000      1622281          inf
#[Mean    =    80137.461, StdDeviation   =    58843.508]
#[Max     =   306970.624, Total count    =      1622281]
#[Buckets =           27, SubBuckets     =         2048]
----------------------------------------------------------
  1631752 requests in 30.00m, 22.02GB read
  Socket errors: connect 0, read 11706, write 154128, timeout 121686
  Non-2xx or 3xx responses: 389
Requests/sec:    906.52
Transfer/sec:     12.53MB
