Running 60m test @ http://13.87.77.10:60/wrk2-api/post/compose
  2 threads and 1000 connections
  Thread calibration: mean lat.: 10.346ms, rate sampling interval: 33ms
  Thread calibration: mean lat.: 10.486ms, rate sampling interval: 32ms
  Thread Stats   Avg      Stdev     99%   +/- Stdev
    Latency    13.53s    10.07s   39.71s    63.39%
    Req/Sec   505.33    199.69     1.08k    70.96%
  Latency Distribution (HdrHistogram - Recorded Latency)
 50.000%   12.24s 
 75.000%   20.45s 
 90.000%   27.59s 
 99.000%   39.71s 
 99.900%   49.41s 
 99.990%    0.96m 
 99.999%    1.08m 
100.000%    1.15m 

  Detailed Percentile spectrum:
       Value   Percentile   TotalCount 1/(1-Percentile)

       0.124     0.000000            1         1.00
    1090.559     0.100000       356159         1.11
    3667.967     0.200000       712198         1.25
    6434.815     0.300000      1068581         1.43
    9289.727     0.400000      1424659         1.67
   12238.847     0.500000      1780432         2.00
   13754.367     0.550000      1958661         2.22
   15310.847     0.600000      2136701         2.50
   16941.055     0.650000      2315397         2.86
   18644.991     0.700000      2493544         3.33
   20447.231     0.750000      2670838         4.00
   21413.887     0.775000      2759749         4.44
   22446.079     0.800000      2849190         5.00
   23560.191     0.825000      2938848         5.71
   24756.223     0.850000      3027251         6.67
   26083.327     0.875000      3116280         8.00
   26804.223     0.887500      3160276         8.89
   27590.655     0.900000      3204980        10.00
   28442.623     0.912500      3249330        11.43
   29392.895     0.925000      3293715        13.33
   30474.239     0.937500      3338198        16.00
   31080.447     0.943750      3360847        17.78
   31735.807     0.950000      3382779        20.00
   32473.087     0.956250      3405372        22.86
   33292.287     0.962500      3427461        26.67
   34242.559     0.968750      3449851        32.00
   34766.847     0.971875      3460836        35.56
   35356.671     0.975000      3472099        40.00
   36012.031     0.978125      3483203        45.71
   36765.695     0.981250      3494375        53.33
   37617.663     0.984375      3505145        64.00
   38141.951     0.985938      3510996        71.11
   38666.239     0.987500      3516321        80.00
   39321.599     0.989062      3522039        91.43
   40009.727     0.990625      3527534       106.67
   40828.927     0.992188      3532941       128.00
   41320.447     0.992969      3535776       142.22
   41844.735     0.993750      3538599       160.00
   42401.791     0.994531      3541297       182.86
   43089.919     0.995313      3544122       213.33
   43876.351     0.996094      3546926       256.00
   44302.335     0.996484      3548248       284.44
   44793.855     0.996875      3549610       320.00
   45350.911     0.997266      3551000       365.71
   45973.503     0.997656      3552424       426.67
   46694.399     0.998047      3553812       512.00
   47087.615     0.998242      3554476       568.89
   47579.135     0.998437      3555199       640.00
   48103.423     0.998633      3555866       731.43
   48758.783     0.998828      3556592       853.33
   49512.447     0.999023      3557266      1024.00
   49971.199     0.999121      3557626      1137.78
   50397.183     0.999219      3557955      1280.00
   50954.239     0.999316      3558300      1462.86
   51511.295     0.999414      3558648      1706.67
   52166.655     0.999512      3558995      2048.00
   52527.103     0.999561      3559173      2275.56
   52953.087     0.999609      3559347      2560.00
   53411.839     0.999658      3559517      2925.71
   53936.127     0.999707      3559693      3413.33
   54493.183     0.999756      3559864      4096.00
   54919.167     0.999780      3559958      4551.11
   55279.615     0.999805      3560042      5120.00
   55738.367     0.999829      3560131      5851.43
   56328.191     0.999854      3560213      6826.67
   56819.711     0.999878      3560299      8192.00
   57081.855     0.999890      3560346      9102.22
   57376.767     0.999902      3560388     10240.00
   57769.983     0.999915      3560430     11702.86
   58294.271     0.999927      3560479     13653.33
   58753.023     0.999939      3560517     16384.00
   59015.167     0.999945      3560539     18204.44
   59408.383     0.999951      3560561     20480.00
   60096.511     0.999957      3560582     23405.71
   60817.407     0.999963      3560604     27306.67
   61603.839     0.999969      3560625     32768.00
   62029.823     0.999973      3560637     36408.89
   62324.735     0.999976      3560647     40960.00
   62849.023     0.999979      3560657     46811.43
   63340.543     0.999982      3560668     54613.33
   63897.599     0.999985      3560679     65536.00
   64323.583     0.999986      3560687     72817.78
   64651.263     0.999988      3560690     81920.00
   65077.247     0.999989      3560697     93622.86
   65273.855     0.999991      3560701    109226.67
   65634.303     0.999992      3560706    131072.00
   65732.607     0.999993      3560709    145635.56
   65798.143     0.999994      3560712    163840.00
   65961.983     0.999995      3560714    187245.71
   66125.823     0.999995      3560717    218453.33
   66256.895     0.999996      3560720    262144.00
   66322.431     0.999997      3560722    291271.11
   66387.967     0.999997      3560723    327680.00
   66453.503     0.999997      3560724    374491.43
   66584.575     0.999998      3560725    436906.67
   67010.559     0.999998      3560727    524288.00
   67010.559     0.999998      3560727    582542.22
   67239.935     0.999998      3560728    655360.00
   67502.079     0.999999      3560730    748982.86
   67502.079     0.999999      3560730    873813.33
   67502.079     0.999999      3560730   1048576.00
   67502.079     0.999999      3560730   1165084.44
   67567.615     0.999999      3560731   1310720.00
   67567.615     0.999999      3560731   1497965.71
   67567.615     0.999999      3560731   1747626.67
   67960.831     1.000000      3560732   2097152.00
   67960.831     1.000000      3560732   2330168.89
   67960.831     1.000000      3560732   2621440.00
   67960.831     1.000000      3560732   2995931.43
   67960.831     1.000000      3560732   3495253.33
   69271.551     1.000000      3560733   4194304.00
   69271.551     1.000000      3560733          inf
#[Mean    =    13533.200, StdDeviation   =    10067.103]
#[Max     =    69206.016, Total count    =      3560733]
#[Buckets =           27, SubBuckets     =         2048]
----------------------------------------------------------
  3570220 requests in 60.00m, 667.23MB read
  Socket errors: connect 0, read 132, write 27981, timeout 243387
  Non-2xx or 3xx responses: 1
Requests/sec:    991.73
Transfer/sec:    189.79KB
