Running 30m test @ http://20.117.70.94:60/wrk2-api/home-timeline/read
  2 threads and 1000 connections
  Thread calibration: mean lat.: 1549.374ms, rate sampling interval: 6664ms
  Thread calibration: mean lat.: 1441.189ms, rate sampling interval: 6041ms
  Thread Stats   Avg      Stdev     99%   +/- Stdev
    Latency    11.55m     7.00m   23.75m    57.40%
    Req/Sec    99.94     10.10   129.00     80.67%
  Latency Distribution (HdrHistogram - Recorded Latency)
 50.000%   11.43m 
 75.000%   17.59m 
 90.000%   21.39m 
 99.000%   23.75m 
 99.900%   24.41m 
 99.990%   24.82m 
 99.999%   25.27m 
100.000%   25.55m 

  Detailed Percentile spectrum:
       Value   Percentile   TotalCount 1/(1-Percentile)

     968.703     0.000000            1         1.00
  123797.503     0.100000        35957         1.11
  255066.111     0.200000        71908         1.25
  387448.831     0.300000       107864         1.43
  533200.895     0.400000       143825         1.67
  685768.703     0.500000       179801         2.00
  757596.159     0.550000       197714         2.22
  833617.919     0.600000       215682         2.50
  909115.391     0.650000       233701         2.86
  981991.423     0.700000       251663         3.33
 1055391.743     0.750000       269672         4.00
 1094713.343     0.775000       278747         4.44
 1132462.079     0.800000       287681         5.00
 1171259.391     0.825000       296806         5.71
 1207959.551     0.850000       305594         6.67
 1245708.287     0.875000       314629         8.00
 1264582.655     0.887500       319160         8.89
 1283457.023     0.900000       323609        10.00
 1302331.391     0.912500       328055        11.43
 1321205.759     0.925000       332545        13.33
 1340080.127     0.937500       337102        16.00
 1349517.311     0.943750       339445        17.78
 1358954.495     0.950000       341606        20.00
 1368391.679     0.956250       343880        22.86
 1377828.863     0.962500       346080        26.67
 1388314.623     0.968750       348499        32.00
 1392508.927     0.971875       349478        35.56
 1397751.807     0.975000       350694        40.00
 1401946.111     0.978125       351619        45.71
 1408237.567     0.981250       352881        53.33
 1413480.447     0.984375       353902        64.00
 1416626.175     0.985938       354487        71.11
 1419771.903     0.987500       355045        80.00
 1422917.631     0.989062       355571        91.43
 1427111.935     0.990625       356146       106.67
 1431306.239     0.992188       356724       128.00
 1433403.391     0.992969       357015       142.22
 1435500.543     0.993750       357245       160.00
 1438646.271     0.994531       357545       182.86
 1441791.999     0.995313       357875       213.33
 1443889.151     0.996094       358065       256.00
 1445986.303     0.996484       358221       284.44
 1448083.455     0.996875       358374       320.00
 1450180.607     0.997266       358495       365.71
 1453326.335     0.997656       358671       426.67
 1455423.487     0.998047       358770       512.00
 1457520.639     0.998242       358873       568.89
 1459617.791     0.998437       358943       640.00
 1460666.367     0.998633       358988       731.43
 1462763.519     0.998828       359063       853.33
 1464860.671     0.999023       359129      1024.00
 1465909.247     0.999121       359152      1137.78
 1466957.823     0.999219       359184      1280.00
 1469054.975     0.999316       359237      1462.86
 1470103.551     0.999414       359255      1706.67
 1472200.703     0.999512       359289      2048.00
 1474297.855     0.999561       359320      2275.56
 1475346.431     0.999609       359334      2560.00
 1476395.007     0.999658       359345      2925.71
 1478492.159     0.999707       359368      3413.33
 1480589.311     0.999756       359389      4096.00
 1480589.311     0.999780       359389      4551.11
 1481637.887     0.999805       359398      5120.00
 1482686.463     0.999829       359403      5851.43
 1484783.615     0.999854       359413      6826.67
 1485832.191     0.999878       359420      8192.00
 1486880.767     0.999890       359425      9102.22
 1488977.919     0.999902       359428     10240.00
 1490026.495     0.999915       359433     11702.86
 1492123.647     0.999927       359438     13653.33
 1494220.799     0.999939       359443     16384.00
 1496317.951     0.999945       359444     18204.44
 1501560.831     0.999951       359447     20480.00
 1502609.407     0.999957       359449     23405.71
 1504706.559     0.999963       359450     27306.67
 1510998.015     0.999969       359453     32768.00
 1512046.591     0.999973       359454     36408.89
 1513095.167     0.999976       359457     40960.00
 1513095.167     0.999979       359457     46811.43
 1513095.167     0.999982       359457     54613.33
 1514143.743     0.999985       359458     65536.00
 1516240.895     0.999986       359460     72817.78
 1516240.895     0.999988       359460     81920.00
 1516240.895     0.999989       359460     93622.86
 1516240.895     0.999991       359460    109226.67
 1524629.503     0.999992       359461    131072.00
 1524629.503     0.999993       359461    145635.56
 1524629.503     0.999994       359461    163840.00
 1528823.807     0.999995       359462    187245.71
 1528823.807     0.999995       359462    218453.33
 1528823.807     0.999996       359462    262144.00
 1528823.807     0.999997       359462    291271.11
 1528823.807     0.999997       359462    327680.00
 1533018.111     0.999997       359463    374491.43
 1533018.111     1.000000       359463          inf
#[Mean    =   693008.968, StdDeviation   =   420205.194]
#[Max     =  1531969.536, Total count    =       359463]
#[Buckets =           27, SubBuckets     =         2048]
----------------------------------------------------------
  364950 requests in 30.00m, 4.83GB read
  Socket errors: connect 0, read 9571, write 16040, timeout 121657
  Non-2xx or 3xx responses: 160
Requests/sec:    202.75
Transfer/sec:      2.75MB
