Running 30m test @ http://13.87.75.149:60
  2 threads and 1000 connections
  Thread calibration: mean lat.: 23.652ms, rate sampling interval: 101ms
  Thread calibration: mean lat.: 23.278ms, rate sampling interval: 112ms
  Thread Stats   Avg      Stdev     99%   +/- Stdev
    Latency     4.92m     4.46m   19.59m    70.13%
    Req/Sec     2.66      4.93    19.00     82.12%
  Latency Distribution (HdrHistogram - Recorded Latency)
 50.000%    4.07m 
 75.000%    7.35m 
 90.000%   10.77m 
 99.000%   19.59m 
 99.900%   24.29m 
 99.990%   26.30m 
 99.999%   26.86m 
100.000%   26.86m 

  Detailed Percentile spectrum:
       Value   Percentile   TotalCount 1/(1-Percentile)

       2.173     0.000000            1         1.00
    6955.007     0.100000          999         1.11
   45613.055     0.200000         1998         1.25
  102498.303     0.300000         2997         1.43
  176160.767     0.400000         3997         1.67
  244056.063     0.500000         4995         2.00
  279183.359     0.550000         5494         2.22
  314834.943     0.600000         5997         2.50
  356777.983     0.650000         6496         2.86
  396099.583     0.700000         6993         3.33
  441188.351     0.750000         7497         4.00
  465829.887     0.775000         7744         4.44
  492830.719     0.800000         7994         5.00
  522452.991     0.825000         8242         5.71
  556269.567     0.850000         8495         6.67
  594542.591     0.875000         8742         8.00
  619708.415     0.887500         8867         8.89
  646447.103     0.900000         8992        10.00
  671612.927     0.912500         9115        11.43
  708837.375     0.925000         9240        13.33
  748158.975     0.937500         9365        16.00
  777519.103     0.943750         9428        17.78
  808452.095     0.950000         9490        20.00
  840433.663     0.956250         9552        22.86
  880803.839     0.962500         9615        26.67
  945815.551     0.968750         9677        32.00
  963117.055     0.971875         9709        35.56
  986185.727     0.975000         9740        40.00
 1018167.295     0.978125         9774        45.71
 1038090.239     0.981250         9802        53.33
 1070071.807     0.984375         9834        64.00
 1083179.007     0.985938         9849        71.11
 1105199.103     0.987500         9866        80.00
 1147142.143     0.989062         9880        91.43
 1189085.183     0.990625         9897       106.67
 1244659.711     0.992188         9911       128.00
 1280311.295     0.992969         9920       142.22
 1311768.575     0.993750         9927       160.00
 1323302.911     0.994531         9935       182.86
 1341128.703     0.995313         9943       213.33
 1362100.223     0.996094         9950       256.00
 1370488.831     0.996484         9954       284.44
 1374683.135     0.996875         9958       320.00
 1391460.351     0.997266         9962       365.71
 1397751.807     0.997656         9966       426.67
 1406140.415     0.998047         9970       512.00
 1415577.599     0.998242         9973       568.89
 1426063.359     0.998437         9974       640.00
 1429209.087     0.998633         9976       731.43
 1434451.967     0.998828         9978       853.33
 1458569.215     0.999023         9980      1024.00
 1495269.375     0.999121         9981      1137.78
 1517289.471     0.999219         9982      1280.00
 1521483.775     0.999316         9983      1462.86
 1533018.111     0.999414         9984      1706.67
 1567621.119     0.999512         9985      2048.00
 1567621.119     0.999561         9985      2275.56
 1570766.847     0.999609         9986      2560.00
 1570766.847     0.999658         9986      2925.71
 1572863.999     0.999707         9987      3413.33
 1572863.999     0.999756         9987      4096.00
 1572863.999     0.999780         9987      4551.11
 1578106.879     0.999805         9988      5120.00
 1578106.879     0.999829         9988      5851.43
 1578106.879     0.999854         9988      6826.67
 1578106.879     0.999878         9988      8192.00
 1578106.879     0.999890         9988      9102.22
 1611661.311     0.999902         9989     10240.00
 1611661.311     1.000000         9989          inf
#[Mean    =   295458.000, StdDeviation   =   267839.495]
#[Max     =  1610612.736, Total count    =         9989]
#[Buckets =           27, SubBuckets     =         2048]
----------------------------------------------------------
  10078 requests in 30.01m, 4.67MB read
  Socket errors: connect 0, read 0, write 4967, timeout 881363
Requests/sec:      5.60
Transfer/sec:      2.66KB
