Running 30m test @ http://20.108.9.239:60
  2 threads and 1000 connections
  Thread calibration: mean lat.: 4101.183ms, rate sampling interval: 13656ms
  Thread calibration: mean lat.: 4169.907ms, rate sampling interval: 14262ms
  Thread Stats   Avg      Stdev     99%   +/- Stdev
    Latency    12.52m     7.18m   24.75m    57.68%
    Req/Sec   166.85      7.46   181.00     83.20%
  Latency Distribution (HdrHistogram - Recorded Latency)
 50.000%   12.49m 
 75.000%   18.75m 
 90.000%   22.53m 
 99.000%   24.75m 
 99.900%   25.25m 
 99.990%   25.53m 
 99.999%   25.69m 
100.000%   25.74m 

  Detailed Percentile spectrum:
       Value   Percentile   TotalCount 1/(1-Percentile)

    4149.247     0.000000            1         1.00
  156106.751     0.100000        59906         1.11
  304087.039     0.200000       119834         1.25
  453246.975     0.300000       179654         1.43
  599785.471     0.400000       239647         1.67
  749207.551     0.500000       299413         2.00
  823132.159     0.550000       329397         2.22
  897056.767     0.600000       359305         2.50
  973602.815     0.650000       389250         2.86
 1048575.999     0.700000       419346         3.33
 1125122.047     0.750000       449339         4.00
 1163919.359     0.775000       464340         4.44
 1201668.095     0.800000       479126         5.00
 1239416.831     0.825000       494334         5.71
 1277165.567     0.850000       509191         6.67
 1313865.727     0.875000       524064         8.00
 1332740.095     0.887500       531521         8.89
 1351614.463     0.900000       539267        10.00
 1369440.255     0.912500       546599        11.43
 1387266.047     0.925000       554027        13.33
 1405091.839     0.937500       561741        16.00
 1413480.447     0.943750       565286        17.78
 1422917.631     0.950000       569235        20.00
 1431306.239     0.956250       572721        22.86
 1440743.423     0.962500       576568        26.67
 1450180.607     0.968750       580394        32.00
 1454374.911     0.971875       582032        35.56
 1459617.791     0.975000       584063        40.00
 1463812.095     0.978125       585691        45.71
 1469054.975     0.981250       587635        53.33
 1474297.855     0.984375       589465        64.00
 1477443.583     0.985938       590661        71.11
 1479540.735     0.987500       591396        80.00
 1482686.463     0.989062       592403        91.43
 1485832.191     0.990625       593330       106.67
 1488977.919     0.992188       594185       128.00
 1491075.071     0.992969       594718       142.22
 1493172.223     0.993750       595224       160.00
 1495269.375     0.994531       595723       182.86
 1497366.527     0.995313       596125       213.33
 1499463.679     0.996094       596493       256.00
 1501560.831     0.996484       596807       284.44
 1502609.407     0.996875       596961       320.00
 1504706.559     0.997266       597262       365.71
 1505755.135     0.997656       597415       426.67
 1507852.287     0.998047       597658       512.00
 1508900.863     0.998242       597752       568.89
 1509949.439     0.998437       597858       640.00
 1512046.591     0.998633       598019       731.43
 1513095.167     0.998828       598096       853.33
 1515192.319     0.999023       598238      1024.00
 1516240.895     0.999121       598310      1137.78
 1516240.895     0.999219       598310      1280.00
 1518338.047     0.999316       598415      1462.86
 1519386.623     0.999414       598463      1706.67
 1520435.199     0.999512       598508      2048.00
 1521483.775     0.999561       598546      2275.56
 1521483.775     0.999609       598546      2560.00
 1522532.351     0.999658       598575      2925.71
 1524629.503     0.999707       598610      3413.33
 1526726.655     0.999756       598649      4096.00
 1526726.655     0.999780       598649      4551.11
 1527775.231     0.999805       598665      5120.00
 1528823.807     0.999829       598682      5851.43
 1529872.383     0.999854       598702      6826.67
 1530920.959     0.999878       598714      8192.00
 1530920.959     0.999890       598714      9102.22
 1531969.535     0.999902       598721     10240.00
 1533018.111     0.999915       598727     11702.86
 1535115.263     0.999927       598734     13653.33
 1537212.415     0.999939       598742     16384.00
 1538260.991     0.999945       598748     18204.44
 1538260.991     0.999951       598748     20480.00
 1539309.567     0.999957       598761     23405.71
 1539309.567     0.999963       598761     27306.67
 1539309.567     0.999969       598761     32768.00
 1539309.567     0.999973       598761     36408.89
 1540358.143     0.999976       598767     40960.00
 1540358.143     0.999979       598767     46811.43
 1540358.143     0.999982       598767     54613.33
 1541406.719     0.999985       598771     65536.00
 1541406.719     0.999986       598771     72817.78
 1541406.719     0.999988       598771     81920.00
 1541406.719     0.999989       598771     93622.86
 1542455.295     0.999991       598774    109226.67
 1542455.295     0.999992       598774    131072.00
 1542455.295     0.999993       598774    145635.56
 1542455.295     0.999994       598774    163840.00
 1542455.295     0.999995       598774    187245.71
 1543503.871     0.999995       598776    218453.33
 1543503.871     0.999996       598776    262144.00
 1543503.871     0.999997       598776    291271.11
 1543503.871     0.999997       598776    327680.00
 1543503.871     0.999997       598776    374491.43
 1543503.871     0.999998       598776    436906.67
 1543503.871     0.999998       598776    524288.00
 1543503.871     0.999998       598776    582542.22
 1544552.447     0.999998       598777    655360.00
 1544552.447     1.000000       598777          inf
#[Mean    =   751146.252, StdDeviation   =   430834.038]
#[Max     =  1543503.872, Total count    =       598777]
#[Buckets =           27, SubBuckets     =         2048]
----------------------------------------------------------
  601297 requests in 30.00m, 279.66MB read
  Socket errors: connect 0, read 194, write 801, timeout 16279
  Non-2xx or 3xx responses: 3178
Requests/sec:    334.05
Transfer/sec:    159.10KB
