Running 30m test @ http://20.108.185.128:60/wrk2-api/home-timeline/read
  2 threads and 1000 connections
  Thread calibration: mean lat.: 3881.818ms, rate sampling interval: 13746ms
  Thread calibration: mean lat.: 3999.312ms, rate sampling interval: 13975ms
  Thread Stats   Avg      Stdev     99%   +/- Stdev
    Latency    17.49m     7.66m   28.61m    64.03%
    Req/Sec    30.87     14.61    53.00     66.54%
  Latency Distribution (HdrHistogram - Recorded Latency)
 50.000%   19.10m 
 75.000%   23.56m 
 90.000%   26.34m 
 99.000%   28.61m 
 99.900%   29.46m 
 99.990%   29.73m 
 99.999%   29.80m 
100.000%   29.88m 

  Detailed Percentile spectrum:
       Value   Percentile   TotalCount 1/(1-Percentile)

    6119.423     0.000000            1         1.00
  290193.407     0.100000        11256         1.11
  591921.151     0.200000        22514         1.25
  905445.375     0.300000        33778         1.43
 1034944.511     0.400000        45022         1.67
 1146093.567     0.500000        56310         2.00
 1198522.367     0.550000        61913         2.22
 1251999.743     0.600000        67515         2.50
 1305477.119     0.650000        73132         2.86
 1358954.495     0.700000        78761         3.33
 1413480.447     0.750000        84411         4.00
 1440743.423     0.775000        87281         4.44
 1466957.823     0.800000        90005         5.00
 1494220.799     0.825000        92833         5.71
 1522532.351     0.850000        95722         6.67
 1550843.903     0.875000        98459         8.00
 1565523.967     0.887500        99848         8.89
 1580204.031     0.900000       101302        10.00
 1594884.095     0.912500       102752        11.43
 1609564.159     0.925000       104091        13.33
 1626341.375     0.937500       105476        16.00
 1634729.983     0.943750       106190        17.78
 1643118.591     0.950000       106891        20.00
 1651507.199     0.956250       107609        22.86
 1659895.807     0.962500       108345        26.67
 1668284.415     0.968750       108987        32.00
 1673527.295     0.971875       109380        35.56
 1678770.175     0.975000       109734        40.00
 1684013.055     0.978125       110075        45.71
 1689255.935     0.981250       110412        53.33
 1696595.967     0.984375       110762        64.00
 1701838.847     0.985938       110949        71.11
 1707081.727     0.987500       111117        80.00
 1712324.607     0.989062       111285        91.43
 1719664.639     0.990625       111457       106.67
 1728053.247     0.992188       111626       128.00
 1732247.551     0.992969       111711       142.22
 1736441.855     0.993750       111805       160.00
 1740636.159     0.994531       111900       182.86
 1744830.463     0.995313       111986       213.33
 1749024.767     0.996094       112069       256.00
 1751121.919     0.996484       112112       284.44
 1753219.071     0.996875       112153       320.00
 1756364.799     0.997266       112200       365.71
 1759510.527     0.997656       112251       426.67
 1761607.679     0.998047       112292       512.00
 1762656.255     0.998242       112309       568.89
 1764753.407     0.998437       112337       640.00
 1765801.983     0.998633       112359       731.43
 1767899.135     0.998828       112393       853.33
 1767899.135     0.999023       112393      1024.00
 1768947.711     0.999121       112409      1137.78
 1769996.287     0.999219       112417      1280.00
 1772093.439     0.999316       112427      1462.86
 1774190.591     0.999414       112441      1706.67
 1775239.167     0.999512       112449      2048.00
 1776287.743     0.999561       112452      2275.56
 1777336.319     0.999609       112461      2560.00
 1778384.895     0.999658       112469      2925.71
 1778384.895     0.999707       112469      3413.33
 1779433.471     0.999756       112474      4096.00
 1780482.047     0.999780       112480      4551.11
 1780482.047     0.999805       112480      5120.00
 1781530.623     0.999829       112486      5851.43
 1781530.623     0.999854       112486      6826.67
 1782579.199     0.999878       112489      8192.00
 1782579.199     0.999890       112489      9102.22
 1783627.775     0.999902       112491     10240.00
 1784676.351     0.999915       112495     11702.86
 1784676.351     0.999927       112495     13653.33
 1784676.351     0.999939       112495     16384.00
 1784676.351     0.999945       112495     18204.44
 1785724.927     0.999951       112496     20480.00
 1786773.503     0.999957       112499     23405.71
 1786773.503     0.999963       112499     27306.67
 1786773.503     0.999969       112499     32768.00
 1786773.503     0.999973       112499     36408.89
 1786773.503     0.999976       112499     40960.00
 1786773.503     0.999979       112499     46811.43
 1786773.503     0.999982       112499     54613.33
 1787822.079     0.999985       112500     65536.00
 1787822.079     0.999986       112500     72817.78
 1787822.079     0.999988       112500     81920.00
 1787822.079     0.999989       112500     93622.86
 1787822.079     0.999991       112500    109226.67
 1793064.959     0.999992       112501    131072.00
 1793064.959     1.000000       112501          inf
#[Mean    =  1049634.889, StdDeviation   =   459877.651]
#[Max     =  1792016.384, Total count    =       112501]
#[Buckets =           27, SubBuckets     =         2048]
----------------------------------------------------------
  113215 requests in 30.00m, 1.46GB read
  Socket errors: connect 0, read 94972, write 752631, timeout 137809
  Non-2xx or 3xx responses: 3201
Requests/sec:     62.90
Transfer/sec:    848.63KB
