Running 30m test @ http://20.108.185.128:60/wrk2-api/post/compose
  2 threads and 1000 connections
  Thread calibration: mean lat.: 4789.984ms, rate sampling interval: 15605ms
  Thread calibration: mean lat.: 4990.320ms, rate sampling interval: 16080ms
  Thread Stats   Avg      Stdev     99%   +/- Stdev
    Latency     7.57m     4.91m   22.46m    65.90%
    Req/Sec    13.22     11.40    30.00     67.26%
  Latency Distribution (HdrHistogram - Recorded Latency)
 50.000%    7.22m 
 75.000%   10.90m 
 90.000%   13.54m 
 99.000%   22.46m 
 99.900%   25.52m 
 99.990%   26.86m 
 99.999%   27.16m 
100.000%   27.16m 

  Detailed Percentile spectrum:
       Value   Percentile   TotalCount 1/(1-Percentile)

    5656.575     0.000000            1         1.00
   86179.839     0.100000         4848         1.11
  170524.671     0.200000         9699         1.25
  255852.543     0.300000        14544         1.43
  344195.071     0.400000        19394         1.67
  433324.031     0.500000        24243         2.00
  477888.511     0.550000        26671         2.22
  522452.991     0.600000        29087         2.50
  564133.887     0.650000        31541         2.86
  608698.367     0.700000        33935         3.33
  653787.135     0.750000        36368         4.00
  677380.095     0.775000        37587         4.44
  700448.767     0.800000        38791         5.00
  727711.743     0.825000        40004         5.71
  752353.279     0.850000        41211         6.67
  780664.831     0.875000        42432         8.00
  795869.183     0.887500        43028         8.89
  812646.399     0.900000        43639        10.00
  832045.055     0.912500        44247        11.43
  856162.303     0.925000        44847        13.33
  886046.719     0.937500        45455        16.00
  902823.935     0.943750        45752        17.78
  926416.895     0.950000        46055        20.00
  962592.767     0.956250        46359        22.86
 1020788.735     0.962500        46662        26.67
 1086324.735     0.968750        46964        32.00
 1127219.199     0.971875        47114        35.56
 1167065.087     0.975000        47270        40.00
 1202716.671     0.978125        47418        45.71
 1247805.439     0.981250        47575        53.33
 1287651.327     0.984375        47726        64.00
 1307574.271     0.985938        47798        71.11
 1325400.063     0.987500        47873        80.00
 1340080.127     0.989062        47949        91.43
 1356857.343     0.990625        48025       106.67
 1376780.287     0.992188        48100       128.00
 1387266.047     0.992969        48137       142.22
 1399848.959     0.993750        48178       160.00
 1412431.871     0.994531        48212       182.86
 1428160.511     0.995313        48251       213.33
 1445986.303     0.996094        48294       256.00
 1451229.183     0.996484        48307       284.44
 1461714.943     0.996875        48327       320.00
 1466957.823     0.997266        48347       365.71
 1474297.855     0.997656        48365       426.67
 1486880.767     0.998047        48383       512.00
 1493172.223     0.998242        48393       568.89
 1502609.407     0.998437        48402       640.00
 1506803.711     0.998633        48413       731.43
 1519386.623     0.998828        48421       853.33
 1530920.959     0.999023        48430      1024.00
 1539309.567     0.999121        48436      1137.78
 1549795.327     0.999219        48440      1280.00
 1559232.511     0.999316        48444      1462.86
 1568669.695     0.999414        48450      1706.67
 1579155.455     0.999512        48454      2048.00
 1583349.759     0.999561        48456      2275.56
 1585446.911     0.999609        48459      2560.00
 1586495.487     0.999658        48463      2925.71
 1586495.487     0.999707        48463      3413.33
 1589641.215     0.999756        48467      4096.00
 1589641.215     0.999780        48467      4551.11
 1596981.247     0.999805        48468      5120.00
 1598029.823     0.999829        48469      5851.43
 1601175.551     0.999854        48470      6826.67
 1611661.311     0.999878        48472      8192.00
 1611661.311     0.999890        48472      9102.22
 1616904.191     0.999902        48474     10240.00
 1616904.191     0.999915        48474     11702.86
 1616904.191     0.999927        48474     13653.33
 1617952.767     0.999939        48476     16384.00
 1617952.767     0.999945        48476     18204.44
 1617952.767     0.999951        48476     20480.00
 1617952.767     0.999957        48476     23405.71
 1617952.767     0.999963        48476     27306.67
 1617952.767     0.999969        48476     32768.00
 1617952.767     0.999973        48476     36408.89
 1617952.767     0.999976        48476     40960.00
 1617952.767     0.999979        48476     46811.43
 1629487.103     0.999982        48477     54613.33
 1629487.103     1.000000        48477          inf
#[Mean    =   454474.065, StdDeviation   =   294795.784]
#[Max     =  1628438.528, Total count    =        48477]
#[Buckets =           27, SubBuckets     =         2048]
----------------------------------------------------------
  49009 requests in 30.02m, 9.24MB read
  Socket errors: connect 0, read 14733, write 1349195, timeout 217017
  Non-2xx or 3xx responses: 512
Requests/sec:     27.21
Transfer/sec:      5.25KB
