Running 30m test @ http://20.117.66.150:60/wrk2-api/home-timeline/read
  2 threads and 1000 connections
  Thread calibration: mean lat.: 649.019ms, rate sampling interval: 3397ms
  Thread calibration: mean lat.: 660.345ms, rate sampling interval: 3606ms
  Thread Stats   Avg      Stdev     99%   +/- Stdev
    Latency    11.06m     6.62m   22.58m    57.72%
    Req/Sec   120.41     13.47   151.00     77.86%
  Latency Distribution (HdrHistogram - Recorded Latency)
 50.000%   10.82m 
 75.000%   16.84m 
 90.000%   20.39m 
 99.000%   22.58m 
 99.900%   23.23m 
 99.990%   23.61m 
 99.999%   23.91m 
100.000%   23.96m 

  Detailed Percentile spectrum:
       Value   Percentile   TotalCount 1/(1-Percentile)

     572.927     0.000000            1         1.00
  119341.055     0.100000        43257         1.11
  253493.247     0.200000        86527         1.25
  385875.967     0.300000       129783         1.43
  517996.543     0.400000       173043         1.67
  649068.543     0.500000       216319         2.00
  717225.983     0.550000       237942         2.22
  790626.303     0.600000       259566         2.50
  861929.471     0.650000       281257         2.86
  936378.367     0.700000       302896         3.33
 1010302.975     0.750000       324438         4.00
 1044381.695     0.775000       335225         4.44
 1080033.279     0.800000       346323         5.00
 1115684.863     0.825000       356968         5.71
 1153433.599     0.850000       367703         6.67
 1190133.759     0.875000       378774         8.00
 1206910.975     0.887500       384049         8.89
 1223688.191     0.900000       389445        10.00
 1240465.407     0.912500       394934        11.43
 1257242.623     0.925000       400318        13.33
 1272971.263     0.937500       405514        16.00
 1282408.447     0.943750       408485        17.78
 1290797.055     0.950000       411180        20.00
 1299185.663     0.956250       413864        22.86
 1307574.271     0.962500       416404        26.67
 1317011.455     0.968750       419244        32.00
 1321205.759     0.971875       420459        35.56
 1326448.639     0.975000       421915        40.00
 1331691.519     0.978125       423279        45.71
 1336934.399     0.981250       424618        53.33
 1342177.279     0.984375       425787        64.00
 1345323.007     0.985938       426565        71.11
 1348468.735     0.987500       427245        80.00
 1351614.463     0.989062       427820        91.43
 1355808.767     0.990625       428538       106.67
 1360003.071     0.992188       429273       128.00
 1362100.223     0.992969       429598       142.22
 1364197.375     0.993750       429846       160.00
 1367343.103     0.994531       430260       182.86
 1370488.831     0.995313       430589       213.33
 1373634.559     0.996094       430891       256.00
 1375731.711     0.996484       431073       284.44
 1377828.863     0.996875       431248       320.00
 1379926.015     0.997266       431423       365.71
 1382023.167     0.997656       431571       426.67
 1385168.895     0.998047       431770       512.00
 1386217.471     0.998242       431826       568.89
 1387266.047     0.998437       431884       640.00
 1389363.199     0.998633       431968       731.43
 1391460.351     0.998828       432057       853.33
 1393557.503     0.999023       432142      1024.00
 1394606.079     0.999121       432178      1137.78
 1395654.655     0.999219       432209      1280.00
 1397751.807     0.999316       432254      1462.86
 1399848.959     0.999414       432307      1706.67
 1400897.535     0.999512       432331      2048.00
 1401946.111     0.999561       432350      2275.56
 1404043.263     0.999609       432385      2560.00
 1405091.839     0.999658       432403      2925.71
 1406140.415     0.999707       432419      3413.33
 1408237.567     0.999756       432448      4096.00
 1408237.567     0.999780       432448      4551.11
 1409286.143     0.999805       432458      5120.00
 1411383.295     0.999829       432469      5851.43
 1414529.023     0.999854       432483      6826.67
 1415577.599     0.999878       432490      8192.00
 1416626.175     0.999890       432500      9102.22
 1416626.175     0.999902       432500     10240.00
 1417674.751     0.999915       432506     11702.86
 1419771.903     0.999927       432511     13653.33
 1420820.479     0.999939       432514     16384.00
 1422917.631     0.999945       432518     18204.44
 1423966.207     0.999951       432520     20480.00
 1426063.359     0.999957       432525     23405.71
 1426063.359     0.999963       432525     27306.67
 1428160.511     0.999969       432527     32768.00
 1430257.663     0.999973       432530     36408.89
 1430257.663     0.999976       432530     40960.00
 1431306.239     0.999979       432534     46811.43
 1431306.239     0.999982       432534     54613.33
 1431306.239     0.999985       432534     65536.00
 1432354.815     0.999986       432535     72817.78
 1432354.815     0.999988       432535     81920.00
 1434451.967     0.999989       432537     93622.86
 1434451.967     0.999991       432537    109226.67
 1434451.967     0.999992       432537    131072.00
 1435500.543     0.999993       432539    145635.56
 1435500.543     0.999994       432539    163840.00
 1435500.543     0.999995       432539    187245.71
 1435500.543     0.999995       432539    218453.33
 1435500.543     0.999996       432539    262144.00
 1435500.543     0.999997       432539    291271.11
 1435500.543     0.999997       432539    327680.00
 1435500.543     0.999997       432539    374491.43
 1437597.695     0.999998       432540    436906.67
 1437597.695     1.000000       432540          inf
#[Mean    =   663350.393, StdDeviation   =   397170.807]
#[Max     =  1436549.120, Total count    =       432540]
#[Buckets =           27, SubBuckets     =         2048]
----------------------------------------------------------
  439280 requests in 30.00m, 5.82GB read
  Socket errors: connect 0, read 8861, write 15773, timeout 121641
  Non-2xx or 3xx responses: 156
Requests/sec:    244.04
Transfer/sec:      3.31MB
