Running 30m test @ http://20.117.66.150:60/wrk2-api/post/compose
  2 threads and 1000 connections
  Thread calibration: mean lat.: 2420.228ms, rate sampling interval: 12886ms
  Thread calibration: mean lat.: 2356.469ms, rate sampling interval: 11640ms
  Thread Stats   Avg      Stdev     99%   +/- Stdev
    Latency    12.40m     7.14m   24.73m    57.70%
    Req/Sec    75.21      4.99    87.00     76.29%
  Latency Distribution (HdrHistogram - Recorded Latency)
 50.000%   12.45m 
 75.000%   18.51m 
 90.000%   22.33m 
 99.000%   24.73m 
 99.900%   25.60m 
 99.990%   25.93m 
 99.999%   26.23m 
100.000%   26.35m 

  Detailed Percentile spectrum:
       Value   Percentile   TotalCount 1/(1-Percentile)

    1287.167     0.000000            1         1.00
  150601.727     0.100000        27109         1.11
  298582.015     0.200000        54229         1.25
  446169.087     0.300000        81334         1.43
  597164.031     0.400000       108453         1.67
  747110.399     0.500000       135479         2.00
  821559.295     0.550000       149029         2.22
  892862.463     0.600000       162579         2.50
  958922.751     0.650000       176170         2.86
 1028653.055     0.700000       189695         3.33
 1110441.983     0.750000       203355         4.00
 1150287.871     0.775000       209995         4.44
 1192230.911     0.800000       216897         5.00
 1232076.799     0.825000       223625         5.71
 1270874.111     0.850000       230363         6.67
 1307574.271     0.875000       237276         8.00
 1323302.911     0.887500       240508         8.89
 1340080.127     0.900000       243970        10.00
 1356857.343     0.912500       247422        11.43
 1372585.983     0.925000       250694        13.33
 1388314.623     0.937500       254047        16.00
 1396703.231     0.943750       255809        17.78
 1405091.839     0.950000       257447        20.00
 1414529.023     0.956250       259165        22.86
 1425014.783     0.962500       260914        26.67
 1435500.543     0.968750       262577        32.00
 1440743.423     0.971875       263333        35.56
 1447034.879     0.975000       264253        40.00
 1453326.335     0.978125       265118        45.71
 1459617.791     0.981250       265932        53.33
 1466957.823     0.984375       266710        64.00
 1471152.127     0.985938       267147        71.11
 1476395.007     0.987500       267616        80.00
 1480589.311     0.989062       268021        91.43
 1485832.191     0.990625       268447       106.67
 1492123.647     0.992188       268856       128.00
 1495269.375     0.992969       269035       142.22
 1499463.679     0.993750       269305       160.00
 1502609.407     0.994531       269467       182.86
 1506803.711     0.995313       269688       213.33
 1510998.015     0.996094       269883       256.00
 1514143.743     0.996484       270028       284.44
 1516240.895     0.996875       270096       320.00
 1519386.623     0.997266       270206       365.71
 1522532.351     0.997656       270304       426.67
 1525678.079     0.998047       270407       512.00
 1527775.231     0.998242       270465       568.89
 1529872.383     0.998437       270518       640.00
 1531969.535     0.998633       270575       731.43
 1534066.687     0.998828       270622       853.33
 1536163.839     0.999023       270675      1024.00
 1538260.991     0.999121       270714      1137.78
 1539309.567     0.999219       270739      1280.00
 1540358.143     0.999316       270757      1462.86
 1542455.295     0.999414       270788      1706.67
 1543503.871     0.999512       270804      2048.00
 1545601.023     0.999561       270830      2275.56
 1545601.023     0.999609       270830      2560.00
 1547698.175     0.999658       270848      2925.71
 1548746.751     0.999707       270860      3413.33
 1549795.327     0.999756       270874      4096.00
 1550843.903     0.999780       270883      4551.11
 1550843.903     0.999805       270883      5120.00
 1551892.479     0.999829       270889      5851.43
 1552941.055     0.999854       270898      6826.67
 1555038.207     0.999878       270907      8192.00
 1555038.207     0.999890       270907      9102.22
 1556086.783     0.999902       270911     10240.00
 1557135.359     0.999915       270916     11702.86
 1557135.359     0.999927       270916     13653.33
 1559232.511     0.999939       270919     16384.00
 1560281.087     0.999945       270925     18204.44
 1560281.087     0.999951       270925     20480.00
 1560281.087     0.999957       270925     23405.71
 1561329.663     0.999963       270926     27306.67
 1562378.239     0.999969       270928     32768.00
 1562378.239     0.999973       270928     36408.89
 1563426.815     0.999976       270930     40960.00
 1563426.815     0.999979       270930     46811.43
 1567621.119     0.999982       270931     54613.33
 1567621.119     0.999985       270931     65536.00
 1573912.575     0.999986       270932     72817.78
 1573912.575     0.999988       270932     81920.00
 1579155.455     0.999989       270933     93622.86
 1579155.455     0.999991       270933    109226.67
 1579155.455     0.999992       270933    131072.00
 1580204.031     0.999993       270934    145635.56
 1580204.031     0.999994       270934    163840.00
 1580204.031     0.999995       270934    187245.71
 1580204.031     0.999995       270934    218453.33
 1580204.031     0.999996       270934    262144.00
 1581252.607     0.999997       270935    291271.11
 1581252.607     1.000000       270935          inf
#[Mean    =   743814.378, StdDeviation   =   428239.572]
#[Max     =  1580204.032, Total count    =       270935]
#[Buckets =           27, SubBuckets     =         2048]
----------------------------------------------------------
  272088 requests in 30.00m, 56.86MB read
  Socket errors: connect 0, read 556, write 10448, timeout 767621
  Non-2xx or 3xx responses: 47312
Requests/sec:    151.16
Transfer/sec:     32.35KB
