Running 30m test @ http://20.108.188.223:60/wrk2-api/post/compose
  2 threads and 1000 connections
  Thread calibration: mean lat.: 4780.926ms, rate sampling interval: 16023ms
  Thread calibration: mean lat.: 4479.536ms, rate sampling interval: 15253ms
  Thread Stats   Avg      Stdev     99%   +/- Stdev
    Latency     7.37m     4.53m   19.78m    63.04%
    Req/Sec    10.99     10.26    29.00     77.33%
  Latency Distribution (HdrHistogram - Recorded Latency)
 50.000%    7.14m 
 75.000%   10.76m 
 90.000%   13.15m 
 99.000%   19.78m 
 99.900%   22.46m 
 99.990%   25.43m 
 99.999%   25.86m 
100.000%   25.86m 

  Detailed Percentile spectrum:
       Value   Percentile   TotalCount 1/(1-Percentile)

    6946.815     0.000000            1         1.00
   87162.879     0.100000         4029         1.11
  170917.887     0.200000         8061         1.25
  258473.983     0.300000        12080         1.43
  343408.639     0.400000        16114         1.67
  428605.439     0.500000        20136         2.00
  473169.919     0.550000        22152         2.22
  516161.535     0.600000        24166         2.50
  562036.735     0.650000        26192         2.86
  602931.199     0.700000        28187         3.33
  645398.527     0.750000        30201         4.00
  666370.047     0.775000        31226         4.44
  688390.143     0.800000        32234         5.00
  710934.527     0.825000        33237         5.71
  734527.487     0.850000        34239         6.67
  761266.175     0.875000        35259         8.00
  774373.375     0.887500        35737         8.89
  789053.439     0.900000        36248        10.00
  805306.367     0.912500        36752        11.43
  823132.159     0.925000        37257        13.33
  842006.527     0.937500        37752        16.00
  854065.151     0.943750        38006        17.78
  867172.351     0.950000        38254        20.00
  883949.567     0.956250        38511        22.86
  903872.511     0.962500        38760        26.67
  934281.215     0.968750        39008        32.00
  956301.311     0.971875        39134        35.56
  992477.183     0.975000        39260        40.00
 1038614.527     0.978125        39386        45.71
 1083179.007     0.981250        39515        53.33
 1119879.167     0.984375        39637        64.00
 1136656.383     0.985938        39700        71.11
 1157627.903     0.987500        39769        80.00
 1179647.999     0.989062        39830        91.43
 1196425.215     0.990625        39891       106.67
 1223688.191     0.992188        39953       128.00
 1232076.799     0.992969        39984       142.22
 1244659.711     0.993750        40016       160.00
 1257242.623     0.994531        40047       182.86
 1268776.959     0.995313        40078       213.33
 1282408.447     0.996094        40110       256.00
 1289748.479     0.996484        40125       284.44
 1297088.511     0.996875        40142       320.00
 1301282.815     0.997266        40157       365.71
 1307574.271     0.997656        40176       426.67
 1314914.303     0.998047        40191       512.00
 1322254.335     0.998242        40198       568.89
 1324351.487     0.998437        40205       640.00
 1331691.519     0.998633        40212       731.43
 1337982.975     0.998828        40219       853.33
 1347420.159     0.999023        40229      1024.00
 1350565.887     0.999121        40231      1137.78
 1356857.343     0.999219        40235      1280.00
 1365245.951     0.999316        40240      1462.86
 1384120.319     0.999414        40243      1706.67
 1414529.023     0.999512        40247      2048.00
 1423966.207     0.999561        40249      2275.56
 1445986.303     0.999609        40251      2560.00
 1462763.519     0.999658        40253      2925.71
 1477443.583     0.999707        40255      3413.33
 1486880.767     0.999756        40257      4096.00
 1496317.951     0.999780        40258      4551.11
 1499463.679     0.999805        40259      5120.00
 1509949.439     0.999829        40260      5851.43
 1517289.471     0.999854        40261      6826.67
 1525678.079     0.999878        40262      8192.00
 1525678.079     0.999890        40262      9102.22
 1534066.687     0.999902        40263     10240.00
 1534066.687     0.999915        40263     11702.86
 1536163.839     0.999927        40264     13653.33
 1536163.839     0.999939        40264     16384.00
 1536163.839     0.999945        40264     18204.44
 1544552.447     0.999951        40265     20480.00
 1544552.447     0.999957        40265     23405.71
 1544552.447     0.999963        40265     27306.67
 1544552.447     0.999969        40265     32768.00
 1544552.447     0.999973        40265     36408.89
 1551892.479     0.999976        40266     40960.00
 1551892.479     1.000000        40266          inf
#[Mean    =   442179.898, StdDeviation   =   272082.774]
#[Max     =  1550843.904, Total count    =        40266]
#[Buckets =           27, SubBuckets     =         2048]
----------------------------------------------------------
  40689 requests in 30.02m, 7.69MB read
  Socket errors: connect 0, read 4398, write 1327667, timeout 181782
  Non-2xx or 3xx responses: 924
Requests/sec:     22.59
Transfer/sec:      4.37KB
