Running 30m test @ http://20.90.249.241:60/wrk2-api/post/compose
  2 threads and 1000 connections
  Thread calibration: mean lat.: 3848.412ms, rate sampling interval: 14852ms
  Thread calibration: mean lat.: 4146.254ms, rate sampling interval: 16220ms
  Thread Stats   Avg      Stdev     99%   +/- Stdev
    Latency    11.74m     7.59m   26.93m    58.78%
    Req/Sec    42.90     17.89    65.00     71.30%
  Latency Distribution (HdrHistogram - Recorded Latency)
 50.000%   10.37m 
 75.000%   18.44m 
 90.000%   22.81m 
 99.000%   26.93m 
 99.900%   28.50m 
 99.990%   29.27m 
 99.999%   29.41m 
100.000%   29.48m 

  Detailed Percentile spectrum:
       Value   Percentile   TotalCount 1/(1-Percentile)

    3813.375     0.000000            1         1.00
  130875.391     0.100000        15367         1.11
  256376.831     0.200000        30749         1.25
  375390.207     0.300000        46113         1.43
  498597.887     0.400000        61485         1.67
  622329.855     0.500000        76866         2.00
  688390.143     0.550000        84535         2.22
  798490.623     0.600000        92207         2.50
  901251.071     0.650000        99904         2.86
 1005060.095     0.700000       107566         3.33
 1106247.679     0.750000       115301         4.00
 1150287.871     0.775000       119160         4.44
 1189085.183     0.800000       122966         5.00
 1226833.919     0.825000       126807         5.71
 1266679.807     0.850000       130623         6.67
 1313865.727     0.875000       134538         8.00
 1340080.127     0.887500       136400         8.89
 1368391.679     0.900000       138298        10.00
 1398800.383     0.912500       140252        11.43
 1427111.935     0.925000       142209        13.33
 1454374.911     0.937500       144087        16.00
 1469054.975     0.943750       145052        17.78
 1483735.039     0.950000       146012        20.00
 1498415.103     0.956250       147002        22.86
 1513095.167     0.962500       147917        26.67
 1529872.383     0.968750       148864        32.00
 1540358.143     0.971875       149386        35.56
 1549795.327     0.975000       149833        40.00
 1560281.087     0.978125       150318        45.71
 1571815.423     0.981250       150791        53.33
 1585446.911     0.984375       151287        64.00
 1592786.943     0.985938       151525        71.11
 1601175.551     0.987500       151763        80.00
 1610612.735     0.989062       151999        91.43
 1620049.919     0.990625       152236       106.67
 1629487.103     0.992188       152467       128.00
 1634729.983     0.992969       152607       142.22
 1638924.287     0.993750       152708       160.00
 1644167.167     0.994531       152841       182.86
 1648361.471     0.995313       152949       213.33
 1653604.351     0.996094       153064       256.00
 1656750.079     0.996484       153129       284.44
 1659895.807     0.996875       153194       320.00
 1664090.111     0.997266       153259       365.71
 1667235.839     0.997656       153304       426.67
 1673527.295     0.998047       153364       512.00
 1677721.599     0.998242       153395       568.89
 1684013.055     0.998437       153426       640.00
 1691353.087     0.998633       153459       731.43
 1700790.271     0.998828       153483       853.33
 1711276.031     0.999023       153513      1024.00
 1717567.487     0.999121       153530      1137.78
 1722810.367     0.999219       153545      1280.00
 1727004.671     0.999316       153560      1462.86
 1732247.551     0.999414       153572      1706.67
 1736441.855     0.999512       153590      2048.00
 1738539.007     0.999561       153595      2275.56
 1740636.159     0.999609       153605      2560.00
 1742733.311     0.999658       153612      2925.71
 1745879.039     0.999707       153620      3413.33
 1749024.767     0.999756       153631      4096.00
 1749024.767     0.999780       153631      4551.11
 1750073.343     0.999805       153633      5120.00
 1752170.495     0.999829       153637      5851.43
 1754267.647     0.999854       153642      6826.67
 1755316.223     0.999878       153645      8192.00
 1756364.799     0.999890       153647      9102.22
 1756364.799     0.999902       153647     10240.00
 1758461.951     0.999915       153650     11702.86
 1759510.527     0.999927       153654     13653.33
 1759510.527     0.999939       153654     16384.00
 1759510.527     0.999945       153654     18204.44
 1760559.103     0.999951       153655     20480.00
 1762656.255     0.999957       153658     23405.71
 1762656.255     0.999963       153658     27306.67
 1762656.255     0.999969       153658     32768.00
 1762656.255     0.999973       153658     36408.89
 1763704.831     0.999976       153659     40960.00
 1763704.831     0.999979       153659     46811.43
 1764753.407     0.999982       153660     54613.33
 1764753.407     0.999985       153660     65536.00
 1764753.407     0.999986       153660     72817.78
 1766850.559     0.999988       153661     81920.00
 1766850.559     0.999989       153661     93622.86
 1766850.559     0.999991       153661    109226.67
 1766850.559     0.999992       153661    131072.00
 1766850.559     0.999993       153661    145635.56
 1768947.711     0.999994       153662    163840.00
 1768947.711     1.000000       153662          inf
#[Mean    =   704121.444, StdDeviation   =   455347.431]
#[Max     =  1767899.136, Total count    =       153662]
#[Buckets =           27, SubBuckets     =         2048]
----------------------------------------------------------
  154561 requests in 30.00m, 28.98MB read
  Socket errors: connect 0, read 39125, write 833107, timeout 533827
  Non-2xx or 3xx responses: 772
Requests/sec:     85.86
Transfer/sec:     16.48KB
