Running 60m test @ http://13.87.79.145:60/wrk2-api/post/compose
  2 threads and 1000 connections
  Thread calibration: mean lat.: 9.490ms, rate sampling interval: 34ms
  Thread calibration: mean lat.: 9.948ms, rate sampling interval: 36ms
  Thread Stats   Avg      Stdev     99%   +/- Stdev
    Latency    10.60s     8.17s   32.31s    63.90%
    Req/Sec   502.94    189.05     1.03k    70.63%
  Latency Distribution (HdrHistogram - Recorded Latency)
 50.000%    9.40s 
 75.000%   16.11s 
 90.000%   22.07s 
 99.000%   32.31s 
 99.900%   40.17s 
 99.990%   46.92s 
 99.999%    0.90m 
100.000%    1.03m 

  Detailed Percentile spectrum:
       Value   Percentile   TotalCount 1/(1-Percentile)

       0.135     0.000000            1         1.00
     653.823     0.100000       356783         1.11
    2662.399     0.200000       713600         1.25
    4771.839     0.300000      1070335         1.43
    7024.639     0.400000      1426999         1.67
    9396.223     0.500000      1784372         2.00
   10616.831     0.550000      1962018         2.22
   11886.591     0.600000      2141022         2.50
   13205.503     0.650000      2318987         2.86
   14598.143     0.700000      2497048         3.33
   16113.663     0.750000      2675914         4.00
   16924.671     0.775000      2765646         4.44
   17776.639     0.800000      2854665         5.00
   18677.759     0.825000      2942784         5.71
   19677.183     0.850000      3032662         6.67
   20791.295     0.875000      3122158         8.00
   21397.503     0.887500      3166052         8.89
   22069.247     0.900000      3211131        10.00
   22790.143     0.912500      3255076        11.43
   23609.343     0.925000      3299417        13.33
   24543.231     0.937500      3344525        16.00
   25067.519     0.943750      3366824        17.78
   25640.959     0.950000      3389161        20.00
   26263.551     0.956250      3411448        22.86
   26951.679     0.962500      3433558        26.67
   27754.495     0.968750      3455710        32.00
   28196.863     0.971875      3466723        35.56
   28704.767     0.975000      3477913        40.00
   29261.823     0.978125      3489070        45.71
   29884.415     0.981250      3500104        53.33
   30621.695     0.984375      3511333        64.00
   31031.295     0.985938      3516978        71.11
   31473.663     0.987500      3522467        80.00
   31981.567     0.989062      3528069        91.43
   32555.007     0.990625      3533626       106.67
   33243.135     0.992188      3539171       128.00
   33652.735     0.992969      3542078       142.22
   34045.951     0.993750      3544730       160.00
   34504.703     0.994531      3547458       182.86
   35061.759     0.995313      3550316       213.33
   35651.583     0.996094      3553012       256.00
   36012.031     0.996484      3554450       284.44
   36405.247     0.996875      3555841       320.00
   36831.231     0.997266      3557182       365.71
   37322.751     0.997656      3558588       426.67
   37945.343     0.998047      3560024       512.00
   38305.791     0.998242      3560688       568.89
   38699.007     0.998437      3561397       640.00
   39157.759     0.998633      3562096       731.43
   39682.047     0.998828      3562756       853.33
   40271.871     0.999023      3563486      1024.00
   40599.551     0.999121      3563812      1137.78
   40992.767     0.999219      3564171      1280.00
   41418.751     0.999316      3564517      1462.86
   41877.503     0.999414      3564850      1706.67
   42467.327     0.999512      3565201      2048.00
   42795.007     0.999561      3565371      2275.56
   43122.687     0.999609      3565541      2560.00
   43515.903     0.999658      3565716      2925.71
   43941.887     0.999707      3565898      3413.33
   44466.175     0.999756      3566070      4096.00
   44761.087     0.999780      3566159      4551.11
   45023.231     0.999805      3566239      5120.00
   45449.215     0.999829      3566334      5851.43
   45842.431     0.999854      3566422      6826.67
   46366.719     0.999878      3566505      8192.00
   46694.399     0.999890      3566549      9102.22
   46989.311     0.999902      3566586     10240.00
   47349.759     0.999915      3566633     11702.86
   47939.583     0.999927      3566675     13653.33
   48496.639     0.999939      3566717     16384.00
   48791.551     0.999945      3566740     18204.44
   49151.999     0.999951      3566760     20480.00
   49643.519     0.999957      3566782     23405.71
   50135.039     0.999963      3566804     27306.67
   50724.863     0.999969      3566827     32768.00
   51118.079     0.999973      3566837     36408.89
   51380.223     0.999976      3566847     40960.00
   51904.511     0.999979      3566858     46811.43
   52363.263     0.999982      3566869     54613.33
   52822.015     0.999985      3566881     65536.00
   52953.087     0.999986      3566886     72817.78
   53477.375     0.999988      3566891     81920.00
   53772.287     0.999989      3566896     93622.86
   54427.647     0.999991      3566902    109226.67
   54984.703     0.999992      3566907    131072.00
   55181.311     0.999993      3566910    145635.56
   55377.919     0.999994      3566913    163840.00
   55476.223     0.999995      3566915    187245.71
   55869.439     0.999995      3566918    218453.33
   56066.047     0.999996      3566921    262144.00
   56229.887     0.999997      3566922    291271.11
   56459.263     0.999997      3566924    327680.00
   56524.799     0.999997      3566925    374491.43
   56786.943     0.999998      3566926    436906.67
   57049.087     0.999998      3566928    524288.00
   57049.087     0.999998      3566928    582542.22
   57475.071     0.999998      3566929    655360.00
   57606.143     0.999999      3566930    748982.86
   57606.143     0.999999      3566930    873813.33
   57671.679     0.999999      3566931   1048576.00
   57671.679     0.999999      3566931   1165084.44
   58261.503     0.999999      3566933   1310720.00
   58261.503     0.999999      3566933   1497965.71
   58261.503     0.999999      3566933   1747626.67
   58261.503     1.000000      3566933   2097152.00
   58261.503     1.000000      3566933   2330168.89
   58261.503     1.000000      3566933   2621440.00
   58261.503     1.000000      3566933   2995931.43
   58261.503     1.000000      3566933   3495253.33
   61505.535     1.000000      3566934   4194304.00
   61505.535     1.000000      3566934          inf
#[Mean    =    10599.185, StdDeviation   =     8171.296]
#[Max     =    61472.768, Total count    =      3566934]
#[Buckets =           27, SubBuckets     =         2048]
----------------------------------------------------------
  3576423 requests in 60.00m, 668.38MB read
  Socket errors: connect 0, read 175, write 21320, timeout 243826
  Non-2xx or 3xx responses: 2
Requests/sec:    993.45
Transfer/sec:    190.12KB
