Running 60m test @ http://13.87.79.145:60/wrk2-api/home-timeline/read
  2 threads and 1000 connections
  Thread calibration: mean lat.: 6.813ms, rate sampling interval: 23ms
  Thread calibration: mean lat.: 6.813ms, rate sampling interval: 23ms
  Thread Stats   Avg      Stdev     99%   +/- Stdev
    Latency    11.55s     8.91s   35.19s    63.88%
    Req/Sec   549.55    286.53     1.32k    67.93%
  Latency Distribution (HdrHistogram - Recorded Latency)
 50.000%   10.21s 
 75.000%   17.60s 
 90.000%   24.05s 
 99.000%   35.19s 
 99.900%   43.61s 
 99.990%    0.85m 
 99.999%    0.95m 
100.000%    1.08m 

  Detailed Percentile spectrum:
       Value   Percentile   TotalCount 1/(1-Percentile)

       0.119     0.000000            1         1.00
     753.663     0.100000       356568         1.11
    2895.871     0.200000       712912         1.25
    5169.151     0.300000      1069450         1.43
    7610.367     0.400000      1426120         1.67
   10207.231     0.500000      1783084         2.00
   11567.103     0.550000      1961403         2.22
   12967.935     0.600000      2139621         2.50
   14417.919     0.650000      2317284         2.86
   15941.631     0.700000      2495462         3.33
   17596.415     0.750000      2674765         4.00
   18464.767     0.775000      2763089         4.44
   19398.655     0.800000      2852684         5.00
   20381.695     0.825000      2941020         5.71
   21463.039     0.850000      3030278         6.67
   22675.455     0.875000      3119961         8.00
   23330.815     0.887500      3163885         8.89
   24051.711     0.900000      3208328        10.00
   24838.143     0.912500      3252696        11.43
   25739.263     0.925000      3297721        13.33
   26738.687     0.937500      3342139        16.00
   27312.127     0.943750      3364637        17.78
   27918.335     0.950000      3386631        20.00
   28590.079     0.956250      3408775        22.86
   29360.127     0.962500      3431233        26.67
   30228.479     0.968750      3453513        32.00
   30719.999     0.971875      3464544        35.56
   31244.287     0.975000      3475463        40.00
   31850.495     0.978125      3486780        45.71
   32538.623     0.981250      3497908        53.33
   33341.439     0.984375      3508969        64.00
   33783.807     0.985938      3514538        71.11
   34275.327     0.987500      3520067        80.00
   34832.383     0.989062      3525624        91.43
   35454.975     0.990625      3531346       106.67
   36143.103     0.992188      3536732       128.00
   36569.087     0.992969      3539579       142.22
   37027.839     0.993750      3542380       160.00
   37552.127     0.994531      3545138       182.86
   38141.951     0.995313      3547908       213.33
   38830.079     0.996094      3550724       256.00
   39223.295     0.996484      3552106       284.44
   39649.279     0.996875      3553442       320.00
   40140.799     0.997266      3554837       365.71
   40730.623     0.997656      3556269       426.67
   41353.215     0.998047      3557648       512.00
   41713.663     0.998242      3558337       568.89
   42106.879     0.998437      3559016       640.00
   42532.863     0.998633      3559702       731.43
   43057.151     0.998828      3560395       853.33
   43712.511     0.999023      3561105      1024.00
   44040.191     0.999121      3561435      1137.78
   44433.407     0.999219      3561775      1280.00
   44924.927     0.999316      3562129      1462.86
   45449.215     0.999414      3562469      1706.67
   46039.039     0.999512      3562815      2048.00
   46399.487     0.999561      3562995      2275.56
   46792.703     0.999609      3563178      2560.00
   47218.687     0.999658      3563346      2925.71
   47710.207     0.999707      3563527      3413.33
   48267.263     0.999756      3563690      4096.00
   48562.175     0.999780      3563775      4551.11
   48988.159     0.999805      3563865      5120.00
   49479.679     0.999829      3563947      5851.43
   49971.199     0.999854      3564042      6826.67
   50561.023     0.999878      3564120      8192.00
   50921.471     0.999890      3564163      9102.22
   51314.687     0.999902      3564208     10240.00
   51773.439     0.999915      3564254     11702.86
   52199.423     0.999927      3564293     13653.33
   52625.407     0.999939      3564337     16384.00
   52985.855     0.999945      3564360     18204.44
   53247.999     0.999951      3564380     20480.00
   53608.447     0.999957      3564404     23405.71
   53968.895     0.999963      3564426     27306.67
   54329.343     0.999969      3564450     32768.00
   54493.183     0.999973      3564457     36408.89
   54853.631     0.999976      3564468     40960.00
   55181.311     0.999979      3564478     46811.43
   55508.991     0.999982      3564490     54613.33
   55869.439     0.999985      3564500     65536.00
   56197.119     0.999986      3564508     72817.78
   56393.727     0.999988      3564511     81920.00
   56786.943     0.999989      3564516     93622.86
   57376.767     0.999991      3564522    109226.67
   57737.215     0.999992      3564527    131072.00
   57999.359     0.999993      3564531    145635.56
   58064.895     0.999994      3564534    163840.00
   58163.199     0.999995      3564535    187245.71
   58425.343     0.999995      3564538    218453.33
   59047.935     0.999996      3564541    262144.00
   59113.471     0.999997      3564543    291271.11
   59244.543     0.999997      3564544    327680.00
   59277.311     0.999997      3564545    374491.43
   59375.615     0.999998      3564546    436906.67
   59867.135     0.999998      3564548    524288.00
   59867.135     0.999998      3564548    582542.22
   60129.279     0.999998      3564549    655360.00
   60325.887     0.999999      3564550    748982.86
   60325.887     0.999999      3564550    873813.33
   60751.871     0.999999      3564551   1048576.00
   60751.871     0.999999      3564551   1165084.44
   63111.167     0.999999      3564552   1310720.00
   63111.167     0.999999      3564552   1497965.71
   63111.167     0.999999      3564552   1747626.67
   64094.207     1.000000      3564553   2097152.00
   64094.207     1.000000      3564553   2330168.89
   64094.207     1.000000      3564553   2621440.00
   64094.207     1.000000      3564553   2995931.43
   64094.207     1.000000      3564553   3495253.33
   64749.567     1.000000      3564554   4194304.00
   64749.567     1.000000      3564554          inf
#[Mean    =    11548.476, StdDeviation   =     8907.661]
#[Max     =    64716.800, Total count    =      3564554]
#[Buckets =           27, SubBuckets     =         2048]
----------------------------------------------------------
  3574041 requests in 60.00m, 48.31GB read
  Socket errors: connect 0, read 263, write 24741, timeout 244544
  Non-2xx or 3xx responses: 59
Requests/sec:    992.79
Transfer/sec:     13.74MB
