Running 60m test @ http://13.87.88.19:60/wrk2-api/post/compose
  2 threads and 1000 connections
  Thread calibration: mean lat.: 3353.202ms, rate sampling interval: 14278ms
  Thread calibration: mean lat.: 3453.260ms, rate sampling interval: 14286ms
  Thread Stats   Avg      Stdev     99%   +/- Stdev
    Latency    19.00m    10.07m   38.03m    59.38%
    Req/Sec   188.39     53.93   405.00     78.09%
  Latency Distribution (HdrHistogram - Recorded Latency)
 50.000%   18.96m 
 75.000%   27.19m 
 90.000%   32.87m 
 99.000%   38.03m 
 99.900%   40.51m 
 99.990%   42.22m 
 99.999%   43.52m 
100.000%   43.73m 

  Detailed Percentile spectrum:
       Value   Percentile   TotalCount 1/(1-Percentile)

     325.375     0.000000            1         1.00
  335544.319     0.100000       135667         1.11
  517996.543     0.200000       271170         1.25
  744488.959     0.300000       407028         1.43
  936378.367     0.400000       542561         1.67
 1137704.959     0.500000       678215         2.00
 1233125.375     0.550000       746149         2.22
 1331691.519     0.600000       813839         2.50
 1431306.239     0.650000       881805         2.86
 1529872.383     0.700000       949559         3.33
 1631584.255     0.750000      1017428         4.00
 1687158.783     0.775000      1051070         4.44
 1742733.311     0.800000      1085251         5.00
 1796210.687     0.825000      1118546         5.71
 1852833.791     0.850000      1152507         6.67
 1911554.047     0.875000      1186408         8.00
 1941962.751     0.887500      1203741         8.89
 1972371.455     0.900000      1220687        10.00
 2002780.159     0.912500      1237411        11.43
 2034237.439     0.925000      1254095        13.33
 2069889.023     0.937500      1271075        16.00
 2089811.967     0.943750      1279884        17.78
 2108686.335     0.950000      1288317        20.00
 2128609.279     0.956250      1296709        22.86
 2149580.799     0.962500      1304937        26.67
 2174746.623     0.968750      1313932        32.00
 2187329.535     0.971875      1318372        35.56
 2199912.447     0.975000      1322502        40.00
 2212495.359     0.978125      1326300        45.71
 2227175.423     0.981250      1330528        53.33
 2243952.639     0.984375      1334880        64.00
 2252341.247     0.985938      1336847        71.11
 2262827.007     0.987500      1339013        80.00
 2275409.919     0.989062      1341281        91.43
 2285895.679     0.990625      1343123       106.67
 2300575.743     0.992188      1345380       128.00
 2306867.199     0.992969      1346318       142.22
 2315255.807     0.993750      1347402       160.00
 2323644.415     0.994531      1348468       182.86
 2334130.175     0.995313      1349609       213.33
 2344615.935     0.996094      1350617       256.00
 2348810.239     0.996484      1351008       284.44
 2357198.847     0.996875      1351698       320.00
 2363490.303     0.997266      1352075       365.71
 2373976.063     0.997656      1352610       426.67
 2388656.127     0.998047      1353183       512.00
 2394947.583     0.998242      1353416       568.89
 2403336.191     0.998437      1353718       640.00
 2411724.799     0.998633      1353955       731.43
 2420113.407     0.998828      1354191       853.33
 2430599.167     0.999023      1354454      1024.00
 2436890.623     0.999121      1354595      1137.78
 2443182.079     0.999219      1354721      1280.00
 2451570.687     0.999316      1354875      1462.86
 2457862.143     0.999414      1354986      1706.67
 2466250.751     0.999512      1355115      2048.00
 2470445.055     0.999561      1355182      2275.56
 2474639.359     0.999609      1355276      2560.00
 2478833.663     0.999658      1355333      2925.71
 2485125.119     0.999707      1355389      3413.33
 2493513.727     0.999756      1355456      4096.00
 2497708.031     0.999780      1355477      4551.11
 2501902.335     0.999805      1355513      5120.00
 2508193.791     0.999829      1355552      5851.43
 2514485.247     0.999854      1355579      6826.67
 2522873.855     0.999878      1355611      8192.00
 2529165.311     0.999890      1355630      9102.22
 2535456.767     0.999902      1355652     10240.00
 2539651.071     0.999915      1355666     11702.86
 2541748.223     0.999927      1355678     13653.33
 2556428.287     0.999939      1355697     16384.00
 2558525.439     0.999945      1355700     18204.44
 2564816.895     0.999951      1355709     20480.00
 2575302.655     0.999957      1355721     23405.71
 2581594.111     0.999963      1355725     27306.67
 2589982.719     0.999969      1355735     32768.00
 2592079.871     0.999973      1355737     36408.89
 2600468.479     0.999976      1355741     40960.00
 2604662.783     0.999979      1355747     46811.43
 2606759.935     0.999982      1355752     54613.33
 2608857.087     0.999985      1355756     65536.00
 2608857.087     0.999986      1355756     72817.78
 2610954.239     0.999988      1355764     81920.00
 2610954.239     0.999989      1355764     93622.86
 2610954.239     0.999991      1355764    109226.67
 2610954.239     0.999992      1355764    131072.00
 2613051.391     0.999993      1355771    145635.56
 2613051.391     0.999994      1355771    163840.00
 2613051.391     0.999995      1355771    187245.71
 2613051.391     0.999995      1355771    218453.33
 2613051.391     0.999996      1355771    262144.00
 2613051.391     0.999997      1355771    291271.11
 2613051.391     0.999997      1355771    327680.00
 2613051.391     0.999997      1355771    374491.43
 2613051.391     0.999998      1355771    436906.67
 2617245.695     0.999998      1355772    524288.00
 2617245.695     0.999998      1355772    582542.22
 2617245.695     0.999998      1355772    655360.00
 2621439.999     0.999999      1355773    748982.86
 2621439.999     0.999999      1355773    873813.33
 2621439.999     0.999999      1355773   1048576.00
 2621439.999     0.999999      1355773   1165084.44
 2621439.999     0.999999      1355773   1310720.00
 2623537.151     0.999999      1355774   1497965.71
 2623537.151     1.000000      1355774          inf
#[Mean    =  1139851.543, StdDeviation   =   604002.036]
#[Max     =  2621440.000, Total count    =      1355774]
#[Buckets =           27, SubBuckets     =         2048]
----------------------------------------------------------
  1357649 requests in 60.00m, 271.94MB read
  Socket errors: connect 0, read 162, write 3443, timeout 761436
  Non-2xx or 3xx responses: 129049
Requests/sec:    377.12
Transfer/sec:     77.35KB
