Running 30m test @ http://20.117.74.4:60
  2 threads and 1000 connections
  Thread calibration: mean lat.: 8.254ms, rate sampling interval: 29ms
  Thread calibration: mean lat.: 8.347ms, rate sampling interval: 30ms
  Thread Stats   Avg      Stdev     99%   +/- Stdev
    Latency     4.67s     3.41s   14.76s    68.73%
    Req/Sec     1.00k   312.58     1.77k    83.50%
  Latency Distribution (HdrHistogram - Recorded Latency)
 50.000%    4.22s 
 75.000%    6.66s 
 90.000%    9.07s 
 99.000%   14.76s 
 99.900%   23.25s 
 99.990%   29.10s 
 99.999%   32.87s 
100.000%   36.11s 

  Detailed Percentile spectrum:
       Value   Percentile   TotalCount 1/(1-Percentile)

       0.102     0.000000            1         1.00
     594.431     0.100000       353470         1.11
    1601.535     0.200000       707032         1.25
    2510.847     0.300000      1060648         1.43
    3366.911     0.400000      1413649         1.67
    4218.879     0.500000      1767298         2.00
    4657.151     0.550000      1944858         2.22
    5111.807     0.600000      2121210         2.50
    5591.039     0.650000      2297342         2.86
    6103.039     0.700000      2473736         3.33
    6664.191     0.750000      2650484         4.00
    6971.391     0.775000      2739282         4.44
    7299.071     0.800000      2827037         5.00
    7659.519     0.825000      2915243         5.71
    8065.023     0.850000      3004174         6.67
    8527.871     0.875000      3093333         8.00
    8781.823     0.887500      3136560         8.89
    9068.543     0.900000      3180658        10.00
    9388.031     0.912500      3225070        11.43
    9748.479     0.925000      3269230        13.33
   10166.271     0.937500      3312811        16.00
   10412.031     0.943750      3334904        17.78
   10690.559     0.950000      3357440        20.00
   11001.855     0.956250      3379532        22.86
   11362.303     0.962500      3401511        26.67
   11788.287     0.968750      3423290        32.00
   12034.047     0.971875      3434403        35.56
   12312.575     0.975000      3445323        40.00
   12640.255     0.978125      3456391        45.71
   13017.087     0.981250      3467378        53.33
   13492.223     0.984375      3478409        64.00
   13778.943     0.985938      3484007        71.11
   14106.623     0.987500      3489487        80.00
   14491.647     0.989062      3495031        91.43
   14966.783     0.990625      3500546       106.67
   15548.415     0.992188      3506054       128.00
   15900.671     0.992969      3508785       142.22
   16318.463     0.993750      3511534       160.00
   16826.367     0.994531      3514356       182.86
   17383.423     0.995313      3517053       213.33
   18087.935     0.996094      3519824       256.00
   18481.151     0.996484      3521196       284.44
   18939.903     0.996875      3522575       320.00
   19464.191     0.997266      3523945       365.71
   20070.399     0.997656      3525319       426.67
   20807.679     0.998047      3526703       512.00
   21200.895     0.998242      3527402       568.89
   21659.647     0.998437      3528096       640.00
   22167.551     0.998633      3528786       731.43
   22724.607     0.998828      3529473       853.33
   23347.199     0.999023      3530159      1024.00
   23707.647     0.999121      3530502      1137.78
   24150.015     0.999219      3530851      1280.00
   24559.615     0.999316      3531185      1462.86
   25067.519     0.999414      3531536      1706.67
   25640.959     0.999512      3531883      2048.00
   25919.487     0.999561      3532058      2275.56
   26214.399     0.999609      3532222      2560.00
   26558.463     0.999658      3532400      2925.71
   26951.679     0.999707      3532567      3413.33
   27344.895     0.999756      3532738      4096.00
   27590.655     0.999780      3532824      4551.11
   27787.263     0.999805      3532911      5120.00
   28082.175     0.999829      3532997      5851.43
   28360.703     0.999854      3533083      6826.67
   28737.535     0.999878      3533171      8192.00
   28917.759     0.999890      3533212      9102.22
   29147.135     0.999902      3533255     10240.00
   29507.583     0.999915      3533302     11702.86
   29769.727     0.999927      3533342     13653.33
   30064.639     0.999939      3533386     16384.00
   30277.631     0.999945      3533406     18204.44
   30507.007     0.999951      3533429     20480.00
   30801.919     0.999957      3533450     23405.71
   31047.679     0.999963      3533471     27306.67
   31375.359     0.999969      3533494     32768.00
   31473.663     0.999973      3533503     36408.89
   31604.735     0.999976      3533514     40960.00
   31752.191     0.999979      3533527     46811.43
   31965.183     0.999982      3533536     54613.33
   32194.559     0.999985      3533547     65536.00
   32407.551     0.999986      3533552     72817.78
   32620.543     0.999988      3533557     81920.00
   32817.151     0.999989      3533563     93622.86
   32931.839     0.999991      3533568    109226.67
   33128.447     0.999992      3533574    131072.00
   33161.215     0.999993      3533576    145635.56
   33325.055     0.999994      3533579    163840.00
   33521.663     0.999995      3533582    187245.71
   33652.735     0.999995      3533585    218453.33
   33685.503     0.999996      3533587    262144.00
   33718.271     0.999997      3533588    291271.11
   33816.575     0.999997      3533590    327680.00
   34078.719     0.999997      3533591    374491.43
   34275.327     0.999998      3533592    436906.67
   34635.775     0.999998      3533594    524288.00
   34635.775     0.999998      3533594    582542.22
   34832.383     0.999998      3533595    655360.00
   34865.151     0.999999      3533596    748982.86
   34865.151     0.999999      3533596    873813.33
   34897.919     0.999999      3533597   1048576.00
   34897.919     0.999999      3533597   1165084.44
   35782.655     0.999999      3533599   1310720.00
   35782.655     0.999999      3533599   1497965.71
   35782.655     0.999999      3533599   1747626.67
   35782.655     1.000000      3533599   2097152.00
   35782.655     1.000000      3533599   2330168.89
   35782.655     1.000000      3533599   2621440.00
   35782.655     1.000000      3533599   2995931.43
   35782.655     1.000000      3533599   3495253.33
   36110.335     1.000000      3533600   4194304.00
   36110.335     1.000000      3533600          inf
#[Mean    =     4665.576, StdDeviation   =     3413.407]
#[Max     =    36077.568, Total count    =      3533600]
#[Buckets =           27, SubBuckets     =         2048]
----------------------------------------------------------
  3552430 requests in 30.00m, 1.62GB read
  Socket errors: connect 0, read 2173, write 15030, timeout 16382
Requests/sec:   1973.58
Transfer/sec:      0.92MB
