Running 30m test @ http://20.108.184.239:60/wrk2-api/post/compose
  2 threads and 1000 connections
  Thread calibration: mean lat.: 4841.385ms, rate sampling interval: 16023ms
  Thread calibration: mean lat.: 4295.508ms, rate sampling interval: 16334ms
  Thread Stats   Avg      Stdev     99%   +/- Stdev
    Latency     6.79m     4.23m   19.57m    62.69%
    Req/Sec    10.84     11.26    31.00     76.15%
  Latency Distribution (HdrHistogram - Recorded Latency)
 50.000%    6.63m 
 75.000%   10.00m 
 90.000%   12.07m 
 99.000%   19.57m 
 99.900%   23.00m 
 99.990%   23.87m 
 99.999%   24.10m 
100.000%   24.10m 

  Detailed Percentile spectrum:
       Value   Percentile   TotalCount 1/(1-Percentile)

    5500.927     0.000000            1         1.00
   77660.159     0.100000         3942         1.11
  154402.815     0.200000         7883         1.25
  234225.663     0.300000        11821         1.43
  316145.663     0.400000        15757         1.67
  397672.447     0.500000        19699         2.00
  437256.191     0.550000        21663         2.22
  478150.655     0.600000        23645         2.50
  518258.687     0.650000        25602         2.86
  558366.719     0.700000        27580         3.33
  599785.471     0.750000        29545         4.00
  620756.991     0.775000        30547         4.44
  640679.935     0.800000        31519         5.00
  660602.879     0.825000        32516         5.71
  681574.399     0.850000        33499         6.67
  702545.919     0.875000        34481         8.00
  712507.391     0.887500        34968         8.89
  724041.727     0.900000        35456        10.00
  735576.063     0.912500        35950        11.43
  748158.975     0.925000        36452        13.33
  761790.463     0.937500        36941        16.00
  768606.207     0.943750        37171        17.78
  776994.815     0.950000        37417        20.00
  786431.999     0.956250        37668        22.86
  798490.623     0.962500        37912        26.67
  812122.111     0.968750        38155        32.00
  822607.871     0.971875        38278        35.56
  843055.103     0.975000        38402        40.00
  892862.463     0.978125        38523        45.71
  967835.647     0.981250        38646        53.33
 1034420.223     0.984375        38770        64.00
 1077936.127     0.985938        38832        71.11
 1115684.863     0.987500        38893        80.00
 1154482.175     0.989062        38954        91.43
 1189085.183     0.990625        39016       106.67
 1227882.495     0.992188        39078       128.00
 1246756.863     0.992969        39109       142.22
 1264582.655     0.993750        39139       160.00
 1281359.871     0.994531        39170       182.86
 1296039.935     0.995313        39200       213.33
 1313865.727     0.996094        39232       256.00
 1322254.335     0.996484        39248       284.44
 1326448.639     0.996875        39261       320.00
 1335885.823     0.997266        39277       365.71
 1344274.431     0.997656        39292       426.67
 1353711.615     0.998047        39310       512.00
 1357905.919     0.998242        39317       568.89
 1361051.647     0.998437        39324       640.00
 1367343.103     0.998633        39331       731.43
 1372585.983     0.998828        39338       853.33
 1380974.591     0.999023        39347      1024.00
 1383071.743     0.999121        39352      1137.78
 1385168.895     0.999219        39354      1280.00
 1392508.927     0.999316        39358      1462.86
 1400897.535     0.999414        39361      1706.67
 1410334.719     0.999512        39365      2048.00
 1413480.447     0.999561        39368      2275.56
 1414529.023     0.999609        39369      2560.00
 1419771.903     0.999658        39371      2925.71
 1425014.783     0.999707        39373      3413.33
 1428160.511     0.999756        39375      4096.00
 1429209.087     0.999780        39376      4551.11
 1430257.663     0.999805        39378      5120.00
 1430257.663     0.999829        39378      5851.43
 1432354.815     0.999854        39380      6826.67
 1432354.815     0.999878        39380      8192.00
 1432354.815     0.999890        39380      9102.22
 1441791.999     0.999902        39381     10240.00
 1441791.999     0.999915        39381     11702.86
 1442840.575     0.999927        39382     13653.33
 1442840.575     0.999939        39382     16384.00
 1442840.575     0.999945        39382     18204.44
 1443889.151     0.999951        39383     20480.00
 1443889.151     0.999957        39383     23405.71
 1443889.151     0.999963        39383     27306.67
 1443889.151     0.999969        39383     32768.00
 1443889.151     0.999973        39383     36408.89
 1445986.303     0.999976        39384     40960.00
 1445986.303     1.000000        39384          inf
#[Mean    =   407315.326, StdDeviation   =   253687.283]
#[Max     =  1444937.728, Total count    =        39384]
#[Buckets =           27, SubBuckets     =         2048]
----------------------------------------------------------
  39936 requests in 30.00m, 7.48MB read
  Socket errors: connect 0, read 6928, write 1389283, timeout 174096
  Non-2xx or 3xx responses: 355
Requests/sec:     22.19
Transfer/sec:      4.25KB
