Running 30m test @ http://20.108.184.239:60/wrk2-api/home-timeline/read
  2 threads and 1000 connections
  Thread calibration: mean lat.: 4145.651ms, rate sampling interval: 14712ms
  Thread calibration: mean lat.: 4226.682ms, rate sampling interval: 14508ms
  Thread Stats   Avg      Stdev     99%   +/- Stdev
    Latency    16.91m     7.52m   28.08m    63.14%
    Req/Sec    38.16     16.37    59.00     70.90%
  Latency Distribution (HdrHistogram - Recorded Latency)
 50.000%   18.25m 
 75.000%   22.86m 
 90.000%   25.85m 
 99.000%   28.08m 
 99.900%   29.17m 
 99.990%   29.41m 
 99.999%   29.60m 
100.000%   29.76m 

  Detailed Percentile spectrum:
       Value   Percentile   TotalCount 1/(1-Percentile)

    5578.751     0.000000            1         1.00
  281542.655     0.100000        13864         1.11
  571473.919     0.200000        27725         1.25
  865599.487     0.300000        41594         1.43
  983039.999     0.400000        55458         1.67
 1094713.343     0.500000        69415         2.00
 1150287.871     0.550000        76325         2.22
 1205862.399     0.600000        83253         2.50
 1261436.927     0.650000        90137         2.86
 1315962.879     0.700000        97117         3.33
 1371537.407     0.750000       103967         4.00
 1400897.535     0.775000       107507         4.44
 1430257.663     0.800000       110907         5.00
 1461714.943     0.825000       114364         5.71
 1492123.647     0.850000       117838         6.67
 1521483.775     0.875000       121262         8.00
 1536163.839     0.887500       123026         8.89
 1550843.903     0.900000       124801        10.00
 1564475.391     0.912500       126472        11.43
 1579155.455     0.925000       128193        13.33
 1595932.671     0.937500       129987        16.00
 1604321.279     0.943750       130862        17.78
 1612709.887     0.950000       131714        20.00
 1621098.495     0.956250       132542        22.86
 1629487.103     0.962500       133390        26.67
 1638924.287     0.968750       134262        32.00
 1644167.167     0.971875       134771        35.56
 1648361.471     0.975000       135183        40.00
 1653604.351     0.978125       135616        45.71
 1658847.231     0.981250       136004        53.33
 1665138.687     0.984375       136414        64.00
 1669332.991     0.985938       136651        71.11
 1673527.295     0.987500       136850        80.00
 1679818.751     0.989062       137073        91.43
 1688207.359     0.990625       137286       106.67
 1698693.119     0.992188       137502       128.00
 1703935.999     0.992969       137617       142.22
 1710227.455     0.993750       137736       160.00
 1715470.335     0.994531       137835       182.86
 1721761.791     0.995313       137948       213.33
 1727004.671     0.996094       138044       256.00
 1730150.399     0.996484       138098       284.44
 1733296.127     0.996875       138158       320.00
 1736441.855     0.997266       138212       365.71
 1739587.583     0.997656       138274       426.67
 1741684.735     0.998047       138312       512.00
 1743781.887     0.998242       138340       568.89
 1745879.039     0.998437       138378       640.00
 1746927.615     0.998633       138392       731.43
 1749024.767     0.998828       138424       853.33
 1751121.919     0.999023       138455      1024.00
 1752170.495     0.999121       138466      1137.78
 1753219.071     0.999219       138482      1280.00
 1754267.647     0.999316       138497      1462.86
 1755316.223     0.999414       138506      1706.67
 1756364.799     0.999512       138522      2048.00
 1756364.799     0.999561       138522      2275.56
 1757413.375     0.999609       138532      2560.00
 1757413.375     0.999658       138532      2925.71
 1758461.951     0.999707       138539      3413.33
 1759510.527     0.999756       138547      4096.00
 1760559.103     0.999780       138553      4551.11
 1760559.103     0.999805       138553      5120.00
 1761607.679     0.999829       138558      5851.43
 1762656.255     0.999854       138561      6826.67
 1763704.831     0.999878       138563      8192.00
 1764753.407     0.999890       138566      9102.22
 1764753.407     0.999902       138566     10240.00
 1765801.983     0.999915       138568     11702.86
 1766850.559     0.999927       138571     13653.33
 1766850.559     0.999939       138571     16384.00
 1767899.135     0.999945       138574     18204.44
 1767899.135     0.999951       138574     20480.00
 1767899.135     0.999957       138574     23405.71
 1767899.135     0.999963       138574     27306.67
 1768947.711     0.999969       138576     32768.00
 1768947.711     0.999973       138576     36408.89
 1768947.711     0.999976       138576     40960.00
 1769996.287     0.999979       138577     46811.43
 1769996.287     0.999982       138577     54613.33
 1769996.287     0.999985       138577     65536.00
 1776287.743     0.999986       138578     72817.78
 1776287.743     0.999988       138578     81920.00
 1776287.743     0.999989       138578     93622.86
 1776287.743     0.999991       138578    109226.67
 1776287.743     0.999992       138578    131072.00
 1785724.927     0.999993       138579    145635.56
 1785724.927     1.000000       138579          inf
#[Mean    =  1014663.675, StdDeviation   =   451046.750]
#[Max     =  1784676.352, Total count    =       138579]
#[Buckets =           27, SubBuckets     =         2048]
----------------------------------------------------------
  139436 requests in 30.00m, 1.41GB read
  Socket errors: connect 0, read 85795, write 660490, timeout 128847
  Non-2xx or 3xx responses: 1792
Requests/sec:     77.46
Transfer/sec:    823.48KB
