Running 60m test @ http://20.90.152.234:60/wrk2-api/post/compose
  2 threads and 1000 connections
  Thread calibration: mean lat.: 10.574ms, rate sampling interval: 40ms
  Thread calibration: mean lat.: 11.371ms, rate sampling interval: 44ms
  Thread Stats   Avg      Stdev     99%   +/- Stdev
    Latency    11.21s     8.57s   34.08s    64.01%
    Req/Sec   507.13    178.71     1.02k    70.18%
  Latency Distribution (HdrHistogram - Recorded Latency)
 50.000%    9.95s 
 75.000%   16.96s 
 90.000%   23.22s 
 99.000%   34.08s 
 99.900%   42.57s 
 99.990%   49.84s 
 99.999%    0.93m 
100.000%    1.04m 

  Detailed Percentile spectrum:
       Value   Percentile   TotalCount 1/(1-Percentile)

       0.093     0.000000            1         1.00
     750.079     0.100000       356605         1.11
    2895.871     0.200000       713475         1.25
    5148.671     0.300000      1070140         1.43
    7499.775     0.400000      1426780         1.67
    9953.279     0.500000      1783445         2.00
   11231.231     0.550000      1961279         2.22
   12558.335     0.600000      2139538         2.50
   13934.591     0.650000      2317948         2.86
   15392.767     0.700000      2496305         3.33
   16957.439     0.750000      2674372         4.00
   17809.407     0.775000      2764342         4.44
   18710.527     0.800000      2854036         5.00
   19660.799     0.825000      2942358         5.71
   20709.375     0.850000      3031143         6.67
   21872.639     0.875000      3120569         8.00
   22527.999     0.887500      3165747         8.89
   23216.127     0.900000      3209695        10.00
   23969.791     0.912500      3254194        11.43
   24805.375     0.925000      3298418        13.33
   25772.031     0.937500      3343272        16.00
   26312.703     0.943750      3365725        17.78
   26902.527     0.950000      3387854        20.00
   27557.887     0.956250      3410261        22.86
   28295.167     0.962500      3432334        26.67
   29147.135     0.968750      3454507        32.00
   29622.271     0.971875      3465600        35.56
   30162.943     0.975000      3476888        40.00
   30752.767     0.978125      3488008        45.71
   31424.511     0.981250      3499062        53.33
   32194.559     0.984375      3510118        64.00
   32636.927     0.985938      3515732        71.11
   33128.447     0.987500      3521278        80.00
   33718.271     0.989062      3527070        91.43
   34340.863     0.990625      3532477       106.67
   35061.759     0.992188      3537990       128.00
   35487.743     0.992969      3540869       142.22
   35946.495     0.993750      3543602       160.00
   36470.783     0.994531      3546329       182.86
   37093.375     0.995313      3549229       213.33
   37748.735     0.996094      3551927       256.00
   38141.951     0.996484      3553362       284.44
   38567.935     0.996875      3554732       320.00
   39059.455     0.997266      3556085       365.71
   39649.279     0.997656      3557496       426.67
   40304.639     0.998047      3558902       512.00
   40665.087     0.998242      3559574       568.89
   41058.303     0.998437      3560285       640.00
   41517.055     0.998633      3560981       731.43
   42074.111     0.998828      3561690       853.33
   42631.167     0.999023      3562371      1024.00
   42991.615     0.999121      3562712      1137.78
   43352.063     0.999219      3563057      1280.00
   43810.815     0.999316      3563394      1462.86
   44335.103     0.999414      3563743      1706.67
   44924.927     0.999512      3564093      2048.00
   45252.607     0.999561      3564272      2275.56
   45613.055     0.999609      3564447      2560.00
   46006.271     0.999658      3564609      2925.71
   46465.023     0.999707      3564784      3413.33
   46989.311     0.999756      3564961      4096.00
   47316.991     0.999780      3565043      4551.11
   47677.439     0.999805      3565131      5120.00
   48037.887     0.999829      3565216      5851.43
   48496.639     0.999854      3565304      6826.67
   49151.999     0.999878      3565393      8192.00
   49512.447     0.999890      3565434      9102.22
   49905.663     0.999902      3565477     10240.00
   50233.343     0.999915      3565523     11702.86
   50692.095     0.999927      3565564     13653.33
   51118.079     0.999939      3565608     16384.00
   51478.527     0.999945      3565631     18204.44
   51773.439     0.999951      3565651     20480.00
   52264.959     0.999957      3565673     23405.71
   52690.943     0.999963      3565696     27306.67
   53247.999     0.999969      3565718     32768.00
   53477.375     0.999973      3565730     36408.89
   53706.751     0.999976      3565738     40960.00
   54099.967     0.999979      3565749     46811.43
   54362.111     0.999982      3565760     54613.33
   54755.327     0.999985      3565772     65536.00
   54951.935     0.999986      3565777     72817.78
   55279.615     0.999988      3565782     81920.00
   55476.223     0.999989      3565787     93622.86
   55738.367     0.999991      3565793    109226.67
   56000.511     0.999992      3565798    131072.00
   56131.583     0.999993      3565801    145635.56
   56393.727     0.999994      3565804    163840.00
   56492.031     0.999995      3565806    187245.71
   56786.943     0.999995      3565809    218453.33
   57376.767     0.999996      3565812    262144.00
   57802.751     0.999997      3565813    291271.11
   58064.895     0.999997      3565815    327680.00
   58195.967     0.999997      3565817    374491.43
   58195.967     0.999998      3565817    436906.67
   59211.775     0.999998      3565819    524288.00
   59211.775     0.999998      3565819    582542.22
   59310.079     0.999998      3565820    655360.00
   59998.207     0.999999      3565821    748982.86
   59998.207     0.999999      3565821    873813.33
   60456.959     0.999999      3565822   1048576.00
   60456.959     0.999999      3565822   1165084.44
   60915.711     0.999999      3565823   1310720.00
   60915.711     0.999999      3565823   1497965.71
   60915.711     0.999999      3565823   1747626.67
   61210.623     1.000000      3565824   2097152.00
   61210.623     1.000000      3565824   2330168.89
   61210.623     1.000000      3565824   2621440.00
   61210.623     1.000000      3565824   2995931.43
   61210.623     1.000000      3565824   3495253.33
   62455.807     1.000000      3565825   4194304.00
   62455.807     1.000000      3565825          inf
#[Mean    =    11205.292, StdDeviation   =     8570.838]
#[Max     =    62423.040, Total count    =      3565825]
#[Buckets =           27, SubBuckets     =         2048]
----------------------------------------------------------
  3575313 requests in 60.00m, 668.17MB read
  Socket errors: connect 0, read 92, write 22733, timeout 243820
  Non-2xx or 3xx responses: 3
Requests/sec:    993.14
Transfer/sec:    190.06KB
